0.0
73.8
45.4
254.0
179.0
253.0
108.0
178.0
72.5
131.0
47.5
125.0
121.0
232.0
72.1
146.0
50.7
103.0
10.6
92.6
86.6
147.0
224.0
65.2
162.0
69.2
49.2
41.3
94.0
182.0
78.6
75.2
75.6
200.0
96.9
35.6
65.8
79.7
74.9
99.0
14.5
110.0
13.5
132.0
7.0
136.0
36.8
208.0
60.8
42.3
21.6
72.9
32.9
214.0
113.0
114.0
85.4
41.3
263.0
213.0
217.0
170.0
124.0
246.0
102.0
24.6
201.0
66.4
221.0
226.0
256.0
74.7
72.1
32.1
185.0
99.2
48.7
104.0
41.9
86.7
121.0
99.2
29.8
8.4
126.0
170.0
122.0
186.0
20.4
115.0
256.0
161.0
93.1
41.5
72.8
59.8
87.6
109.0
230.0
29.3
62.3
63.5
52.1
125.0
83.3
178.0
98.0
215.0
96.2
170.0
207.0
247.0
184.0
96.9
88.7
197.0
17.0
85.1
161.0
272.0
9.6
8.1
142.0
90.6
108.0
202.0
91.3
220.0
215.0
18.3
232.0
9.6
118.0
131.0
57.0
172.0
77.9
83.7
131.0
91.1
29.8
202.0
81.9
25.7
29.9
104.0
256.0
82.2
229.0
112.0
236.0
103.0
177.0
60.7
193.0
59.2
83.5
178.0
84.8
159.0
107.0
51.8
60.7
44.4
88.5
28.1
60.4
60.1
77.4
22.5
78.4
64.5
74.5
45.4
43.7
57.3
50.1
77.0
101.0
80.2
27.1
217.0
68.0
76.7
96.1
50.1
79.3
21.7
240.0
143.0
178.0
244.0
191.0
268.0
55.5
134.0
49.3
39.0
266.0
70.2
136.0
236.0
158.0
93.1
94.3
46.1
49.1
244.0
79.0
64.6
127.0
63.1
194.0
84.8
96.4
175.0
41.7
15.5
34.0
107.0
129.0
155.0
117.0
216.0
110.0
147.0
115.0
71.5
173.0
14.2
109.0
233.0
146.0
139.0
247.0
230.0
57.8
38.2
23.1
125.0
159.0
20.3
11.8
24.9
56.9
51.1
43.8
246.0
48.6
4.4
104.0
227.0
87.3
151.0
196.0
126.0
74.4
99.6
226.0
66.8
51.7
242.0
23.6
78.7
23.0
257.0
196.0
50.9
96.5
89.5
169.0
53.8
40.4
172.0
190.0
72.2
128.0
191.0
117.0
173.0
111.0
237.0
51.1
16.2
73.8
123.0
63.3
213.0
104.0
54.0
60.6
36.7
131.0
72.5
106.0
212.0
71.6
110.0
144.0
96.4
235.0
89.7
84.7
57.5
138.0
41.3
52.3
159.0
50.9
137.0
162.0
229.0
46.0
58.1
118.0
48.6
138.0
167.0
79.8
108.0
13.3
141.0
102.0
174.0
241.0
116.0
80.9
183.0
92.1
201.0
117.0
52.9
75.0
37.6
13.8
207.0
3.6
157.0
207.0
296.0
60.8
139.0
48.4
241.0
43.9
53.3
102.0
218.0
49.9
94.2
