73.2
0.0
118.0
179.0
143.0
217.0
75.9
112.0
46.5
197.0
26.7
52.7
49.1
145.0
51.3
73.3
81.7
61.5
63.4
20.3
153.0
74.9
189.0
15.6
114.0
64.5
26.7
94.6
29.2
109.0
60.5
20.7
72.9
164.0
23.2
47.9
131.0
7.4
59.4
34.2
61.1
177.0
81.0
96.5
68.5
84.3
41.3
136.0
30.1
31.9
54.7
11.0
110.0
141.0
75.2
181.0
26.1
53.6
180.0
177.0
145.0
135.0
190.0
174.0
30.4
84.5
129.0
9.0
135.0
158.0
185.0
56.6
125.0
45.9
113.0
166.0
102.0
80.8
41.4
35.5
81.7
32.1
96.4
81.7
78.6
134.0
189.0
150.0
75.3
181.0
220.0
88.9
75.0
37.5
126.0
113.0
153.0
37.0
158.0
66.1
26.9
67.8
105.0
53.1
60.6
106.0
79.9
153.0
53.7
123.0
171.0
211.0
111.0
24.6
64.0
118.0
90.6
67.0
125.0
237.0
80.3
82.5
90.2
18.2
175.0
126.0
59.4
147.0
143.0
74.2
182.0
62.8
53.5
95.6
65.3
136.0
58.4
50.4
58.4
17.5
82.6
166.0
72.4
99.0
96.1
30.1
189.0
50.2
194.0
65.8
200.0
30.6
105.0
19.3
121.0
14.9
11.1
143.0
31.8
123.0
34.3
54.0
42.6
45.9
70.4
72.0
62.1
126.0
36.3
89.7
145.0
130.0
6.9
51.7
31.0
64.4
42.5
61.9
69.5
48.9
95.5
182.0
49.9
57.2
62.7
68.3
72.3
59.0
167.0
108.0
106.0
208.0
155.0
233.0
59.8
201.0
29.8
35.3
194.0
124.0
79.4
200.0
85.9
86.6
80.6
33.4
74.8
172.0
47.0
83.8
79.3
45.0
124.0
37.1
60.6
102.0
91.0
81.6
47.7
172.0
69.8
82.2
183.0
180.0
71.0
111.0
61.1
53.5
101.0
89.9
32.1
177.0
73.6
66.7
212.0
157.0
78.4
105.0
108.0
52.2
225.0
61.7
60.6
84.7
38.8
107.0
56.2
211.0
114.0
75.8
85.6
155.0
77.8
78.2
160.0
60.1
56.3
80.1
190.0
134.0
50.7
166.0
89.7
109.0
59.0
222.0
123.0
34.6
24.1
45.0
96.6
107.0
31.6
137.0
154.0
45.0
84.7
156.0
73.6
138.0
39.1
201.0
38.1
58.1
9.0
86.8
13.6
114.0
68.1
56.0
114.0
90.0
58.9
36.2
171.0
176.0
62.1
37.4
210.0
43.4
199.0
53.9
67.2
39.4
102.0
61.6
24.3
98.8
116.0
102.0
89.5
194.0
27.9
19.6
79.0
33.3
205.0
94.8
61.7
48.5
76.7
88.5
70.4
138.0
205.0
181.0
44.4
147.0
19.2
165.0
45.1
26.2
128.0
44.0
66.6
121.0
76.2
122.0
135.0
180.0
37.2
66.3
32.1
173.0
56.2
31.9
52.9
183.0
77.7
161.0
