45.4
118.0
0.0
274.0
198.0
272.0
161.0
197.0
125.0
105.0
110.0
154.0
151.0
251.0
93.9
175.0
54.8
123.0
58.6
136.0
70.7
161.0
244.0
109.0
181.0
73.4
110.0
32.2
111.0
211.0
132.0
119.0
79.7
220.0
114.0
88.5
39.8
122.0
128.0
116.0
74.1
94.3
32.0
152.0
53.9
156.0
96.3
264.0
113.0
95.2
66.3
117.0
27.9
270.0
133.0
98.5
130.0
94.2
282.0
232.0
236.0
190.0
98.5
302.0
118.0
82.9
257.0
111.0
240.0
245.0
275.0
128.0
20.1
76.3
238.0
83.3
39.6
105.0
86.1
133.0
122.0
143.0
58.7
37.1
145.0
189.0
106.0
206.0
52.0
89.4
276.0
190.0
146.0
94.4
12.0
32.5
61.6
139.0
286.0
57.7
107.0
67.7
15.9
155.0
136.0
207.0
151.0
234.0
102.0
189.0
227.0
267.0
213.0
140.0
142.0
216.0
38.8
138.0
180.0
292.0
51.9
46.1
166.0
124.0
92.2
221.0
144.0
276.0
271.0
87.2
252.0
62.6
134.0
151.0
85.9
191.0
82.0
87.4
153.0
108.0
95.6
221.0
135.0
51.0
15.9
121.0
275.0
135.0
249.0
131.0
256.0
131.0
207.0
105.0
222.0
103.0
127.0
198.0
129.0
178.0
136.0
105.0
114.0
97.3
141.0
52.9
113.0
18.3
104.0
61.9
62.4
15.6
119.0
75.9
96.6
74.1
103.0
81.1
154.0
133.0
22.1
237.0
121.0
80.8
113.0
74.3
88.5
72.0
296.0
163.0
207.0
263.0
211.0
288.0
108.0
118.0
93.6
83.2
285.0
12.7
157.0
256.0
187.0
146.0
147.0
90.3
67.4
281.0
132.0
68.7
146.0
116.0
213.0
105.0
101.0
204.0
45.8
72.3
78.2
80.7
153.0
184.0
101.0
235.0
129.0
166.0
139.0
124.0
195.0
50.7
148.0
252.0
175.0
168.0
267.0
249.0
62.0
40.6
38.6
139.0
143.0
74.7
63.1
35.5
110.0
46.2
96.7
266.0
7.0
49.6
157.0
283.0
140.0
180.0
215.0
143.0
127.0
153.0
245.0
48.8
105.0
261.0
77.6
52.1
65.2
277.0
252.0
84.0
140.0
110.0
198.0
42.0
93.3
192.0
210.0
100.0
148.0
211.0
136.0
193.0
128.0
256.0
104.0
59.9
120.0
142.0
108.0
232.0
111.0
107.0
39.9
31.7
160.0
125.0
79.8
231.0
125.0
153.0
128.0
141.0
255.0
93.8
95.9
110.0
158.0
68.8
96.5
178.0
20.4
157.0
191.0
249.0
98.9
102.0
118.0
92.8
122.0
196.0
133.0
124.0
46.8
160.0
155.0
193.0
260.0
89.6
102.0
202.0
135.0
221.0
147.0
97.1
39.3
81.8
79.6
227.0
43.1
177.0
226.0
315.0
114.0
168.0
101.0
261.0
96.8
106.0
122.0
238.0
60.5
78.3
