255.0
181.0
273.0
0.0
98.3
55.9
241.0
70.5
211.0
358.0
207.0
142.0
154.0
39.4
195.0
112.0
232.0
158.0
246.0
169.0
324.0
130.0
41.2
196.0
82.4
205.0
207.0
257.0
191.0
80.0
245.0
201.0
196.0
64.5
169.0
229.0
293.0
180.0
224.0
174.0
243.0
347.0
253.0
126.0
251.0
113.0
223.0
45.4
210.0
224.0
237.0
191.0
272.0
37.1
150.0
351.0
191.0
235.0
8.7
54.6
46.1
90.4
351.0
12.6
170.0
267.0
56.9
189.0
50.2
32.1
23.7
241.0
270.0
228.0
63.2
336.0
249.0
182.0
214.0
200.0
163.0
187.0
279.0
261.0
118.0
102.0
359.0
65.2
238.0
342.0
66.2
92.5
259.0
235.0
270.0
247.0
314.0
150.0
20.1
228.0
197.0
208.0
268.0
130.0
225.0
81.0
264.0
39.4
172.0
77.6
78.5
57.2
68.8
175.0
229.0
63.8
263.0
251.0
111.0
31.0
262.0
265.0
108.0
169.0
345.0
65.5
224.0
31.4
49.9
256.0
29.3
245.0
154.0
134.0
205.0
79.1
189.0
191.0
134.0
194.0
265.0
58.8
240.0
281.0
258.0
164.0
16.7
215.0
42.0
167.0
35.5
152.0
72.5
200.0
68.7
195.0
174.0
97.9
197.0
102.0
160.0
238.0
227.0
238.0
255.0
227.0
246.0
287.0
194.0
272.0
315.0
277.0
185.0
213.0
211.0
205.0
227.0
193.0
234.0
214.0
257.0
44.0
224.0
197.0
166.0
208.0
191.0
241.0
21.5
120.0
73.7
58.6
64.3
78.6
249.0
371.0
205.0
217.0
27.0
269.0
114.0
70.9
91.6
251.0
245.0
216.0
215.0
9.4
212.0
220.0
115.0
222.0
60.4
184.0
177.0
87.6
231.0
264.0
230.0
334.0
123.0
101.0
353.0
58.4
165.0
113.0
152.0
238.0
81.2
272.0
182.0
30.6
118.0
119.0
24.7
24.6
219.0
280.0
269.0
150.0
396.0
244.0
243.0
241.0
223.0
235.0
237.0
40.6
275.0
258.0
270.0
34.3
236.0
122.0
64.8
148.0
241.0
245.0
69.0
302.0
245.0
12.6
272.0
228.0
236.0
67.3
58.3
208.0
164.0
176.0
81.8
250.0
225.0
75.4
71.2
190.0
145.0
85.0
123.0
92.4
165.0
46.8
222.0
240.0
184.0
140.0
191.0
64.2
171.0
248.0
241.0
244.0
124.0
201.0
333.0
73.2
229.0
165.0
380.0
208.0
50.1
182.0
185.0
224.0
129.0
232.0
216.0
97.7
278.0
126.0
99.6
37.1
218.0
207.0
173.0
208.0
375.0
94.5
246.0
162.0
256.0
108.0
235.0
89.8
42.6
342.0
179.0
75.8
184.0
61.3
137.0
216.0
265.0
226.0
249.0
61.6
258.0
110.0
47.9
17.2
218.0
135.0
212.0
19.7
238.0
216.0
166.0
37.1
218.0
331.0
