179.0
142.0
196.0
97.8
0.0
98.6
201.0
46.6
171.0
281.0
152.0
109.0
145.0
75.2
119.0
77.4
156.0
81.7
169.0
137.0
247.0
73.4
58.0
152.0
36.2
128.0
152.0
181.0
114.0
79.2
186.0
162.0
120.0
33.9
123.0
153.0
216.0
131.0
191.0
111.0
167.0
270.0
176.0
49.1
174.0
59.3
147.0
88.2
156.0
148.0
160.0
151.0
195.0
93.7
73.3
275.0
151.0
158.0
99.3
46.6
60.0
13.2
275.0
126.0
115.0
190.0
80.9
153.0
64.3
68.9
96.4
182.0
193.0
152.0
62.0
260.0
172.0
105.0
137.0
160.0
85.9
157.0
202.0
184.0
77.9
11.8
282.0
29.6
161.0
266.0
102.0
91.8
200.0
158.0
194.0
170.0
238.0
133.0
110.0
151.0
120.0
131.0
192.0
96.7
185.0
80.3
205.0
58.3
95.6
29.9
33.9
92.9
68.1
143.0
189.0
39.9
186.0
192.0
20.8
118.0
186.0
188.0
61.0
133.0
268.0
45.2
184.0
99.6
95.2
180.0
69.9
168.0
103.0
57.8
129.0
19.1
113.0
114.0
84.8
117.0
188.0
35.3
198.0
205.0
181.0
126.0
101.0
175.0
75.0
90.3
82.0
126.0
57.6
148.0
81.0
146.0
136.0
7.4
157.0
21.8
132.0
169.0
168.0
161.0
196.0
151.0
178.0
210.0
117.0
195.0
239.0
201.0
134.0
136.0
161.0
128.0
168.0
116.0
194.0
174.0
180.0
54.7
175.0
121.0
89.3
132.0
115.0
165.0
120.0
43.5
65.7
60.9
26.1
114.0
173.0
294.0
128.0
141.0
111.0
192.0
64.3
62.9
62.7
209.0
205.0
139.0
138.0
104.0
172.0
143.0
61.5
170.0
37.1
107.0
100.0
86.9
154.0
187.0
153.0
257.0
73.3
73.8
277.0
49.4
88.4
36.7
92.8
179.0
47.7
196.0
150.0
67.7
77.4
85.2
93.3
73.3
142.0
203.0
192.0
117.0
319.0
167.0
166.0
164.0
164.0
158.0
161.0
92.1
199.0
181.0
211.0
107.0
203.0
87.8
29.4
98.2
182.0
205.0
52.6
225.0
169.0
85.2
195.0
152.0
159.0
103.0
75.6
131.0
132.0
99.9
63.2
174.0
149.0
25.8
31.2
114.0
68.8
14.5
80.3
6.2
112.0
82.5
164.0
164.0
129.0
63.3
128.0
56.2
94.6
171.0
165.0
167.0
90.3
161.0
256.0
38.8
188.0
141.0
304.0
168.0
80.9
105.0
109.0
165.0
52.3
156.0
139.0
48.9
201.0
49.4
98.9
63.0
141.0
130.0
96.4
132.0
298.0
79.5
187.0
103.0
179.0
54.6
195.0
7.7
86.5
266.0
103.0
16.4
144.0
41.7
127.0
140.0
188.0
150.0
172.0
50.5
182.0
19.4
49.9
141.0
163.0
102.0
158.0
84.7
161.0
157.0
89.9
53.3
141.0
255.0
