253.0
216.0
271.0
55.9
100.0
0.0
275.0
114.0
245.0
356.0
227.0
189.0
219.0
81.6
193.0
158.0
230.0
156.0
243.0
211.0
321.0
148.0
38.4
226.0
115.0
202.0
227.0
255.0
188.0
147.0
260.0
236.0
194.0
47.8
197.0
227.0
290.0
206.0
265.0
185.0
241.0
345.0
250.0
123.0
248.0
133.0
221.0
87.7
230.0
222.0
234.0
225.0
269.0
81.9
147.0
349.0
225.0
232.0
47.6
48.8
76.9
92.3
349.0
68.3
189.0
264.0
149.0
228.0
132.0
66.4
39.1
256.0
267.0
226.0
130.0
334.0
246.0
180.0
211.0
234.0
160.0
231.0
276.0
258.0
152.0
104.0
357.0
90.7
235.0
340.0
8.9
159.0
275.0
233.0
268.0
244.0
312.0
207.0
75.8
226.0
195.0
205.0
266.0
177.0
260.0
148.0
279.0
76.9
170.0
101.0
54.6
7.2
136.0
218.0
263.0
108.0
261.0
267.0
113.0
42.9
260.0
262.0
135.0
208.0
343.0
113.0
258.0
76.2
94.7
254.0
43.1
243.0
177.0
132.0
203.0
89.5
187.0
188.0
159.0
191.0
262.0
59.3
272.0
279.0
255.0
200.0
39.6
249.0
21.2
165.0
24.6
200.0
125.0
222.0
149.0
220.0
211.0
99.8
231.0
99.2
206.0
243.0
242.0
236.0
270.0
225.0
252.0
285.0
191.0
269.0
313.0
275.0
208.0
210.0
235.0
202.0
242.0
191.0
268.0
248.0
254.0
46.3
249.0
195.0
163.0
206.0
189.0
239.0
77.1
118.0
133.0
20.8
84.5
25.7
247.0
369.0
203.0
215.0
54.8
267.0
138.0
25.6
143.0
283.0
280.0
213.0
212.0
74.6
246.0
217.0
136.0
245.0
105.0
182.0
175.0
155.0
229.0
261.0
227.0
331.0
147.0
168.0
351.0
32.3
163.0
111.0
167.0
253.0
128.0
270.0
224.0
50.3
152.0
162.0
31.6
69.4
216.0
277.0
266.0
191.0
393.0
241.0
240.0
238.0
238.0
232.0
235.0
18.7
273.0
256.0
285.0
88.9
277.0
168.0
54.7
172.0
256.0
279.0
30.8
299.0
243.0
57.4
269.0
226.0
233.0
16.5
143.0
205.0
206.0
174.0
131.0
248.0
223.0
97.4
83.6
188.0
143.0
84.8
154.0
94.3
186.0
15.9
238.0
238.0
203.0
137.0
202.0
124.0
169.0
245.0
239.0
241.0
170.0
235.0
330.0
44.7
262.0
215.0
378.0
242.0
26.0
179.0
183.0
239.0
126.0
230.0
213.0
123.0
275.0
124.0
166.0
43.4
215.0
204.0
171.0
206.0
372.0
147.0
261.0
177.0
253.0
129.0
269.0
88.7
13.3
340.0
177.0
76.1
218.0
74.1
201.0
214.0
262.0
224.0
246.0
118.0
256.0
107.0
85.3
66.2
237.0
182.0
232.0
50.5
235.0
232.0
164.0
67.9
215.0
329.0
