108.0
76.3
162.0
237.0
201.0
275.0
0.0
170.0
35.7
233.0
70.4
111.0
97.1
203.0
109.0
131.0
136.0
119.0
107.0
73.9
186.0
133.0
246.0
66.1
172.0
122.0
81.5
139.0
86.8
167.0
53.4
58.3
131.0
222.0
80.8
75.2
167.0
75.0
27.4
91.9
93.9
210.0
125.0
154.0
113.0
142.0
70.0
194.0
62.1
72.7
106.0
61.8
151.0
199.0
133.0
214.0
53.3
58.7
238.0
235.0
203.0
192.0
226.0
232.0
88.0
117.0
187.0
69.9
193.0
216.0
243.0
38.0
169.0
100.0
171.0
199.0
146.0
138.0
95.5
43.3
139.0
66.7
129.0
126.0
136.0
192.0
221.0
208.0
119.0
217.0
278.0
147.0
40.2
55.8
170.0
157.0
189.0
95.1
216.0
120.0
96.7
125.0
149.0
111.0
22.1
164.0
72.7
212.0
111.0
191.0
229.0
269.0
169.0
74.4
20.3
176.0
135.0
36.8
183.0
294.0
113.0
115.0
148.0
76.3
207.0
184.0
17.6
205.0
201.0
107.0
240.0
102.0
112.0
153.0
123.0
194.0
116.0
108.0
116.0
85.5
115.0
224.0
31.6
132.0
140.0
87.8
247.0
30.5
251.0
123.0
258.0
88.6
163.0
69.0
179.0
76.3
66.6
200.0
51.9
181.0
92.4
50.3
48.1
54.7
63.3
126.0
54.9
170.0
93.9
122.0
178.0
174.0
79.8
106.0
66.2
122.0
52.5
120.0
8.0
30.2
139.0
239.0
34.5
115.0
120.0
110.0
130.0
88.7
225.0
165.0
164.0
266.0
213.0
290.0
58.4
234.0
98.9
89.4
252.0
167.0
137.0
258.0
144.0
14.3
8.3
87.5
123.0
230.0
29.9
140.0
140.0
42.1
182.0
94.8
118.0
160.0
135.0
114.0
102.0
208.0
128.0
140.0
216.0
238.0
129.0
169.0
122.0
46.3
159.0
123.0
76.2
235.0
132.0
125.0
269.0
215.0
136.0
138.0
141.0
110.0
258.0
89.0
101.0
129.0
51.1
148.0
56.6
268.0
158.0
109.0
78.4
213.0
22.7
136.0
218.0
118.0
49.2
7.2
248.0
166.0
49.5
224.0
122.0
163.0
113.0
279.0
181.0
102.0
82.2
103.0
155.0
151.0
71.0
194.0
212.0
103.0
142.0
213.0
131.0
195.0
97.2
259.0
56.1
107.0
79.3
144.0
86.5
172.0
126.0
52.3
158.0
134.0
117.0
44.7
207.0
234.0
28.8
87.2
243.0
64.0
257.0
112.0
125.0
49.6
160.0
116.0
78.4
157.0
160.0
159.0
148.0
251.0
82.7
85.5
137.0
87.4
237.0
153.0
36.1
107.0
121.0
146.0
12.6
196.0
263.0
217.0
102.0
205.0
59.3
223.0
103.0
80.3
172.0
98.0
99.3
179.0
111.0
179.0
193.0
238.0
51.1
124.0
62.4
231.0
63.8
60.2
111.0
240.0
135.0
194.0
