176.0
111.0
193.0
70.4
47.1
114.0
170.0
0.0
141.0
278.0
137.0
71.7
83.8
40.0
115.0
40.4
153.0
78.6
166.0
98.2
244.0
55.3
62.5
126.0
15.9
125.0
137.0
178.0
108.0
44.2
175.0
130.0
117.0
61.6
99.1
150.0
213.0
110.0
154.0
104.0
164.0
267.0
173.0
45.1
171.0
46.6
144.0
53.2
139.0
145.0
157.0
121.0
192.0
58.7
70.2
272.0
120.0
155.0
71.9
49.0
32.6
39.3
272.0
91.1
100.0
187.0
45.8
119.0
29.0
41.5
69.0
171.0
190.0
148.0
26.8
256.0
169.0
102.0
134.0
130.0
82.9
116.0
199.0
181.0
51.8
51.2
279.0
21.7
158.0
263.0
118.0
34.9
189.0
155.0
191.0
167.0
235.0
79.3
74.9
148.0
117.0
128.0
188.0
59.7
155.0
33.0
194.0
30.9
92.5
14.3
68.4
108.0
33.1
105.0
158.0
6.7
183.0
181.0
44.5
95.0
183.0
185.0
41.5
98.5
265.0
18.1
154.0
64.5
60.1
177.0
62.7
165.0
73.1
53.8
126.0
23.8
110.0
111.0
64.1
106.0
185.0
37.7
169.0
202.0
178.0
94.0
78.7
145.0
90.7
64.6
97.6
81.7
9.7
129.0
45.9
125.0
104.0
46.8
126.0
28.3
89.2
168.0
157.0
160.0
184.0
147.0
176.0
207.0
114.0
192.0
236.0
198.0
114.0
133.0
141.0
125.0
157.0
113.0
164.0
143.0
177.0
53.8
153.0
118.0
86.2
129.0
112.0
162.0
84.4
39.0
19.5
105.0
43.6
130.0
170.0
291.0
125.0
138.0
90.9
189.0
47.3
97.4
25.8
181.0
175.0
136.0
135.0
77.0
141.0
140.0
48.8
152.0
12.5
104.0
97.4
39.1
151.0
184.0
150.0
254.0
55.9
36.9
274.0
77.1
85.3
32.4
68.4
167.0
10.7
192.0
112.0
55.5
43.6
48.2
76.6
45.9
139.0
200.0
189.0
79.8
316.0
164.0
163.0
161.0
153.0
155.0
158.0
108.0
196.0
178.0
200.0
72.0
166.0
50.9
57.1
65.9
170.0
174.0
87.1
222.0
165.0
57.8
192.0
148.0
156.0
119.0
40.5
128.0
93.2
96.8
16.1
170.0
142.0
15.1
25.5
111.0
65.7
52.8
56.9
41.2
94.6
98.1
152.0
161.0
114.0
60.2
121.0
15.0
91.5
170.0
162.0
164.0
53.4
130.0
253.0
73.3
159.0
94.4
301.0
138.0
96.5
102.0
106.0
153.0
48.3
153.0
136.0
31.1
198.0
43.9
49.3
67.6
138.0
127.0
93.4
128.0
295.0
33.4
176.0
91.3
176.0
41.9
165.0
38.6
102.0
263.0
99.4
44.1
114.0
26.2
67.0
137.0
185.0
146.0
169.0
21.8
179.0
35.0
22.6
97.2
148.0
65.0
142.0
57.3
158.0
146.0
86.8
44.1
138.0
251.0
