72.7
47.6
126.0
208.0
172.0
246.0
35.4
141.0
0.0
198.0
35.3
82.1
68.4
174.0
72.7
103.0
102.0
90.5
72.2
45.2
151.0
104.0
218.0
35.0
143.0
93.5
47.7
103.0
58.2
139.0
28.5
17.2
102.0
193.0
52.1
39.3
132.0
46.4
14.4
63.2
58.7
174.0
89.9
126.0
77.4
113.0
44.8
165.0
28.3
37.5
70.7
33.1
116.0
171.0
104.0
179.0
24.6
41.0
210.0
206.0
174.0
164.0
191.0
203.0
59.3
82.1
158.0
43.5
164.0
188.0
214.0
22.5
134.0
66.2
142.0
163.0
111.0
110.0
61.7
21.8
111.0
38.1
94.0
90.5
108.0
163.0
186.0
179.0
84.1
182.0
249.0
118.0
43.0
36.4
135.0
122.0
154.0
66.4
187.0
86.4
62.9
96.7
114.0
82.5
15.5
135.0
47.9
183.0
82.7
163.0
200.0
240.0
141.0
45.7
15.8
148.0
99.5
33.1
154.0
266.0
77.8
80.0
120.0
47.6
172.0
156.0
18.9
177.0
172.0
71.8
211.0
67.0
82.9
125.0
74.8
165.0
87.4
79.4
87.7
56.8
80.2
195.0
30.0
96.6
105.0
59.1
218.0
9.7
222.0
94.8
229.0
59.9
134.0
35.2
150.0
42.5
37.9
172.0
23.2
152.0
63.7
41.5
21.5
32.8
38.4
92.2
33.4
134.0
65.2
87.3
143.0
139.0
51.1
72.0
31.0
93.4
29.5
90.9
29.0
15.3
104.0
211.0
13.9
86.2
91.7
76.7
101.0
53.5
197.0
136.0
135.0
237.0
184.0
262.0
47.3
198.0
65.1
55.5
224.0
132.0
109.0
229.0
115.0
29.6
40.1
53.7
89.6
201.0
5.0
107.0
111.0
12.9
153.0
66.1
89.6
132.0
101.0
79.1
68.0
173.0
99.2
112.0
181.0
209.0
99.9
140.0
93.5
24.8
130.0
87.5
47.5
206.0
103.0
96.0
241.0
186.0
107.0
102.0
106.0
81.5
223.0
53.9
65.5
93.6
16.3
113.0
40.1
240.0
123.0
73.3
53.6
184.0
26.4
108.0
189.0
89.5
27.7
39.6
219.0
131.0
31.9
195.0
87.2
129.0
79.3
250.0
153.0
68.0
53.5
73.9
126.0
116.0
35.8
165.0
183.0
74.0
114.0
185.0
103.0
167.0
68.5
230.0
25.0
71.5
50.6
116.0
56.9
144.0
97.0
43.5
123.0
98.8
88.3
10.4
172.0
205.0
19.4
58.6
208.0
35.3
228.0
82.9
96.1
26.8
131.0
81.8
44.5
128.0
125.0
131.0
119.0
223.0
48.9
51.6
108.0
53.6
202.0
124.0
27.0
78.4
85.5
117.0
29.9
167.0
234.0
182.0
73.3
176.0
30.6
194.0
74.5
46.5
137.0
64.2
64.1
150.0
76.1
151.0
164.0
209.0
15.9
95.7
27.2
202.0
46.7
26.4
81.9
212.0
90.5
158.0
