137.0
203.0
113.0
365.0
289.0
363.0
239.0
288.0
203.0
0.0
178.0
245.0
242.0
343.0
185.0
266.0
146.0
214.0
144.0
227.0
86.0
252.0
335.0
195.0
272.0
164.0
195.0
136.0
202.0
302.0
210.0
205.0
171.0
311.0
205.0
167.0
73.5
213.0
206.0
207.0
147.0
128.0
124.0
243.0
139.0
247.0
181.0
356.0
198.0
173.0
151.0
202.0
104.0
361.0
224.0
132.0
215.0
172.0
374.0
323.0
327.0
281.0
6.7
394.0
210.0
142.0
348.0
196.0
332.0
336.0
366.0
206.0
123.0
161.0
329.0
117.0
144.0
199.0
171.0
218.0
231.0
228.0
118.0
129.0
236.0
280.0
140.0
297.0
138.0
28.8
367.0
282.0
224.0
172.0
116.0
136.0
52.6
230.0
377.0
149.0
192.0
159.0
120.0
246.0
214.0
299.0
229.0
326.0
194.0
280.0
318.0
358.0
304.0
231.0
220.0
307.0
120.0
216.0
271.0
383.0
131.0
128.0
257.0
215.0
126.0
312.0
222.0
367.0
362.0
144.0
343.0
148.0
225.0
242.0
177.0
282.0
173.0
178.0
244.0
199.0
156.0
312.0
213.0
110.0
115.0
212.0
366.0
213.0
340.0
223.0
347.0
222.0
298.0
190.0
314.0
188.0
218.0
289.0
214.0
270.0
228.0
183.0
192.0
175.0
219.0
144.0
191.0
104.0
195.0
121.0
69.9
108.0
204.0
167.0
175.0
165.0
181.0
172.0
232.0
211.0
111.0
328.0
199.0
172.0
207.0
165.0
175.0
157.0
387.0
254.0
298.0
354.0
302.0
379.0
186.0
78.4
179.0
168.0
376.0
118.0
249.0
347.0
279.0
224.0
225.0
175.0
159.0
372.0
210.0
160.0
237.0
194.0
304.0
197.0
192.0
295.0
137.0
132.0
166.0
31.0
244.0
275.0
134.0
326.0
221.0
257.0
230.0
202.0
286.0
123.0
239.0
343.0
266.0
259.0
358.0
341.0
153.0
105.0
114.0
230.0
177.0
151.0
148.0
127.0
188.0
140.0
175.0
357.0
107.0
139.0
235.0
374.0
218.0
271.0
306.0
234.0
205.0
231.0
336.0
83.2
183.0
352.0
137.0
155.0
156.0
368.0
343.0
175.0
231.0
201.0
289.0
145.0
171.0
283.0
301.0
191.0
239.0
302.0
228.0
284.0
219.0
347.0
182.0
145.0
211.0
233.0
193.0
323.0
205.0
185.0
143.0
125.0
252.0
203.0
26.3
323.0
203.0
244.0
161.0
226.0
346.0
185.0
180.0
188.0
249.0
160.0
182.0
269.0
90.3
248.0
282.0
340.0
177.0
187.0
229.0
178.0
156.0
287.0
211.0
215.0
132.0
251.0
233.0
284.0
351.0
14.9
193.0
293.0
226.0
312.0
238.0
182.0
142.0
167.0
146.0
318.0
135.0
268.0
317.0
406.0
192.0
259.0
179.0
352.0
175.0
184.0
213.0
329.0
152.0
112.0
