46.9
26.9
101.0
204.0
153.0
227.0
71.7
137.0
36.2
172.0
0.0
78.1
74.6
170.0
46.2
98.8
75.5
77.3
46.5
45.7
125.0
100.0
198.0
19.0
136.0
71.9
3.3
77.7
54.7
135.0
42.4
29.0
80.3
174.0
48.6
14.2
106.0
32.8
47.2
59.7
32.9
149.0
64.1
106.0
51.6
110.0
14.3
161.0
11.8
8.5
48.4
26.7
90.1
167.0
87.1
153.0
39.2
15.3
206.0
187.0
191.0
144.0
165.0
199.0
55.8
56.3
154.0
19.5
160.0
200.0
230.0
38.4
108.0
39.7
138.0
138.0
85.1
91.2
35.2
42.3
94.7
52.9
68.2
64.7
99.6
144.0
161.0
160.0
58.3
156.0
230.0
114.0
56.9
10.6
109.0
96.1
128.0
62.5
183.0
59.9
36.4
75.2
88.4
78.6
55.6
131.0
61.7
189.0
70.3
144.0
181.0
221.0
137.0
50.0
61.1
171.0
73.7
48.9
135.0
246.0
52.0
54.2
116.0
43.7
147.0
176.0
55.1
173.0
168.0
46.0
207.0
41.2
79.0
105.0
48.3
146.0
65.8
57.8
83.8
53.3
54.4
176.0
54.2
70.8
79.2
55.6
230.0
45.9
203.0
86.0
210.0
56.0
130.0
10.4
146.0
15.4
36.6
152.0
38.6
133.0
59.8
35.9
24.5
8.8
52.2
65.8
43.9
109.0
51.5
61.5
117.0
113.0
27.6
45.5
4.9
55.9
12.2
69.3
65.2
44.0
78.5
191.0
31.7
64.6
70.2
50.2
79.7
27.7
193.0
117.0
131.0
218.0
165.0
243.0
27.8
173.0
38.6
29.1
240.0
107.0
105.0
210.0
111.0
65.5
66.7
11.6
63.1
197.0
42.7
80.0
101.0
26.8
168.0
58.9
68.0
128.0
74.6
53.4
41.5
147.0
95.3
108.0
155.0
190.0
84.0
121.0
86.6
35.3
126.0
61.7
62.4
207.0
99.0
92.1
222.0
182.0
73.8
76.6
79.9
77.6
197.0
28.1
39.7
67.8
20.7
93.0
14.3
220.0
97.1
47.6
67.4
180.0
59.6
104.0
170.0
85.6
38.2
71.9
200.0
105.0
17.5
191.0
61.4
103.0
52.8
231.0
149.0
41.5
49.6
63.5
122.0
90.2
7.8
146.0
164.0
46.3
102.0
165.0
91.0
148.0
64.6
211.0
10.6
51.9
34.3
96.6
29.5
140.0
78.5
26.3
97.0
73.1
84.4
36.3
146.0
186.0
44.0
62.8
182.0
50.2
209.0
61.3
74.6
21.2
112.0
55.3
8.7
133.0
99.4
111.0
115.0
203.0
6.4
25.2
92.0
27.1
176.0
120.0
43.5
74.0
59.7
115.0
66.1
148.0
215.0
156.0
55.0
157.0
45.8
175.0
70.6
20.0
111.0
37.7
38.3
146.0
50.3
131.0
181.0
205.0
24.6
91.8
5.5
215.0
20.9
8.4
76.1
192.0
64.0
133.0
