122.0
50.0
150.0
155.0
147.0
221.0
97.4
87.7
68.0
235.0
75.7
12.1
0.0
121.0
68.8
49.5
110.0
65.2
112.0
26.5
202.0
51.1
150.0
62.6
90.3
82.0
75.7
135.0
46.7
74.1
99.0
54.9
96.8
168.0
38.1
91.6
170.0
49.1
80.9
42.5
110.0
226.0
130.0
100.0
118.0
68.1
90.2
112.0
63.8
80.9
104.0
45.5
149.0
118.0
78.9
230.0
47.6
92.6
157.0
137.0
121.0
138.0
229.0
150.0
39.0
133.0
105.0
58.0
111.0
134.0
161.0
95.1
166.0
94.9
89.0
215.0
126.0
84.4
90.4
49.8
85.3
30.3
145.0
131.0
63.5
138.0
238.0
109.0
115.0
220.0
224.0
65.1
114.0
88.0
171.0
147.0
192.0
12.2
134.0
105.0
71.6
85.3
146.0
23.2
82.0
82.2
118.0
130.0
72.8
98.9
175.0
215.0
87.6
22.7
85.4
94.4
140.0
106.0
129.0
179.0
129.0
131.0
66.4
37.5
224.0
102.0
80.8
124.0
119.0
123.0
158.0
112.0
48.0
99.2
82.8
110.0
75.9
67.9
34.7
45.1
132.0
125.0
96.4
148.0
135.0
33.0
165.0
71.7
197.0
69.4
204.0
20.4
81.2
68.2
85.9
63.8
42.9
146.0
53.3
127.0
13.6
92.5
81.1
84.4
109.0
104.0
101.0
164.0
53.8
139.0
194.0
169.0
53.5
90.2
82.6
81.9
81.0
79.4
91.0
70.3
134.0
142.0
80.6
74.7
66.4
85.8
91.7
108.0
143.0
111.0
81.7
212.0
159.0
236.0
98.4
250.0
83.0
84.3
171.0
169.0
64.4
204.0
62.1
108.0
102.0
82.4
92.3
148.0
68.5
101.0
61.3
78.8
100.0
67.9
77.5
65.3
108.0
131.0
96.7
211.0
51.8
58.4
232.0
184.0
74.6
114.0
49.8
92.0
77.0
139.0
21.0
153.0
49.8
42.9
168.0
133.0
95.9
154.0
146.0
30.9
274.0
111.0
110.0
118.0
80.2
125.0
91.7
214.0
153.0
125.0
124.0
131.0
92.9
38.2
164.0
43.4
94.8
102.0
194.0
179.0
89.2
142.0
139.0
129.0
108.0
225.0
99.5
86.0
25.1
60.3
72.8
151.0
80.6
104.0
113.0
62.5
88.4
159.0
59.7
141.0
33.6
205.0
76.6
107.0
52.9
90.5
60.1
90.4
71.7
94.5
142.0
121.0
35.2
57.6
210.0
180.0
85.9
9.9
259.0
35.8
203.0
71.4
85.9
77.9
106.0
111.0
73.2
75.0
155.0
79.4
61.6
167.0
76.9
68.6
82.6
82.3
253.0
71.0
100.0
43.1
126.0
74.0
91.9
142.0
209.0
220.0
61.9
151.0
36.2
114.0
23.0
75.2
165.0
92.9
116.0
97.2
125.0
125.0
111.0
156.0
75.2
24.1
73.4
149.0
105.0
70.5
56.6
132.0
95.2
210.0
