125.0
52.8
153.0
143.0
113.0
192.0
112.0
75.6
82.6
238.0
78.5
0.0
12.1
109.0
71.6
37.4
113.0
57.0
115.0
33.5
205.0
39.0
138.0
67.4
78.2
84.8
78.5
138.0
49.5
73.4
116.0
72.2
88.6
139.0
40.9
99.7
173.0
51.9
95.5
45.3
113.0
229.0
133.0
92.0
120.0
64.9
93.0
100.0
81.1
83.7
106.0
62.4
152.0
106.0
70.7
233.0
62.3
105.0
144.0
125.0
109.0
103.0
231.0
138.0
41.8
136.0
92.7
60.8
98.9
122.0
149.0
112.0
168.0
97.7
76.9
218.0
129.0
76.2
93.2
71.6
77.1
42.4
148.0
133.0
56.3
108.0
241.0
97.3
118.0
222.0
195.0
53.0
131.0
89.3
162.0
139.0
195.0
11.7
122.0
108.0
74.4
88.1
148.0
11.1
96.7
70.0
136.0
118.0
64.6
86.8
146.0
186.0
75.5
34.8
100.0
82.3
142.0
123.0
107.0
167.0
132.0
134.0
54.3
40.3
227.0
90.3
95.5
111.0
107.0
126.0
146.0
115.0
35.4
91.0
85.6
98.3
78.7
70.7
22.5
47.9
134.0
113.0
111.0
151.0
138.0
35.8
153.0
86.4
168.0
51.4
175.0
20.0
69.1
71.0
85.0
66.6
45.7
113.0
68.0
97.0
20.2
110.0
98.4
102.0
126.0
107.0
118.0
167.0
56.6
141.0
197.0
172.0
56.3
93.0
82.8
84.7
98.3
85.4
106.0
85.0
137.0
129.0
95.3
77.5
58.2
88.6
83.5
111.0
131.0
84.0
69.6
182.0
119.0
207.0
116.0
253.0
85.8
87.0
158.0
161.0
52.3
175.0
50.0
123.0
117.0
85.2
95.1
136.0
83.1
104.0
58.2
93.5
88.1
59.7
69.4
66.5
111.0
133.0
99.5
214.0
44.6
46.3
235.0
154.0
66.4
78.2
42.9
109.0
64.9
142.0
33.1
141.0
37.7
30.8
156.0
121.0
98.7
157.0
149.0
22.9
277.0
113.0
112.0
121.0
94.9
127.0
108.0
185.0
156.0
128.0
141.0
119.0
108.0
26.1
134.0
36.6
112.0
116.0
165.0
182.0
106.0
130.0
141.0
120.0
111.0
196.0
87.4
88.7
35.0
52.1
60.7
142.0
83.4
91.9
101.0
65.3
80.2
130.0
52.5
108.0
36.4
175.0
93.9
110.0
55.7
82.3
62.9
78.3
63.5
112.0
134.0
124.0
23.0
72.3
213.0
151.0
101.0
22.0
262.0
47.9
174.0
74.2
77.7
95.2
97.9
113.0
76.0
62.9
158.0
67.3
43.3
155.0
79.7
71.4
74.4
85.1
256.0
58.9
117.0
34.9
128.0
61.9
107.0
108.0
180.0
223.0
64.7
121.0
55.4
102.0
10.9
78.0
157.0
95.7
118.0
85.1
128.0
101.0
98.8
144.0
89.9
13.9
83.9
137.0
108.0
87.7
48.4
120.0
98.0
213.0
