233.0
145.0
250.0
39.4
75.7
81.7
204.0
40.2
175.0
336.0
171.0
106.0
118.0
0.0
173.0
75.3
210.0
136.0
223.0
132.0
301.0
93.6
53.3
160.0
54.7
182.0
171.0
235.0
142.0
43.7
209.0
164.0
174.0
56.3
133.0
207.0
270.0
144.0
188.0
138.0
221.0
324.0
230.0
103.0
228.0
85.5
201.0
9.1
173.0
176.0
214.0
155.0
249.0
25.6
127.0
329.0
155.0
212.0
41.2
54.7
19.3
67.8
329.0
49.4
134.0
244.0
24.4
153.0
11.0
16.4
42.9
205.0
247.0
206.0
24.0
314.0
226.0
159.0
191.0
164.0
140.0
150.0
256.0
238.0
90.7
79.8
336.0
37.5
215.0
320.0
93.3
56.2
223.0
213.0
248.0
224.0
292.0
113.0
34.1
205.0
174.0
185.0
246.0
93.8
189.0
44.7
228.0
11.8
150.0
49.9
69.9
84.2
32.6
139.0
192.0
36.1
240.0
215.0
88.7
64.0
240.0
242.0
96.7
133.0
322.0
34.6
188.0
23.3
27.0
234.0
40.4
222.0
117.0
112.0
183.0
56.5
167.0
168.0
98.2
140.0
242.0
43.4
203.0
259.0
235.0
128.0
49.6
179.0
69.1
144.0
62.6
116.0
33.3
163.0
36.2
159.0
138.0
75.3
160.0
79.1
123.0
202.0
191.0
194.0
218.0
205.0
210.0
264.0
171.0
249.0
293.0
255.0
149.0
190.0
175.0
182.0
191.0
170.0
198.0
177.0
234.0
47.6
188.0
175.0
143.0
186.0
169.0
219.0
43.6
97.5
34.4
85.7
48.9
106.0
227.0
348.0
182.0
195.0
59.9
246.0
86.2
98.0
52.4
215.0
209.0
193.0
192.0
46.0
175.0
197.0
87.6
186.0
32.7
162.0
154.0
51.3
209.0
241.0
207.0
311.0
104.0
64.4
331.0
74.7
142.0
90.8
116.0
202.0
48.0
250.0
146.0
35.0
81.9
82.3
50.5
14.9
196.0
257.0
246.0
114.0
373.0
221.0
220.0
218.0
187.0
212.0
215.0
66.4
253.0
235.0
234.0
31.2
200.0
85.9
49.4
112.0
204.0
209.0
90.1
279.0
199.0
26.8
249.0
206.0
213.0
94.4
22.0
185.0
127.0
154.0
42.6
228.0
176.0
47.7
39.9
168.0
123.0
61.2
134.0
69.8
129.0
73.9
186.0
218.0
148.0
117.0
155.0
25.0
149.0
204.0
219.0
221.0
87.5
165.0
310.0
76.9
193.0
128.0
358.0
172.0
77.2
159.0
163.0
187.0
106.0
210.0
168.0
70.0
255.0
103.0
63.3
48.8
195.0
164.0
150.0
186.0
352.0
48.3
210.0
125.0
233.0
80.8
199.0
67.2
68.4
320.0
157.0
52.5
148.0
33.0
101.0
170.0
242.0
204.0
226.0
25.8
236.0
87.2
20.2
56.4
182.0
99.1
176.0
31.2
215.0
180.0
144.0
29.2
195.0
309.0
