72.4
48.9
96.0
196.0
120.0
194.0
108.0
119.0
78.4
181.0
46.0
70.6
67.0
173.0
0.0
91.2
55.4
44.3
62.6
52.6
146.0
76.9
165.0
45.7
103.0
27.6
46.0
80.3
27.1
127.0
79.6
55.8
36.0
141.0
30.0
46.3
116.0
38.4
84.4
32.2
60.3
170.0
75.7
73.4
67.8
77.5
40.5
154.0
49.2
41.4
53.9
58.2
94.5
159.0
54.1
174.0
58.0
51.9
204.0
154.0
158.0
112.0
174.0
192.0
34.8
83.7
147.0
47.0
162.0
167.0
197.0
75.6
111.0
45.1
160.0
159.0
71.6
35.5
19.5
67.4
61.8
64.0
95.6
80.9
66.7
111.0
182.0
127.0
60.6
165.0
197.0
107.0
94.1
52.1
112.0
98.8
137.0
54.9
176.0
51.0
5.4
23.9
91.1
71.0
92.8
124.0
98.9
156.0
24.4
111.0
148.0
188.0
129.0
56.4
95.9
138.0
85.9
86.1
102.0
213.0
79.5
81.7
82.4
40.4
168.0
143.0
91.2
165.0
161.0
73.4
174.0
62.0
50.7
72.4
9.6
113.0
20.9
7.1
69.7
24.3
81.8
143.0
91.4
98.2
80.4
36.9
197.0
82.1
170.0
53.0
177.0
47.0
123.0
41.3
139.0
39.7
43.5
119.0
63.7
100.0
52.8
62.5
61.7
55.0
89.4
50.1
71.1
110.0
13.9
88.9
138.0
114.0
23.5
19.3
54.3
17.5
61.6
24.1
101.0
80.7
79.8
158.0
68.9
17.8
37.2
16.4
34.5
58.2
185.0
84.4
123.0
185.0
132.0
210.0
66.2
194.0
11.7
24.0
207.0
109.0
73.8
177.0
104.0
103.0
104.0
32.6
22.2
202.0
78.9
46.9
67.7
64.0
135.0
21.3
23.1
120.0
54.0
80.8
47.0
156.0
69.1
100.0
176.0
157.0
51.1
87.7
55.7
72.5
116.0
89.2
64.0
174.0
91.5
84.6
189.0
171.0
41.5
104.0
91.8
55.4
219.0
60.9
59.8
63.6
57.9
70.2
54.5
187.0
98.4
75.0
105.0
173.0
96.8
96.1
137.0
59.4
75.4
109.0
167.0
125.0
62.3
183.0
88.9
82.6
34.1
198.0
141.0
10.6
56.4
25.9
114.0
92.8
42.5
113.0
131.0
8.7
69.1
132.0
58.1
115.0
44.1
178.0
57.1
57.3
36.3
63.7
16.7
154.0
45.6
64.7
95.7
66.5
76.9
68.0
156.0
153.0
81.2
69.2
203.0
75.2
176.0
16.4
29.6
58.4
79.3
26.3
32.9
99.9
101.0
78.5
107.0
170.0
34.8
17.9
59.1
18.6
198.0
113.0
80.7
40.7
75.9
81.9
102.0
115.0
182.0
165.0
15.0
124.0
51.1
142.0
63.0
20.4
114.0
27.6
65.8
148.0
75.4
98.4
148.0
237.0
56.3
84.2
51.4
182.0
54.6
51.0
44.1
159.0
40.8
154.0
