146.0
73.5
174.0
108.0
77.8
156.0
133.0
40.4
103.0
259.0
99.2
34.2
46.4
74.5
92.4
0.0
133.0
88.7
136.0
60.8
226.0
26.7
103.0
88.1
42.9
106.0
99.2
158.0
70.3
38.9
137.0
92.9
120.0
104.0
61.7
120.0
194.0
72.7
116.0
66.1
134.0
249.0
154.0
62.4
141.0
52.4
114.0
65.6
102.0
104.0
127.0
83.2
173.0
71.1
68.3
254.0
83.1
126.0
110.0
89.4
74.4
67.5
252.0
104.0
62.6
157.0
58.3
81.6
64.5
87.8
114.0
133.0
189.0
118.0
42.4
238.0
150.0
108.0
114.0
92.4
81.0
78.8
169.0
154.0
52.3
72.7
261.0
62.1
139.0
243.0
160.0
18.5
152.0
110.0
194.0
171.0
215.0
41.9
87.4
129.0
95.2
109.0
169.0
22.3
117.0
35.6
156.0
83.2
96.4
51.6
111.0
151.0
41.1
67.2
121.0
47.1
163.0
144.0
71.6
133.0
153.0
155.0
31.3
61.1
247.0
55.8
116.0
77.0
72.5
147.0
112.0
135.0
45.8
71.4
106.0
63.1
99.5
91.5
26.6
68.6
155.0
78.1
132.0
172.0
158.0
56.6
118.0
107.0
133.0
57.3
140.0
44.3
33.9
91.8
50.5
87.4
66.5
77.4
88.8
61.8
51.8
131.0
119.0
122.0
147.0
128.0
139.0
188.0
77.3
162.0
218.0
192.0
77.0
114.0
104.0
105.0
119.0
103.0
126.0
106.0
158.0
94.2
116.0
98.3
89.9
109.0
115.0
132.0
96.9
66.1
35.2
147.0
84.0
172.0
136.0
273.0
107.0
108.0
124.0
193.0
39.7
140.0
14.7
143.0
138.0
106.0
116.0
101.0
104.0
125.0
45.6
114.0
52.9
91.5
101.0
27.9
132.0
154.0
120.0
234.0
37.2
7.8
256.0
119.0
98.2
59.5
48.8
130.0
29.7
162.0
74.2
106.0
14.7
10.7
122.0
86.3
119.0
177.0
170.0
42.4
298.0
134.0
133.0
142.0
116.0
148.0
129.0
150.0
176.0
148.0
162.0
84.5
128.0
10.5
99.2
40.6
133.0
137.0
129.0
203.0
127.0
95.6
162.0
152.0
132.0
161.0
53.0
110.0
55.7
83.9
25.4
174.0
104.0
56.7
65.9
86.1
76.6
95.0
55.4
72.6
57.2
140.0
115.0
131.0
76.5
67.9
83.7
43.8
95.2
133.0
165.0
145.0
16.0
93.1
234.0
115.0
121.0
56.9
283.0
100.0
139.0
95.0
109.0
116.0
69.3
134.0
96.8
42.6
179.0
51.2
16.2
120.0
100.0
92.2
106.0
106.0
277.0
19.8
138.0
53.8
149.0
49.2
127.0
72.9
144.0
243.0
85.4
86.3
76.1
66.6
29.6
98.7
189.0
116.0
139.0
50.6
149.0
65.7
64.3
110.0
111.0
23.7
105.0
103.0
129.0
109.0
80.1
85.9
119.0
233.0
