60.3
82.8
62.0
233.0
157.0
232.0
135.0
156.0
99.5
147.0
74.3
113.0
110.0
211.0
53.1
134.0
0.0
66.8
50.5
95.4
113.0
104.0
203.0
74.1
140.0
32.6
74.3
27.8
70.0
170.0
108.0
84.1
37.1
179.0
72.8
62.7
81.6
81.3
113.0
75.0
48.2
136.0
41.7
111.0
51.8
115.0
61.0
224.0
77.5
69.3
32.8
81.8
60.6
229.0
77.8
140.0
101.0
68.3
242.0
192.0
195.0
149.0
140.0
262.0
77.7
71.6
216.0
75.3
200.0
204.0
234.0
104.0
72.3
41.0
197.0
125.0
20.2
52.3
39.6
97.4
69.6
108.0
83.5
49.8
89.5
149.0
148.0
165.0
18.4
131.0
235.0
150.0
122.0
68.5
72.7
49.3
103.0
97.8
245.0
16.5
54.0
26.9
57.1
114.0
121.0
167.0
127.0
194.0
61.7
148.0
186.0
226.0
172.0
99.3
127.0
175.0
52.0
114.0
139.0
251.0
67.4
55.8
110.0
83.3
134.0
181.0
118.0
235.0
231.0
61.3
211.0
49.9
82.5
110.0
45.1
151.0
41.2
46.6
101.0
67.1
69.7
180.0
120.0
70.2
46.5
79.8
234.0
109.0
208.0
76.6
215.0
89.9
166.0
69.6
182.0
68.1
86.3
157.0
93.8
138.0
95.7
78.8
90.0
71.4
118.0
15.6
87.5
76.0
62.9
76.8
104.0
80.4
84.1
34.7
70.7
33.4
77.2
40.3
128.0
107.0
45.9
196.0
97.3
40.1
60.4
33.6
35.6
46.1
255.0
122.0
166.0
222.0
170.0
247.0
82.6
160.0
47.8
47.9
244.0
71.5
100.0
215.0
147.0
131.0
132.0
55.0
26.6
240.0
106.0
9.0
94.0
92.4
172.0
64.6
60.3
163.0
9.3
68.7
34.2
123.0
96.4
143.0
142.0
194.0
67.4
125.0
82.0
101.0
154.0
77.1
107.0
211.0
116.0
127.0
226.0
209.0
9.2
68.8
57.8
96.8
185.0
48.8
47.8
29.6
86.2
14.1
70.8
225.0
64.4
62.9
133.0
242.0
125.0
139.0
174.0
91.2
104.0
137.0
204.0
90.6
78.7
221.0
76.8
18.4
24.0
236.0
211.0
42.8
99.3
69.3
157.0
31.4
67.4
151.0
169.0
59.5
107.0
170.0
84.4
152.0
87.0
215.0
78.1
30.5
79.2
101.0
72.2
192.0
58.6
81.1
28.0
19.8
120.0
91.2
122.0
191.0
110.0
112.0
169.0
105.0
214.0
53.0
43.0
86.8
117.0
27.7
61.2
138.0
66.7
116.0
150.0
208.0
65.0
67.0
65.4
57.5
164.0
156.0
109.0
83.5
44.8
120.0
133.0
153.0
219.0
131.0
60.7
161.0
94.0
180.0
106.0
61.8
67.2
38.5
53.7
186.0
52.8
136.0
185.0
274.0
84.6
127.0
75.5
220.0
70.9
79.4
69.3
197.0
15.1
120.0
