103.0
61.4
120.0
158.0
82.2
156.0
120.0
81.1
90.9
205.0
76.3
67.7
64.2
135.0
42.6
88.4
67.0
0.0
93.0
56.4
171.0
39.8
128.0
76.1
65.2
52.0
76.3
105.0
33.6
139.0
110.0
80.4
38.3
104.0
42.5
76.6
140.0
50.9
115.0
30.4
90.7
194.0
100.0
35.8
98.1
29.6
70.8
148.0
79.5
71.7
84.2
70.6
119.0
154.0
14.8
199.0
70.5
82.3
166.0
116.0
120.0
73.9
199.0
186.0
34.1
114.0
141.0
69.5
124.0
129.0
159.0
106.0
112.0
75.5
122.0
183.0
96.1
28.1
60.9
79.8
21.8
76.5
126.0
108.0
27.4
73.3
206.0
89.7
85.0
190.0
160.0
104.0
124.0
82.5
112.0
88.8
162.0
52.1
170.0
75.4
44.4
55.3
116.0
68.2
105.0
121.0
129.0
118.0
19.6
73.0
111.0
151.0
128.0
62.9
108.0
100.0
110.0
116.0
64.2
176.0
110.0
112.0
45.3
52.9
192.0
105.0
104.0
160.0
155.0
104.0
136.0
92.3
22.4
34.8
52.9
75.3
36.6
37.9
41.4
36.5
112.0
105.0
122.0
129.0
105.0
45.2
159.0
94.6
133.0
11.2
140.0
45.7
89.3
71.7
141.0
70.1
55.9
81.8
76.2
62.4
51.6
92.9
92.0
85.3
120.0
74.5
101.0
134.0
38.1
119.0
163.0
119.0
53.8
60.2
84.7
51.9
91.9
35.1
114.0
93.2
104.0
121.0
99.3
44.7
7.7
55.9
33.3
88.6
180.0
46.8
126.0
147.0
94.6
172.0
96.6
218.0
52.3
64.8
169.0
111.0
35.2
139.0
69.3
133.0
125.0
63.0
62.3
165.0
91.4
61.6
28.5
94.4
97.3
27.1
19.1
117.0
78.5
111.0
77.3
181.0
32.0
97.2
201.0
119.0
11.1
50.1
17.5
103.0
78.5
120.0
69.8
136.0
51.6
81.7
151.0
133.0
65.9
127.0
116.0
36.7
243.0
91.3
90.2
88.0
88.2
76.9
84.8
150.0
123.0
105.0
135.0
167.0
127.0
93.3
99.1
24.8
106.0
124.0
129.0
149.0
92.6
145.0
119.0
70.2
82.9
161.0
136.0
55.2
51.4
19.4
87.7
92.2
72.8
75.7
93.7
37.7
24.3
94.9
18.9
77.0
31.9
140.0
87.5
87.7
48.8
26.1
49.4
116.0
9.1
95.1
83.3
91.0
74.0
80.5
180.0
115.0
112.0
60.9
228.0
87.7
139.0
29.0
27.5
88.8
41.7
79.6
63.2
62.3
125.0
40.9
105.0
133.0
65.1
54.1
19.1
55.5
222.0
110.0
111.0
22.4
103.0
33.7
115.0
77.3
144.0
190.0
26.5
86.2
63.6
105.0
46.3
63.8
107.0
73.5
96.2
111.0
106.0
60.8
110.0
199.0
86.6
81.4
81.7
145.0
84.9
81.4
9.4
122.0
65.2
179.0
