10.6
63.6
59.9
244.0
168.0
243.0
106.0
167.0
70.9
139.0
55.2
115.0
111.0
222.0
61.8
135.0
51.2
92.9
0.0
82.4
104.0
137.0
214.0
54.9
151.0
60.9
55.2
36.9
83.7
171.0
77.1
65.0
67.3
190.0
86.6
34.1
73.5
69.4
73.3
88.8
9.9
128.0
23.3
122.0
6.2
126.0
41.8
198.0
58.4
40.7
11.3
62.6
52.5
204.0
103.0
132.0
75.2
39.7
253.0
203.0
206.0
160.0
132.0
236.0
91.4
28.7
191.0
56.2
211.0
215.0
245.0
73.1
67.7
21.8
175.0
117.0
44.3
94.8
31.6
78.2
110.0
88.9
54.9
15.6
115.0
160.0
140.0
176.0
17.6
123.0
246.0
151.0
91.5
39.9
68.4
55.4
95.4
99.1
220.0
35.6
52.1
55.2
47.7
115.0
81.7
168.0
96.4
205.0
85.9
159.0
197.0
237.0
174.0
86.7
87.2
186.0
32.9
83.6
150.0
262.0
17.7
18.4
132.0
80.3
126.0
192.0
89.8
209.0
205.0
20.6
222.0
4.0
107.0
121.0
46.7
162.0
69.5
73.4
120.0
80.9
32.2
191.0
80.3
57.5
38.4
93.5
245.0
80.6
219.0
102.0
226.0
92.7
167.0
50.5
183.0
48.9
73.2
168.0
74.6
149.0
96.4
50.2
59.1
42.8
86.9
25.3
58.9
67.9
67.1
48.2
96.1
72.3
64.3
35.1
42.1
47.0
48.5
68.7
99.9
78.6
37.8
207.0
66.4
68.4
85.8
39.8
78.1
17.5
229.0
133.0
168.0
233.0
181.0
258.0
53.9
152.0
39.1
28.8
255.0
65.8
126.0
226.0
148.0
91.5
92.8
35.8
38.8
234.0
77.4
55.7
116.0
61.5
183.0
74.6
83.7
165.0
37.3
23.1
23.7
114.0
119.0
144.0
134.0
205.0
99.6
136.0
104.0
70.0
163.0
24.5
98.3
222.0
136.0
129.0
237.0
220.0
49.5
63.4
49.7
114.0
177.0
20.2
3.9
27.0
55.4
46.8
42.2
236.0
56.3
11.9
102.0
217.0
85.7
140.0
185.0
116.0
72.9
98.0
215.0
82.5
50.1
232.0
31.2
74.3
13.3
247.0
185.0
40.6
86.2
79.2
159.0
49.4
38.8
162.0
180.0
61.9
118.0
181.0
107.0
163.0
101.0
226.0
49.5
6.8
63.5
112.0
53.0
203.0
94.1
52.4
56.2
32.3
121.0
71.0
114.0
202.0
70.0
99.5
161.0
86.1
225.0
77.0
85.5
55.9
128.0
31.0
42.0
148.0
58.6
127.0
152.0
219.0
44.4
47.8
108.0
38.4
156.0
157.0
78.2
97.3
19.0
131.0
101.0
164.0
230.0
123.0
70.7
172.0
81.8
191.0
107.0
42.6
70.6
27.4
16.6
197.0
13.6
147.0
196.0
285.0
59.3
128.0
46.9
231.0
42.3
51.7
91.8
208.0
39.7
112.0
