92.8
20.6
135.0
166.0
139.0
213.0
74.8
98.7
45.3
220.0
46.3
39.8
26.2
132.0
53.7
60.5
94.7
57.8
83.0
0.0
173.0
62.0
185.0
35.2
101.0
66.9
46.3
120.0
31.6
96.4
79.0
34.8
75.3
161.0
16.6
70.8
155.0
14.7
58.2
25.4
80.7
196.0
115.0
92.8
88.2
71.5
60.9
123.0
43.8
51.5
74.3
25.1
134.0
129.0
71.5
201.0
25.0
72.6
168.0
173.0
132.0
131.0
214.0
161.0
21.9
104.0
116.0
28.7
122.0
145.0
172.0
75.0
150.0
65.6
99.9
185.0
111.0
77.0
61.0
34.3
77.9
18.0
116.0
101.0
65.8
130.0
208.0
147.0
99.9
204.0
217.0
76.0
93.5
68.0
151.0
138.0
177.0
20.4
145.0
90.3
56.4
70.1
130.0
40.3
59.4
93.1
98.3
141.0
56.1
110.0
168.0
208.0
98.6
6.5
62.8
105.0
110.0
85.5
121.0
233.0
99.9
102.0
77.3
7.9
194.0
113.0
58.2
134.0
130.0
93.9
169.0
82.4
40.7
91.8
67.7
132.0
60.8
52.7
45.5
30.2
102.0
162.0
73.8
119.0
120.0
19.8
176.0
49.0
190.0
62.0
197.0
17.7
92.2
38.9
108.0
34.5
8.0
139.0
30.7
119.0
13.4
72.5
61.1
64.4
88.9
89.3
80.5
149.0
38.6
109.0
165.0
154.0
24.1
71.3
62.5
66.8
61.0
64.3
68.3
47.7
119.0
178.0
58.0
59.6
59.0
70.7
84.3
78.6
154.0
104.0
92.7
204.0
152.0
229.0
78.3
220.0
67.9
54.9
182.0
148.0
66.5
197.0
73.0
85.4
79.4
53.0
77.2
159.0
45.8
86.2
66.4
56.1
111.0
39.5
63.0
89.6
93.3
101.0
67.4
196.0
57.0
69.3
203.0
176.0
67.2
107.0
48.2
71.9
87.9
110.0
13.4
164.0
60.7
53.8
208.0
144.0
80.8
125.0
131.0
39.3
245.0
81.3
80.3
103.0
57.6
109.0
71.6
207.0
138.0
95.4
104.0
142.0
70.2
65.4
156.0
47.3
74.8
78.9
186.0
164.0
69.2
153.0
109.0
122.0
78.6
218.0
110.0
70.8
5.6
47.3
83.7
132.0
51.2
115.0
151.0
47.4
81.0
152.0
59.3
134.0
26.3
197.0
56.5
77.7
23.6
83.1
30.8
101.0
64.3
74.5
135.0
106.0
46.1
35.0
195.0
172.0
63.2
17.8
230.0
23.5
196.0
56.3
78.5
57.8
98.7
81.2
43.9
86.0
140.0
78.7
76.7
190.0
47.6
39.3
75.3
53.0
224.0
81.9
80.2
35.7
96.3
73.3
69.2
134.0
201.0
205.0
46.7
143.0
14.6
125.0
32.3
45.8
153.0
63.6
86.2
108.0
95.8
118.0
122.0
167.0
52.5
53.5
53.4
160.0
75.9
50.4
49.2
143.0
80.0
181.0
