87.7
155.0
72.6
325.0
249.0
323.0
186.0
248.0
151.0
79.3
126.0
206.0
202.0
302.0
145.0
227.0
106.0
174.0
103.0
174.0
0.0
211.0
295.0
146.0
232.0
124.0
127.0
96.1
162.0
263.0
157.0
156.0
131.0
271.0
165.0
114.0
34.7
161.0
153.0
167.0
94.5
20.8
83.7
203.0
98.8
207.0
115.0
289.0
139.0
120.0
112.0
154.0
62.1
295.0
183.0
31.8
166.0
119.0
333.0
283.0
287.0
241.0
72.5
327.0
169.0
89.3
282.0
147.0
291.0
296.0
326.0
153.0
83.3
113.0
289.0
11.4
104.0
159.0
123.0
165.0
191.0
180.0
65.1
79.7
196.0
240.0
39.5
257.0
97.4
63.4
327.0
242.0
171.0
120.0
75.8
95.3
33.9
190.0
311.0
109.0
143.0
119.0
80.1
206.0
161.0
259.0
176.0
285.0
153.0
240.0
277.0
317.0
265.0
178.0
167.0
267.0
69.5
163.0
231.0
343.0
78.4
75.0
217.0
175.0
25.5
272.0
169.0
301.0
296.0
91.5
303.0
98.9
185.0
202.0
137.0
242.0
133.0
138.0
204.0
159.0
103.0
272.0
160.0
57.4
74.8
171.0
326.0
160.0
300.0
182.0
307.0
184.0
258.0
142.0
274.0
140.0
164.0
249.0
166.0
229.0
188.0
130.0
139.0
122.0
167.0
104.0
139.0
63.5
155.0
68.3
19.0
67.8
155.0
126.0
122.0
125.0
128.0
132.0
180.0
158.0
74.0
288.0
146.0
132.0
167.0
125.0
134.0
106.0
320.0
214.0
259.0
314.0
262.0
339.0
134.0
52.8
130.0
120.0
336.0
78.1
208.0
306.0
239.0
171.0
172.0
127.0
118.0
331.0
157.0
120.0
197.0
141.0
264.0
156.0
151.0
256.0
96.7
78.7
115.0
54.7
204.0
235.0
34.0
286.0
180.0
217.0
190.0
150.0
245.0
70.2
190.0
303.0
227.0
220.0
318.0
300.0
113.0
52.5
67.2
190.0
76.2
98.4
101.0
86.4
135.0
99.6
122.0
317.0
66.6
85.8
182.0
308.0
165.0
232.0
266.0
194.0
153.0
178.0
296.0
22.6
130.0
312.0
84.0
115.0
116.0
328.0
277.0
132.0
177.0
161.0
250.0
105.0
118.0
243.0
261.0
151.0
198.0
262.0
187.0
244.0
179.0
307.0
129.0
105.0
171.0
193.0
144.0
283.0
165.0
132.0
103.0
85.2
212.0
151.0
53.8
282.0
150.0
191.0
61.0
177.0
306.0
145.0
140.0
136.0
209.0
122.0
133.0
229.0
45.4
208.0
243.0
300.0
124.0
139.0
188.0
130.0
55.2
248.0
158.0
175.0
91.8
211.0
180.0
244.0
311.0
63.6
152.0
253.0
173.0
272.0
198.0
134.0
102.0
119.0
92.7
278.0
80.1
228.0
277.0
366.0
139.0
220.0
127.0
312.0
122.0
131.0
172.0
289.0
111.0
6.3
