146.0
74.3
160.0
128.0
73.3
147.0
134.0
55.1
104.0
245.0
100.0
35.0
47.1
81.8
76.6
26.5
105.0
40.4
137.0
61.5
210.0
0.0
119.0
88.9
40.4
91.5
100.0
144.0
53.0
58.5
138.0
93.7
75.9
94.8
62.4
111.0
180.0
73.4
117.0
48.3
134.0
234.0
140.0
39.4
142.0
25.9
115.0
85.2
103.0
105.0
128.0
83.9
158.0
90.7
41.9
238.0
83.8
116.0
130.0
107.0
87.8
65.1
238.0
123.0
45.6
158.0
77.9
82.3
70.9
96.6
134.0
134.0
149.0
119.0
62.0
223.0
125.0
63.5
94.9
93.1
54.5
79.6
170.0
148.0
25.8
60.1
246.0
80.8
124.0
229.0
151.0
38.1
152.0
111.0
150.0
126.0
201.0
36.8
107.0
115.0
78.4
94.8
155.0
22.4
118.0
55.2
157.0
86.1
47.8
50.9
102.0
142.0
60.7
68.0
122.0
61.8
150.0
144.0
53.4
167.0
154.0
156.0
15.1
61.8
232.0
68.8
117.0
96.5
92.1
148.0
118.0
136.0
27.1
45.0
92.3
62.3
75.8
77.4
11.7
61.7
156.0
96.2
133.0
172.0
144.0
45.3
138.0
108.0
124.0
30.8
131.0
45.1
48.6
92.5
70.1
88.1
67.2
73.0
89.5
53.5
52.6
131.0
120.0
123.0
148.0
114.0
139.0
174.0
63.2
163.0
202.0
157.0
77.8
99.7
104.0
91.4
120.0
72.6
127.0
107.0
144.0
112.0
117.0
84.2
45.5
95.3
70.8
132.0
116.0
45.0
54.8
138.0
85.7
163.0
137.0
258.0
86.4
109.0
144.0
149.0
13.3
131.0
29.5
144.0
138.0
107.0
102.0
121.0
105.0
99.1
19.2
115.0
67.6
52.2
56.6
51.7
118.0
155.0
121.0
220.0
10.8
30.6
240.0
110.0
46.8
39.3
22.4
131.0
44.4
163.0
74.9
111.0
11.8
19.7
142.0
106.0
105.0
167.0
156.0
25.1
283.0
135.0
134.0
127.0
116.0
114.0
119.0
141.0
162.0
149.0
163.0
104.0
129.0
35.8
90.3
19.9
134.0
138.0
120.0
188.0
128.0
115.0
163.0
108.0
122.0
152.0
72.5
89.3
56.5
44.6
40.2
130.0
105.0
56.0
84.8
72.0
50.1
86.0
29.0
68.1
36.4
131.0
115.0
131.0
77.2
41.5
84.4
56.9
50.8
133.0
121.0
130.0
16.0
93.8
219.0
106.0
122.0
57.7
267.0
101.0
130.0
61.7
65.0
117.0
46.4
119.0
97.5
23.9
165.0
28.3
43.1
124.0
101.0
92.9
57.1
89.5
262.0
37.4
139.0
35.4
143.0
22.9
128.0
68.5
135.0
229.0
58.9
77.3
76.9
81.3
25.0
99.5
144.0
117.0
140.0
63.7
149.0
49.7
77.7
129.0
111.0
32.8
105.0
122.0
119.0
109.0
35.1
99.3
105.0
218.0
