244.0
207.0
262.0
41.2
61.5
38.5
266.0
63.7
237.0
347.0
218.0
135.0
147.0
53.3
184.0
104.0
221.0
147.0
234.0
202.0
312.0
139.0
0.0
218.0
76.0
193.0
218.0
246.0
179.0
93.8
251.0
228.0
185.0
25.3
188.0
218.0
281.0
197.0
256.0
176.0
232.0
336.0
242.0
115.0
240.0
125.0
212.0
59.3
221.0
213.0
226.0
217.0
260.0
60.8
139.0
340.0
216.0
224.0
32.9
15.5
43.0
62.4
340.0
53.6
180.0
256.0
74.6
219.0
64.1
38.1
20.9
247.0
259.0
217.0
76.6
325.0
238.0
171.0
202.0
226.0
151.0
222.0
267.0
250.0
143.0
74.4
348.0
49.4
226.0
331.0
44.1
106.0
266.0
224.0
259.0
236.0
303.0
198.0
55.7
217.0
186.0
197.0
257.0
123.0
251.0
94.8
271.0
48.5
161.0
65.7
39.3
35.0
82.7
209.0
254.0
57.0
252.0
258.0
83.3
43.9
251.0
253.0
126.0
199.0
334.0
59.8
250.0
55.1
73.6
245.0
14.6
234.0
168.0
123.0
194.0
55.0
178.0
179.0
150.0
182.0
254.0
26.0
263.0
270.0
246.0
191.0
27.6
240.0
16.9
156.0
22.9
192.0
74.7
213.0
86.4
212.0
202.0
69.9
222.0
90.5
198.0
234.0
233.0
227.0
261.0
216.0
243.0
276.0
183.0
261.0
304.0
266.0
200.0
202.0
226.0
193.0
233.0
182.0
260.0
239.0
246.0
8.2
241.0
186.0
155.0
197.0
180.0
230.0
59.2
109.0
80.2
30.2
36.2
56.4
238.0
360.0
194.0
206.0
39.8
258.0
130.0
44.3
89.5
274.0
271.0
204.0
204.0
50.3
237.0
208.0
127.0
236.0
53.1
173.0
166.0
101.0
220.0
253.0
219.0
322.0
139.0
114.0
342.0
19.2
154.0
102.0
158.0
244.0
74.4
261.0
216.0
20.1
107.0
112.0
20.5
48.3
207.0
269.0
258.0
183.0
384.0
233.0
232.0
229.0
230.0
224.0
226.0
35.9
264.0
247.0
276.0
67.8
269.0
115.0
31.9
164.0
247.0
270.0
34.6
290.0
234.0
36.3
261.0
217.0
224.0
45.2
72.2
197.0
197.0
165.0
80.3
239.0
214.0
62.3
45.2
179.0
134.0
52.1
146.0
64.4
178.0
24.6
229.0
229.0
195.0
129.0
193.0
70.7
160.0
237.0
230.0
232.0
117.0
226.0
321.0
34.1
253.0
207.0
369.0
234.0
23.0
170.0
174.0
230.0
118.0
221.0
205.0
114.0
267.0
115.0
113.0
5.3
207.0
196.0
162.0
197.0
364.0
94.1
253.0
168.0
245.0
120.0
261.0
58.1
30.3
331.0
168.0
45.0
209.0
40.8
131.0
205.0
254.0
215.0
238.0
62.7
247.0
98.6
53.1
53.9
228.0
129.0
223.0
29.4
226.0
223.0
155.0
34.5
207.0
320.0
