65.2
16.1
110.0
193.0
151.0
225.0
66.2
126.0
36.7
189.0
19.4
67.3
63.7
159.0
44.4
87.9
73.7
75.5
55.4
34.8
145.0
89.5
197.0
0.0
134.0
70.1
19.4
86.6
43.8
124.0
42.0
8.9
78.5
172.0
37.8
33.7
123.0
21.9
46.8
48.8
53.1
169.0
73.0
105.0
60.5
109.0
33.2
151.0
7.8
24.6
46.7
7.7
102.0
156.0
85.3
173.0
15.9
35.5
195.0
185.0
189.0
143.0
182.0
189.0
44.9
76.5
143.0
7.7
149.0
198.0
228.0
38.0
117.0
37.9
127.0
158.0
94.0
89.4
33.4
25.5
92.9
36.2
88.4
73.7
97.8
142.0
181.0
158.0
67.3
173.0
228.0
103.0
56.4
30.9
118.0
105.0
145.0
51.6
172.0
58.1
34.6
73.4
97.4
67.7
55.2
121.0
61.3
187.0
68.5
142.0
179.0
219.0
126.0
30.5
54.2
169.0
82.6
48.5
133.0
245.0
72.2
74.5
105.0
32.8
167.0
174.0
49.6
162.0
157.0
66.2
205.0
54.8
68.1
104.0
46.5
144.0
64.0
56.0
73.0
42.4
74.6
174.0
53.8
91.0
88.1
44.7
228.0
40.4
202.0
84.2
208.0
45.1
120.0
6.5
135.0
14.2
25.7
151.0
21.9
131.0
48.9
35.4
24.0
27.3
51.8
64.0
43.5
118.0
49.7
81.7
137.0
122.0
17.2
43.7
25.5
54.1
23.9
67.5
59.7
39.1
87.4
190.0
31.3
62.8
68.4
48.4
77.9
51.0
182.0
116.0
120.0
216.0
163.0
241.0
41.3
193.0
36.8
27.3
238.0
115.0
94.0
208.0
100.0
65.0
66.2
25.4
61.3
186.0
37.2
78.2
98.8
26.4
166.0
51.7
66.2
117.0
72.8
73.6
39.7
164.0
84.4
96.7
175.0
188.0
82.2
119.0
75.7
34.9
115.0
81.9
45.6
205.0
88.2
81.2
220.0
171.0
72.0
96.9
100.0
66.8
217.0
53.7
52.6
76.7
20.2
91.2
34.6
219.0
106.0
67.8
67.0
169.0
59.2
92.8
168.0
74.7
37.8
70.4
198.0
125.0
32.1
181.0
81.7
101.0
51.0
229.0
138.0
39.7
38.7
59.6
111.0
99.1
30.3
144.0
162.0
44.5
100.0
164.0
89.2
146.0
53.7
209.0
19.5
50.1
23.5
94.8
20.2
129.0
76.7
37.4
106.0
82.0
73.5
16.0
163.0
184.0
43.5
43.3
202.0
33.4
207.0
59.5
72.8
20.8
110.0
53.6
16.2
131.0
108.0
110.0
104.0
202.0
20.6
23.4
90.2
25.3
196.0
109.0
43.1
63.1
68.7
113.0
60.6
146.0
213.0
173.0
53.2
155.0
18.1
173.0
59.7
18.2
120.0
35.9
58.6
136.0
68.1
130.0
179.0
195.0
14.5
80.9
16.3
214.0
41.1
13.4
67.5
191.0
62.2
153.0
