160.0
113.0
178.0
82.4
36.6
113.0
173.0
15.9
143.0
263.0
133.0
74.2
86.3
54.7
99.6
42.9
137.0
62.7
150.0
101.0
228.0
41.0
84.9
133.0
0.0
109.0
133.0
162.0
95.1
64.2
167.0
133.0
101.0
60.8
104.0
134.0
197.0
112.0
156.0
91.9
148.0
252.0
157.0
29.3
155.0
32.0
128.0
60.7
137.0
129.0
141.0
123.0
176.0
78.7
54.3
256.0
123.0
139.0
83.9
73.5
44.7
26.4
256.0
92.4
95.6
171.0
65.9
122.0
44.9
53.5
81.1
163.0
174.0
133.0
42.6
241.0
153.0
86.5
118.0
132.0
67.0
119.0
183.0
165.0
37.2
29.8
263.0
29.6
142.0
247.0
117.0
46.9
182.0
140.0
175.0
151.0
219.0
81.8
94.9
132.0
101.0
112.0
173.0
62.3
157.0
48.6
186.0
43.0
76.7
10.4
67.6
108.0
53.1
107.0
161.0
19.4
167.0
174.0
28.7
133.0
167.0
169.0
26.9
101.0
249.0
30.2
156.0
84.5
80.1
161.0
74.7
149.0
58.5
38.0
110.0
21.9
93.7
95.0
52.4
98.0
169.0
62.2
179.0
186.0
162.0
96.5
90.7
147.0
89.9
50.0
96.9
84.3
24.1
129.0
66.0
127.0
106.0
36.3
129.0
18.8
91.8
150.0
149.0
142.0
177.0
132.0
159.0
191.0
98.2
176.0
220.0
182.0
117.0
117.0
142.0
109.0
149.0
97.5
166.0
146.0
161.0
66.9
156.0
102.0
70.3
113.0
95.7
146.0
104.0
23.1
35.2
104.0
40.7
129.0
154.0
275.0
109.0
122.0
103.0
173.0
32.7
96.6
28.3
183.0
177.0
120.0
119.0
89.0
144.0
124.0
34.2
151.0
24.5
88.6
81.5
60.4
136.0
168.0
134.0
238.0
41.3
39.4
258.0
76.3
69.5
16.6
53.7
160.0
13.3
177.0
114.0
67.5
46.1
50.8
108.0
57.9
123.0
184.0
173.0
61.1
300.0
148.0
147.0
145.0
145.0
139.0
142.0
107.0
180.0
162.0
192.0
92.1
184.0
53.4
56.3
51.3
163.0
177.0
86.4
206.0
150.0
69.8
176.0
133.0
140.0
118.0
60.5
112.0
95.7
80.9
22.5
155.0
130.0
15.5
33.0
94.8
49.8
52.0
42.3
31.5
97.2
97.3
145.0
145.0
110.0
44.4
109.0
30.9
75.7
152.0
146.0
148.0
55.9
133.0
237.0
72.5
169.0
96.9
285.0
140.0
95.7
86.1
89.9
146.0
32.4
137.0
120.0
16.5
182.0
29.3
51.8
89.9
122.0
111.0
77.5
113.0
279.0
36.0
168.0
83.9
160.0
27.3
167.0
31.8
101.0
247.0
83.6
43.3
116.0
38.2
69.6
121.0
169.0
131.0
153.0
35.5
163.0
22.7
34.6
99.4
144.0
67.5
139.0
69.3
142.0
138.0
70.9
56.2
122.0
236.0
