65.6
64.0
72.5
205.0
130.0
204.0
123.0
129.0
93.5
158.0
72.1
85.7
82.1
183.0
25.4
106.0
31.9
54.2
61.5
67.7
123.0
92.0
175.0
71.9
113.0
0.0
72.1
56.8
42.2
142.0
106.0
83.0
11.0
151.0
45.1
72.4
92.1
53.5
111.0
47.2
59.2
147.0
52.2
83.2
62.3
87.4
66.6
196.0
75.3
67.5
43.8
73.3
71.1
201.0
64.0
151.0
73.1
78.1
214.0
164.0
168.0
121.0
151.0
234.0
49.9
82.6
189.0
72.1
172.0
177.0
207.0
102.0
87.6
52.0
170.0
136.0
48.2
24.8
27.0
82.4
42.1
79.1
88.4
60.2
76.5
121.0
158.0
137.0
37.1
142.0
207.0
122.0
120.0
78.3
88.3
60.9
114.0
70.0
218.0
27.5
23.9
7.4
67.6
86.1
108.0
139.0
125.0
166.0
24.5
121.0
158.0
198.0
144.0
71.5
111.0
148.0
62.4
112.0
112.0
223.0
78.4
66.3
97.5
55.5
144.0
153.0
106.0
207.0
203.0
72.3
184.0
60.9
65.8
82.3
14.9
123.0
9.0
18.8
84.8
39.4
80.7
153.0
118.0
80.7
57.0
52.0
207.0
97.2
180.0
62.9
187.0
62.1
138.0
67.4
154.0
65.9
58.5
129.0
78.8
110.0
67.9
88.6
87.8
81.1
116.0
26.6
97.3
86.5
35.1
87.8
115.0
90.8
56.4
20.0
80.4
11.2
87.7
7.4
116.0
95.8
56.3
168.0
95.1
8.6
35.9
15.6
14.6
57.1
227.0
94.2
139.0
195.0
142.0
219.0
92.4
170.0
26.4
33.0
217.0
85.7
88.9
187.0
119.0
129.0
128.0
58.8
14.4
212.0
94.0
21.0
77.5
90.2
145.0
36.9
18.7
135.0
30.6
79.7
45.1
133.0
84.2
115.0
153.0
167.0
60.9
97.6
70.8
98.7
126.0
88.0
79.1
184.0
107.0
99.7
198.0
181.0
18.0
79.2
68.3
70.5
195.0
59.8
58.7
40.1
84.0
46.7
80.6
197.0
74.9
73.9
131.0
215.0
123.0
111.0
147.0
74.5
102.0
127.0
177.0
101.0
88.4
193.0
87.8
42.3
35.0
208.0
183.0
21.5
71.5
41.5
130.0
69.3
68.6
123.0
141.0
31.8
79.0
142.0
67.9
124.0
59.2
188.0
83.3
41.5
51.4
73.6
47.4
164.0
29.4
90.9
55.4
43.1
92.0
83.1
132.0
163.0
107.0
84.3
180.0
90.3
186.0
16.0
15.0
84.6
89.1
22.0
59.0
110.0
77.2
88.4
123.0
180.0
60.9
49.9
37.9
31.3
174.0
128.0
107.0
55.7
55.2
91.8
117.0
125.0
192.0
142.0
33.0
134.0
66.2
152.0
78.1
59.6
90.5
28.1
64.7
158.0
63.3
108.0
158.0
247.0
82.4
99.3
77.5
192.0
80.7
77.2
53.0
169.0
17.3
131.0
