46.9
26.2
104.0
203.0
144.0
218.0
81.2
136.0
46.3
183.0
3.4
77.4
73.9
170.0
37.6
98.1
68.1
68.6
49.8
45.0
125.0
99.6
190.0
18.3
127.0
63.3
0.0
81.0
54.0
134.0
52.1
28.3
71.7
166.0
47.9
16.8
106.0
32.1
57.0
59.0
32.9
149.0
67.4
97.7
54.9
102.0
12.5
161.0
21.7
6.6
41.1
26.0
90.1
166.0
78.4
153.0
38.5
19.7
228.0
178.0
182.0
136.0
176.0
199.0
55.1
56.3
153.0
18.8
160.0
191.0
221.0
48.1
112.0
32.3
138.0
138.0
88.5
82.6
27.8
41.6
86.1
52.2
68.2
68.1
91.0
135.0
161.0
152.0
61.7
167.0
222.0
114.0
66.6
13.4
113.0
99.5
139.0
61.8
182.0
52.5
27.8
66.5
91.8
77.9
65.3
131.0
71.4
180.0
61.6
135.0
172.0
212.0
136.0
49.3
70.8
162.0
77.0
58.6
126.0
238.0
52.0
54.2
115.0
43.0
147.0
167.0
65.1
172.0
168.0
46.0
198.0
41.3
78.3
96.7
39.6
137.0
57.2
49.2
83.1
52.6
54.4
167.0
64.0
70.8
82.5
54.9
221.0
56.0
195.0
77.3
202.0
55.3
130.0
8.3
146.0
14.8
35.9
144.0
37.9
124.0
59.1
45.6
34.2
11.6
62.0
58.4
53.6
112.0
42.8
61.5
117.0
116.0
26.9
38.1
7.7
63.2
15.0
60.7
75.3
54.0
81.9
183.0
41.4
56.0
61.5
42.8
71.1
27.7
192.0
109.0
130.0
209.0
156.0
234.0
36.6
173.0
30.0
21.7
231.0
110.0
102.0
201.0
111.0
75.2
76.4
8.5
55.7
196.0
52.8
72.7
92.0
36.6
159.0
50.3
59.4
127.0
67.2
53.4
34.1
159.0
94.6
107.0
155.0
181.0
75.4
112.0
80.1
45.0
126.0
61.7
61.7
198.0
98.4
91.4
213.0
181.0
66.4
76.7
79.9
76.9
197.0
28.1
47.0
71.2
30.4
85.6
23.1
212.0
100.0
47.6
77.2
180.0
69.4
103.0
161.0
84.9
47.9
81.7
191.0
105.0
30.1
191.0
61.5
95.3
45.4
223.0
148.0
32.9
48.9
54.9
121.0
93.6
7.6
138.0
156.0
37.7
93.4
157.0
82.4
139.0
63.9
202.0
13.4
44.5
33.6
88.0
28.8
139.0
69.9
47.6
100.0
76.4
83.7
35.4
158.0
177.0
53.7
62.1
182.0
49.5
201.0
52.7
65.9
31.0
104.0
48.0
6.1
124.0
103.0
103.0
114.0
195.0
3.3
24.5
83.4
18.7
176.0
120.0
53.3
73.3
63.1
106.0
76.8
139.0
206.0
167.0
46.4
148.0
45.2
167.0
69.9
19.3
115.0
30.4
38.4
146.0
50.3
123.0
172.0
205.0
28.8
91.1
8.8
207.0
25.1
11.5
67.5
184.0
56.6
133.0
