35.7
96.6
32.6
260.0
184.0
259.0
139.0
183.0
104.0
128.0
88.2
140.0
137.0
238.0
80.1
161.0
27.8
109.0
37.1
122.0
93.4
147.0
230.0
87.9
167.0
59.5
88.2
0.0
96.9
197.0
110.0
98.0
65.9
206.0
99.8
67.1
62.5
108.0
106.0
102.0
52.6
117.0
22.3
138.0
32.4
142.0
74.8
251.0
91.4
73.7
44.9
95.7
35.9
256.0
119.0
121.0
108.0
72.7
269.0
219.0
222.0
176.0
121.0
289.0
105.0
76.0
243.0
89.2
227.0
231.0
261.0
106.0
40.4
54.8
224.0
106.0
7.6
93.9
64.6
111.0
126.0
122.0
53.2
30.4
131.0
175.0
129.0
192.0
30.6
112.0
262.0
177.0
125.0
72.9
41.3
20.6
84.3
125.0
272.0
43.8
85.1
53.8
12.7
141.0
115.0
194.0
129.0
221.0
88.7
175.0
213.0
253.0
199.0
126.0
120.0
202.0
32.5
117.0
166.0
278.0
42.1
36.4
152.0
110.0
115.0
208.0
123.0
262.0
257.0
65.8
238.0
41.1
121.0
137.0
72.1
178.0
68.2
73.5
139.0
94.1
74.1
207.0
113.0
45.5
13.5
107.0
261.0
114.0
235.0
118.0
242.0
117.0
193.0
83.5
209.0
81.9
113.0
184.0
108.0
165.0
123.0
83.3
92.1
75.8
120.0
39.1
91.9
56.9
89.8
56.5
85.1
48.4
97.3
62.0
75.1
60.3
81.6
67.3
133.0
112.0
26.7
223.0
99.4
67.0
102.0
60.5
69.6
50.5
282.0
149.0
193.0
249.0
197.0
274.0
87.0
141.0
72.1
61.8
271.0
40.1
144.0
242.0
174.0
125.0
126.0
68.8
53.6
267.0
110.0
54.9
132.0
94.5
199.0
91.6
86.7
190.0
19.2
73.1
56.7
103.0
139.0
170.0
123.0
221.0
116.0
152.0
126.0
103.0
181.0
44.5
131.0
238.0
161.0
154.0
253.0
236.0
48.1
44.1
33.1
125.0
166.0
53.2
41.6
12.6
88.4
16.3
75.2
252.0
34.0
49.0
135.0
269.0
119.0
166.0
201.0
129.0
106.0
131.0
231.0
71.5
83.1
248.0
81.2
39.5
51.4
263.0
238.0
70.1
126.0
96.2
184.0
12.7
71.8
178.0
196.0
86.5
134.0
197.0
123.0
179.0
114.0
242.0
82.5
38.4
106.0
128.0
86.1
219.0
100.0
85.5
21.4
6.9
147.0
104.0
103.0
218.0
103.0
139.0
150.0
119.0
241.0
80.0
75.0
88.9
144.0
55.0
75.0
164.0
47.6
143.0
177.0
235.0
77.4
80.8
124.0
71.4
145.0
182.0
111.0
110.0
25.4
146.0
134.0
180.0
246.0
112.0
87.7
188.0
115.0
207.0
133.0
75.7
35.8
60.4
58.1
213.0
33.4
163.0
212.0
301.0
92.3
154.0
79.9
247.0
75.3
84.7
108.0
224.0
46.7
101.0
