92.6
28.7
110.0
190.0
114.0
189.0
87.6
108.0
58.2
195.0
54.4
49.1
45.6
141.0
28.0
69.8
69.0
33.0
82.9
32.4
160.0
57.2
160.0
43.3
97.5
41.2
54.4
93.9
0.0
106.0
91.9
47.7
49.6
136.0
9.8
66.5
129.0
18.2
71.1
5.0
80.5
184.0
89.2
68.0
88.0
55.8
60.7
132.0
56.7
61.6
74.1
38.0
108.0
138.0
46.7
188.0
37.8
72.1
199.0
149.0
152.0
106.0
188.0
170.0
7.7
104.0
125.0
36.8
131.0
161.0
191.0
87.9
125.0
65.4
109.0
173.0
85.2
52.3
50.8
47.2
53.2
43.8
116.0
97.3
50.1
106.0
196.0
122.0
74.2
179.0
192.0
85.3
106.0
72.3
125.0
112.0
151.0
33.5
154.0
64.6
30.7
44.4
105.0
49.6
72.2
102.0
111.0
151.0
23.5
105.0
143.0
183.0
108.0
36.2
75.7
132.0
99.5
98.4
96.5
208.0
99.7
102.0
62.7
20.2
182.0
138.0
71.0
144.0
139.0
93.7
168.0
82.2
31.0
67.0
42.0
108.0
35.1
27.0
41.0
6.6
102.0
137.0
86.7
118.0
94.0
10.9
191.0
61.9
165.0
37.3
172.0
23.2
101.0
47.0
117.0
42.6
23.3
114.0
43.5
94.6
29.2
85.3
73.9
77.2
102.0
63.6
93.4
124.0
12.9
109.0
152.0
128.0
21.1
49.4
75.4
41.1
73.9
38.6
81.2
60.5
93.4
153.0
70.8
33.9
34.2
45.0
59.6
78.4
164.0
79.0
102.0
179.0
127.0
204.0
86.4
208.0
42.2
54.7
201.0
123.0
54.1
172.0
82.3
98.2
92.3
52.8
51.4
168.0
58.7
60.5
53.8
69.0
130.0
8.0
37.3
98.9
67.6
101.0
67.2
170.0
49.4
78.6
190.0
151.0
42.5
82.4
36.0
84.8
97.2
109.0
43.8
168.0
70.0
63.1
183.0
166.0
55.0
116.0
105.0
27.5
232.0
81.1
80.1
77.1
70.4
83.8
74.7
182.0
112.0
95.2
117.0
151.0
83.1
74.7
131.0
39.7
87.7
91.8
161.0
138.0
82.0
178.0
109.0
96.2
72.1
193.0
120.0
45.1
36.2
16.5
93.0
106.0
62.7
108.0
126.0
21.7
56.2
127.0
45.0
109.0
16.3
172.0
69.4
77.6
16.1
58.3
19.6
111.0
39.5
87.3
109.0
80.1
55.4
47.8
169.0
148.0
76.1
49.0
217.0
55.0
171.0
30.6
53.8
70.7
73.9
68.8
53.1
70.8
114.0
73.2
85.9
165.0
55.0
25.2
50.5
45.4
211.0
91.2
93.0
18.1
92.3
60.0
82.1
110.0
176.0
179.0
14.7
118.0
30.9
137.0
41.6
30.0
128.0
63.4
86.0
143.0
95.6
93.1
142.0
176.0
65.4
62.8
66.2
177.0
74.8
63.3
24.4
154.0
54.3
168.0
