182.0
109.0
210.0
76.3
78.8
146.0
169.0
44.4
139.0
295.0
135.0
70.2
74.1
42.6
128.0
39.8
169.0
139.0
172.0
96.8
262.0
58.1
93.3
124.0
63.4
142.0
135.0
194.0
106.0
0.0
173.0
129.0
156.0
93.3
97.6
156.0
230.0
109.0
152.0
102.0
170.0
285.0
190.0
106.0
177.0
83.7
150.0
33.7
138.0
140.0
163.0
119.0
209.0
39.2
130.0
290.0
119.0
162.0
78.1
79.7
52.8
71.0
288.0
71.7
98.6
193.0
26.4
118.0
32.6
55.9
82.4
169.0
225.0
154.0
19.7
274.0
186.0
163.0
150.0
128.0
143.0
115.0
205.0
190.0
83.7
82.9
297.0
53.4
175.0
279.0
149.0
20.7
188.0
146.0
230.0
207.0
251.0
77.9
55.4
165.0
131.0
145.0
205.0
58.3
153.0
6.5
192.0
51.2
153.0
58.5
100.0
140.0
11.4
103.0
157.0
44.8
199.0
180.0
91.9
101.0
189.0
191.0
61.1
97.1
283.0
37.3
152.0
45.1
40.6
183.0
79.9
171.0
81.7
115.0
142.0
59.7
135.0
127.0
62.6
105.0
191.0
68.5
168.0
208.0
194.0
92.5
86.6
143.0
122.0
88.7
129.0
80.3
37.6
128.0
11.7
123.0
102.0
78.5
125.0
82.2
87.8
167.0
155.0
158.0
183.0
164.0
175.0
224.0
113.0
198.0
254.0
228.0
113.0
150.0
140.0
141.0
155.0
139.0
162.0
142.0
194.0
84.5
152.0
134.0
126.0
145.0
151.0
168.0
65.0
101.0
17.8
137.0
75.3
162.0
172.0
309.0
143.0
144.0
92.1
229.0
71.2
129.0
38.5
179.0
174.0
142.0
152.0
69.3
140.0
161.0
77.0
150.0
42.6
127.0
137.0
9.2
168.0
190.0
156.0
270.0
68.6
28.8
292.0
109.0
146.0
93.9
80.2
166.0
53.5
198.0
110.0
74.5
46.4
46.8
90.0
54.4
155.0
213.0
206.0
78.4
334.0
170.0
169.0
178.0
152.0
184.0
165.0
139.0
212.0
184.0
198.0
52.6
164.0
43.8
88.8
76.6
169.0
173.0
119.0
239.0
163.0
63.7
198.0
188.0
168.0
150.0
21.1
145.0
91.7
120.0
34.7
210.0
140.0
56.4
60.0
122.0
126.0
84.5
86.8
72.9
93.2
130.0
151.0
167.0
112.0
121.0
120.0
29.2
131.0
169.0
201.0
181.0
51.9
129.0
270.0
105.0
157.0
84.0
319.0
136.0
128.0
131.0
145.0
152.0
109.0
170.0
133.0
78.7
215.0
107.0
21.2
88.3
136.0
128.0
154.0
142.0
313.0
26.8
174.0
89.8
185.0
79.0
163.0
70.3
134.0
279.0
121.0
75.8
112.0
55.2
65.6
135.0
225.0
152.0
175.0
29.0
185.0
90.4
42.7
77.7
147.0
58.1
141.0
70.6
165.0
144.0
116.0
64.3
155.0
269.0
