73.2
60.4
127.0
242.0
186.0
260.0
39.9
175.0
27.1
198.0
42.2
116.0
99.5
208.0
79.4
137.0
109.0
110.0
72.7
79.1
151.0
138.0
232.0
41.8
169.0
105.0
54.4
104.0
92.0
172.0
0.0
47.6
114.0
207.0
86.0
40.5
132.0
66.2
16.6
97.0
59.2
175.0
90.3
140.0
77.8
144.0
45.2
199.0
35.0
44.5
81.7
49.5
116.0
205.0
120.0
179.0
57.8
33.9
244.0
220.0
224.0
178.0
191.0
237.0
93.1
82.5
192.0
50.2
198.0
233.0
263.0
7.3
135.0
72.9
176.0
164.0
111.0
124.0
68.4
61.4
128.0
71.5
94.4
91.0
133.0
177.0
187.0
193.0
84.6
182.0
263.0
152.0
13.8
31.0
135.0
122.0
154.0
100.0
221.0
93.1
69.6
108.0
115.0
116.0
22.5
169.0
23.2
222.0
103.0
177.0
214.0
254.0
175.0
76.8
28.0
204.0
99.9
11.0
168.0
280.0
78.3
80.5
153.0
81.4
173.0
209.0
32.4
210.0
206.0
72.2
240.0
67.5
117.0
139.0
81.5
179.0
99.1
91.0
122.0
90.6
80.7
209.0
15.8
97.0
105.0
92.9
263.0
56.9
237.0
119.0
243.0
93.8
168.0
42.0
184.0
49.2
71.7
186.0
57.2
166.0
97.5
13.3
21.0
29.9
13.7
99.0
10.5
135.0
84.7
87.7
143.0
139.0
61.1
78.7
38.0
89.1
27.7
103.0
45.9
54.9
105.0
225.0
13.2
97.8
103.0
83.4
113.0
54.0
230.0
151.0
169.0
251.0
198.0
276.0
18.0
199.0
71.8
62.3
273.0
133.0
143.0
243.0
149.0
29.0
31.8
60.4
96.3
235.0
28.9
113.0
134.0
28.8
201.0
92.1
101.0
166.0
108.0
79.6
74.7
173.0
133.0
145.0
181.0
223.0
117.0
154.0
127.0
11.9
164.0
87.9
80.9
240.0
137.0
130.0
255.0
220.0
107.0
103.0
106.0
115.0
223.0
54.3
65.9
94.0
24.1
126.0
31.8
254.0
123.0
73.8
28.9
218.0
22.2
141.0
203.0
123.0
5.4
35.1
233.0
132.0
24.7
229.0
87.7
136.0
86.0
265.0
186.0
74.7
87.3
96.8
160.0
116.0
42.8
180.0
197.0
79.5
135.0
199.0
124.0
181.0
102.0
244.0
29.0
72.0
67.8
130.0
63.6
177.0
112.0
11.4
123.0
99.3
122.0
47.3
173.0
219.0
11.5
89.6
208.0
68.7
242.0
94.5
108.0
22.5
145.0
88.6
51.3
166.0
126.0
145.0
153.0
237.0
55.6
58.4
125.0
60.3
203.0
158.0
5.7
112.0
86.0
148.0
35.4
181.0
248.0
182.0
88.2
190.0
64.4
208.0
108.0
53.2
138.0
71.0
64.6
184.0
76.6
165.0
214.0
243.0
35.6
130.0
34.2
249.0
39.1
33.1
109.0
226.0
97.2
159.0
