75.5
20.6
120.0
197.0
161.0
235.0
56.7
130.0
17.1
199.0
29.8
71.1
54.7
163.0
54.8
91.8
84.1
79.6
65.8
34.3
156.0
93.3
207.0
9.1
133.0
82.6
29.8
97.0
47.3
128.0
48.1
0.0
91.0
183.0
41.2
40.6
134.0
35.4
40.2
52.3
63.5
179.0
83.4
115.0
70.9
102.0
43.6
154.0
9.2
35.0
57.0
9.7
113.0
160.0
93.3
183.0
13.0
41.7
199.0
195.0
163.0
153.0
192.0
192.0
48.4
86.9
147.0
15.2
153.0
177.0
203.0
44.1
128.0
48.3
131.0
168.0
104.0
98.8
43.8
16.1
99.8
26.8
98.8
84.0
96.7
152.0
191.0
169.0
77.7
183.0
239.0
107.0
62.6
37.1
128.0
115.0
155.0
55.5
176.0
68.5
45.0
85.8
108.0
71.6
41.4
124.0
67.4
172.0
78.8
152.0
190.0
230.0
130.0
32.0
44.8
137.0
93.0
54.6
143.0
255.0
82.6
84.8
109.0
36.7
177.0
145.0
40.2
166.0
161.0
76.6
215.0
65.1
72.0
114.0
56.9
154.0
76.5
68.4
76.8
45.9
85.0
184.0
59.9
101.0
98.5
48.2
238.0
31.0
212.0
83.9
219.0
49.0
123.0
17.3
139.0
24.6
27.0
161.0
12.4
142.0
52.8
41.6
30.2
33.5
58.0
74.3
49.6
128.0
54.3
92.1
147.0
132.0
24.7
54.1
31.6
64.5
30.1
80.0
50.3
29.7
97.8
200.0
37.4
75.3
80.8
58.8
90.4
54.1
186.0
126.0
124.0
226.0
174.0
251.0
47.4
203.0
47.2
37.6
213.0
126.0
97.8
219.0
104.0
67.3
61.4
35.8
71.7
190.0
27.8
88.6
100.0
19.4
142.0
55.2
78.7
121.0
83.1
84.0
50.1
174.0
88.3
101.0
186.0
198.0
89.0
129.0
82.6
41.0
119.0
92.3
36.2
215.0
92.1
85.1
230.0
175.0
82.4
107.0
110.0
70.6
228.0
54.5
63.0
87.1
26.4
102.0
40.7
229.0
116.0
78.2
73.1
173.0
65.3
96.7
178.0
78.6
43.9
60.9
208.0
136.0
38.3
184.0
92.1
111.0
61.4
240.0
142.0
50.1
42.6
63.0
115.0
110.0
36.4
155.0
173.0
54.9
103.0
174.0
91.6
156.0
57.6
219.0
25.6
60.5
39.7
105.0
39.0
133.0
86.1
43.6
116.0
92.4
77.4
7.1
174.0
194.0
49.7
44.8
213.0
24.0
218.0
72.0
85.2
26.9
121.0
63.9
26.6
117.0
119.0
120.0
108.0
212.0
31.0
33.7
97.1
35.7
207.0
113.0
49.2
67.5
79.1
107.0
51.2
156.0
223.0
183.0
62.4
165.0
19.7
184.0
63.6
28.6
131.0
46.3
68.9
139.0
78.5
140.0
153.0
198.0
10.9
84.8
22.5
191.0
47.3
19.5
71.0
201.0
72.6
163.0
