71.9
73.1
78.8
197.0
122.0
196.0
132.0
121.0
103.0
164.0
81.2
100.0
96.5
175.0
34.4
121.0
37.9
39.1
67.9
76.7
129.0
76.5
167.0
80.9
105.0
11.5
81.2
63.2
51.3
157.0
115.0
92.0
0.0
143.0
54.1
81.5
98.4
62.6
120.0
56.3
65.5
153.0
58.5
75.3
68.6
79.5
75.7
188.0
84.4
76.6
50.1
82.3
77.4
193.0
50.0
157.0
82.2
87.1
206.0
156.0
160.0
113.0
157.0
226.0
59.0
89.0
181.0
81.1
164.0
169.0
199.0
111.0
82.7
58.3
162.0
142.0
54.5
21.6
36.1
91.5
38.6
88.2
94.7
66.6
61.7
113.0
165.0
129.0
43.4
148.0
199.0
136.0
129.0
87.3
83.1
59.7
120.0
84.4
210.0
33.8
32.9
16.5
73.9
100.0
117.0
153.0
134.0
158.0
25.4
113.0
150.0
190.0
168.0
80.6
120.0
140.0
68.7
121.0
104.0
215.0
84.7
72.6
82.0
64.6
151.0
145.0
115.0
199.0
195.0
78.7
176.0
67.2
54.7
74.4
24.0
115.0
11.6
27.9
73.7
48.4
87.1
145.0
127.0
87.0
63.3
61.1
199.0
106.0
172.0
48.9
179.0
78.0
129.0
76.5
168.0
74.9
67.6
121.0
87.9
102.0
84.0
97.7
96.9
90.2
125.0
32.9
106.0
92.8
44.2
94.2
121.0
90.1
65.4
29.0
89.5
20.3
96.8
8.3
126.0
105.0
62.6
160.0
104.0
13.5
32.7
24.7
5.1
63.5
219.0
86.3
153.0
187.0
134.0
212.0
101.0
177.0
35.4
42.0
209.0
81.9
72.3
179.0
133.0
138.0
137.0
67.8
24.0
204.0
103.0
20.3
66.2
99.2
137.0
45.9
19.6
150.0
36.9
86.0
51.5
139.0
68.7
130.0
159.0
159.0
39.7
89.7
54.2
108.0
118.0
94.4
88.1
176.0
88.3
114.0
191.0
173.0
24.3
85.6
74.6
69.0
201.0
66.1
65.1
46.4
93.1
47.7
89.7
189.0
81.2
80.2
140.0
207.0
132.0
126.0
139.0
63.4
111.0
136.0
169.0
107.0
97.5
185.0
94.1
41.0
41.3
200.0
175.0
30.6
80.6
36.5
127.0
63.0
77.7
115.0
133.0
40.8
50.7
134.0
56.6
117.0
64.2
180.0
92.3
47.8
60.5
65.6
56.5
156.0
30.9
99.9
54.2
49.4
106.0
92.2
138.0
155.0
116.0
93.2
186.0
99.4
178.0
17.3
12.5
93.6
81.2
32.8
68.1
102.0
83.5
80.5
137.0
172.0
70.0
58.9
34.4
40.3
181.0
142.0
116.0
54.8
61.6
83.9
126.0
117.0
184.0
148.0
29.1
126.0
75.2
144.0
78.6
68.7
77.6
37.1
71.0
150.0
69.6
100.0
150.0
239.0
91.5
114.0
86.6
184.0
89.8
86.2
41.6
161.0
21.7
137.0
