200.0
163.0
218.0
64.4
34.1
47.8
222.0
61.6
193.0
303.0
174.0
136.0
166.0
56.3
140.0
105.0
177.0
103.0
191.0
158.0
268.0
95.0
24.2
174.0
62.0
150.0
174.0
202.0
136.0
94.3
208.0
184.0
141.0
0.0
144.0
174.0
238.0
153.0
212.0
132.0
188.0
292.0
198.0
70.7
196.0
80.8
168.0
62.3
177.0
169.0
182.0
173.0
217.0
65.7
94.8
296.0
173.0
180.0
56.1
15.1
38.5
39.7
296.0
76.8
136.0
212.0
95.9
175.0
56.9
41.7
45.5
204.0
215.0
173.0
77.0
281.0
194.0
127.0
158.0
182.0
108.0
179.0
224.0
206.0
99.5
44.5
304.0
37.2
183.0
287.0
50.1
107.0
222.0
180.0
215.0
192.0
259.0
154.0
75.1
173.0
142.0
153.0
213.0
124.0
207.0
95.3
227.0
44.5
117.0
48.2
13.7
41.1
83.2
165.0
210.0
54.9
208.0
214.0
53.5
67.1
207.0
210.0
82.5
155.0
290.0
60.2
206.0
63.5
80.2
201.0
38.4
190.0
124.0
79.4
150.0
36.9
134.0
135.0
106.0
139.0
210.0
12.8
219.0
226.0
202.0
147.0
50.8
197.0
36.4
112.0
42.4
148.0
72.6
169.0
96.0
168.0
158.0
40.1
178.0
46.6
154.0
190.0
190.0
183.0
217.0
172.0
199.0
232.0
139.0
217.0
260.0
222.0
156.0
158.0
182.0
150.0
190.0
138.0
216.0
195.0
202.0
23.4
197.0
142.0
111.0
153.0
136.0
186.0
85.6
65.1
80.7
27.1
14.9
62.5
194.0
316.0
150.0
162.0
63.0
214.0
85.8
41.1
90.3
231.0
227.0
161.0
160.0
73.5
193.0
164.0
83.0
192.0
39.9
129.0
122.0
102.0
176.0
209.0
175.0
278.0
94.8
115.0
298.0
15.5
110.0
58.3
114.0
200.0
75.2
217.0
172.0
36.0
99.0
109.0
43.8
49.3
163.0
225.0
214.0
139.0
341.0
189.0
188.0
186.0
186.0
180.0
182.0
55.4
220.0
203.0
233.0
77.0
225.0
115.0
6.9
120.0
203.0
227.0
30.2
247.0
190.0
61.0
217.0
173.0
181.0
47.0
90.6
153.0
153.0
121.0
78.2
195.0
170.0
44.8
30.1
135.0
90.3
24.6
102.0
34.7
134.0
44.1
185.0
185.0
151.0
84.9
149.0
71.2
116.0
193.0
186.0
189.0
118.0
183.0
278.0
20.7
209.0
163.0
325.0
190.0
30.0
127.0
130.0
186.0
73.9
177.0
161.0
70.5
223.0
71.0
114.0
29.2
163.0
152.0
118.0
153.0
320.0
94.5
209.0
124.0
201.0
76.2
217.0
30.7
49.8
287.0
124.0
17.5
166.0
27.6
148.0
161.0
210.0
171.0
194.0
65.6
203.0
54.7
40.5
77.1
184.0
130.0
179.0
51.9
182.0
179.0
111.0
34.6
163.0
276.0
