95.4
22.3
112.0
167.0
122.0
197.0
81.2
99.5
51.8
197.0
48.1
40.7
37.1
133.0
30.8
61.3
71.8
41.0
85.7
16.7
163.0
62.9
168.0
36.9
105.0
44.0
48.1
96.7
8.7
97.3
85.5
41.3
52.4
144.0
0.0
69.3
132.0
11.8
64.7
9.8
83.3
186.0
92.0
76.0
90.8
63.8
63.5
124.0
50.3
53.3
76.9
31.6
111.0
129.0
54.7
191.0
31.4
75.0
168.0
157.0
160.0
114.0
191.0
162.0
7.2
107.0
117.0
30.4
123.0
146.0
199.0
81.5
127.0
68.2
101.0
175.0
88.0
60.2
53.6
40.8
61.2
37.4
119.0
100.0
58.1
114.0
198.0
130.0
77.0
182.0
200.0
76.9
99.9
74.4
128.0
115.0
154.0
25.0
146.0
67.4
33.6
47.2
107.0
41.1
65.8
93.9
105.0
141.0
33.2
113.0
151.0
191.0
99.4
29.8
69.3
106.0
102.0
92.0
104.0
216.0
102.0
105.0
63.3
8.6
184.0
114.0
64.6
135.0
131.0
96.5
176.0
85.0
33.7
75.0
44.8
116.0
37.9
29.9
46.4
7.0
105.0
145.0
80.3
121.0
96.8
7.0
199.0
55.5
173.0
45.3
180.0
17.1
93.0
40.6
109.0
36.2
16.9
122.0
37.1
103.0
22.9
78.9
67.5
70.8
95.3
66.5
87.0
126.0
15.7
112.0
155.0
131.0
14.3
52.2
69.0
43.9
67.5
41.4
74.8
54.1
96.2
161.0
64.4
36.7
42.2
47.8
51.8
81.3
155.0
87.0
93.5
187.0
135.0
212.0
84.8
210.0
45.0
57.5
209.0
126.0
59.6
180.0
73.8
91.8
85.9
55.6
54.3
160.0
52.3
63.3
61.8
62.6
137.0
16.6
40.1
90.4
70.4
104.0
70.0
173.0
50.0
70.2
193.0
159.0
50.4
90.3
44.0
78.4
88.8
112.0
37.4
176.0
61.6
54.6
191.0
145.0
57.9
119.0
108.0
25.5
235.0
84.0
82.9
80.0
64.0
86.6
77.5
190.0
115.0
98.0
111.0
143.0
76.7
66.2
139.0
40.3
81.3
85.4
169.0
141.0
75.6
154.0
112.0
99.0
74.9
201.0
111.0
47.9
19.4
24.4
84.5
109.0
53.0
116.0
134.0
24.5
64.2
135.0
53.0
117.0
14.2
180.0
63.0
80.4
9.4
66.3
19.8
102.0
47.5
81.0
112.0
82.9
46.9
41.4
172.0
156.0
69.7
33.8
220.0
48.7
179.0
33.4
46.6
64.3
81.9
71.6
45.6
72.1
117.0
81.2
77.5
173.0
57.8
25.4
58.5
48.2
214.0
82.7
86.6
18.1
95.1
68.0
75.7
118.0
184.0
182.0
23.8
126.0
24.5
145.0
33.1
30.2
130.0
66.2
88.8
109.0
98.4
101.0
150.0
168.0
59.0
54.3
59.9
161.0
77.6
56.9
32.4
162.0
57.1
170.0
