34.9
40.2
88.7
228.0
153.0
226.0
73.4
151.0
38.0
160.0
13.0
91.4
90.8
206.0
45.8
112.0
63.3
76.9
34.4
70.4
113.0
114.0
198.0
33.1
135.0
71.5
14.4
65.7
67.7
148.0
44.1
38.8
79.9
174.0
70.5
0.0
94.8
46.0
48.9
72.7
20.9
137.0
52.7
106.0
39.6
110.0
7.6
175.0
26.3
4.9
32.9
40.8
78.0
180.0
86.7
141.0
49.1
7.5
237.0
187.0
190.0
145.0
153.0
213.0
75.4
44.3
167.0
32.7
195.0
200.0
230.0
40.1
96.4
33.9
151.0
126.0
73.1
91.4
36.1
52.1
94.3
62.8
56.8
52.7
99.2
143.0
149.0
160.0
46.9
144.0
230.0
128.0
58.6
7.0
97.1
84.1
116.0
75.7
196.0
47.7
36.0
67.3
76.4
91.8
57.3
145.0
63.4
189.0
69.9
143.0
181.0
221.0
150.0
68.1
62.8
170.0
61.7
50.6
134.0
246.0
40.0
42.2
116.0
56.9
135.0
175.0
56.8
186.0
182.0
34.6
206.0
29.2
91.3
105.0
47.9
145.0
65.4
57.4
97.1
64.8
42.4
176.0
55.9
58.7
67.1
77.5
230.0
47.6
203.0
85.6
210.0
69.2
144.0
33.2
160.0
28.7
63.0
152.0
48.5
133.0
73.0
17.4
26.2
9.8
54.0
53.5
26.0
96.6
51.1
49.5
105.0
101.0
40.9
47.2
9.1
59.2
15.6
68.9
66.9
45.7
66.5
191.0
33.4
64.2
69.8
51.9
90.2
15.7
206.0
117.0
144.0
218.0
165.0
242.0
21.1
161.0
38.2
29.9
239.0
94.5
110.0
210.0
125.0
67.2
68.4
17.0
50.9
210.0
44.4
67.8
100.0
28.5
167.0
58.5
67.6
141.0
62.3
41.3
35.8
135.0
103.0
121.0
143.0
189.0
83.6
120.0
88.3
37.0
139.0
49.7
72.2
206.0
112.0
105.0
222.0
204.0
61.6
65.2
67.9
95.9
185.0
16.1
27.6
55.8
22.4
76.1
9.3
221.0
85.1
35.5
69.1
193.0
61.3
117.0
170.0
101.0
39.9
73.7
199.0
93.2
17.8
215.0
49.4
91.1
41.2
231.0
162.0
41.1
62.8
63.1
135.0
78.2
5.9
146.0
164.0
45.9
102.0
165.0
90.6
147.0
77.8
210.0
16.5
34.3
47.6
96.8
39.3
186.0
78.1
19.6
85.0
61.6
97.6
38.0
134.0
186.0
45.7
80.9
170.0
60.0
209.0
60.9
74.2
22.9
112.0
43.1
18.7
132.0
87.4
112.0
128.0
203.0
15.0
34.1
92.3
27.0
164.0
133.0
45.2
81.8
47.7
114.0
67.8
147.0
214.0
144.0
54.6
157.0
55.7
175.0
83.8
28.9
99.3
40.1
26.3
181.0
38.3
131.0
180.0
269.0
26.3
105.0
13.9
215.0
9.4
18.8
75.7
193.0
51.8
121.0
