65.3
131.0
40.7
293.0
217.0
291.0
167.0
216.0
131.0
66.8
106.0
173.0
170.0
270.0
113.0
194.0
73.9
142.0
71.7
155.0
32.3
180.0
263.0
122.0
200.0
92.4
123.0
64.3
130.0
230.0
137.0
133.0
98.8
239.0
133.0
94.4
0.0
141.0
134.0
135.0
75.2
55.8
51.9
171.0
67.0
175.0
109.0
284.0
126.0
101.0
79.5
130.0
32.3
289.0
152.0
60.1
143.0
100.0
302.0
251.0
255.0
209.0
60.0
321.0
138.0
69.9
276.0
124.0
260.0
264.0
294.0
133.0
51.4
89.4
257.0
44.9
71.7
127.0
99.2
146.0
159.0
156.0
45.7
57.0
164.0
208.0
67.8
225.0
65.6
50.9
295.0
210.0
152.0
100.0
44.0
63.5
23.1
158.0
305.0
76.8
120.0
86.7
48.3
174.0
142.0
227.0
157.0
254.0
122.0
208.0
246.0
286.0
232.0
159.0
147.0
235.0
50.2
144.0
199.0
311.0
59.0
55.6
185.0
143.0
53.8
240.0
150.0
295.0
290.0
72.1
271.0
75.7
153.0
170.0
105.0
210.0
101.0
106.0
172.0
127.0
83.6
240.0
141.0
38.0
43.0
140.0
294.0
141.0
268.0
151.0
275.0
150.0
226.0
118.0
242.0
116.0
146.0
217.0
142.0
198.0
156.0
111.0
119.0
103.0
147.0
72.0
119.0
31.6
123.0
49.0
24.0
36.0
132.0
95.0
102.0
93.2
109.0
100.0
160.0
139.0
39.3
256.0
127.0
99.9
135.0
93.4
102.0
85.1
315.0
182.0
226.0
282.0
230.0
307.0
114.0
79.8
107.0
96.3
304.0
46.3
177.0
275.0
206.0
152.0
153.0
103.0
86.5
300.0
138.0
87.8
165.0
122.0
232.0
125.0
120.0
223.0
64.9
59.3
94.4
42.2
172.0
203.0
62.3
254.0
149.0
185.0
158.0
130.0
214.0
50.8
167.0
271.0
194.0
187.0
286.0
269.0
81.0
33.1
41.7
158.0
104.0
79.0
76.2
54.6
116.0
67.8
103.0
285.0
34.8
66.4
162.0
302.0
146.0
199.0
234.0
162.0
133.0
158.0
264.0
11.0
110.0
280.0
64.7
83.1
84.3
296.0
271.0
103.0
159.0
129.0
217.0
73.0
99.1
211.0
229.0
119.0
167.0
230.0
156.0
212.0
147.0
275.0
110.0
73.0
139.0
161.0
121.0
251.0
133.0
113.0
70.9
53.3
180.0
131.0
41.3
250.0
130.0
172.0
89.2
154.0
274.0
113.0
108.0
116.0
177.0
87.9
110.0
197.0
18.3
176.0
210.0
268.0
105.0
115.0
157.0
106.0
83.5
215.0
139.0
143.0
59.9
179.0
161.0
212.0
279.0
51.1
121.0
221.0
154.0
240.0
166.0
110.0
70.2
94.9
73.4
246.0
63.0
196.0
245.0
334.0
120.0
187.0
107.0
280.0
103.0
112.0
141.0
257.0
79.6
39.9
