79.4
7.4
122.0
178.0
132.0
206.0
74.5
111.0
45.1
207.0
32.9
51.7
48.2
144.0
39.9
72.4
80.9
50.1
69.6
14.8
172.0
73.9
177.0
21.8
113.0
53.1
32.9
106.0
17.8
108.0
66.7
34.6
61.5
153.0
11.8
54.1
141.0
0.0
58.0
22.8
67.3
196.0
101.0
85.1
74.7
73.0
47.5
135.0
43.6
38.1
60.9
24.9
120.0
140.0
63.8
200.0
24.8
59.8
179.0
166.0
144.0
123.0
200.0
173.0
19.0
90.7
128.0
15.2
134.0
157.0
184.0
62.8
137.0
52.1
112.0
185.0
97.2
69.4
47.6
34.1
70.3
30.8
103.0
87.9
67.2
123.0
207.0
139.0
86.1
191.0
209.0
87.9
81.2
43.7
137.0
124.0
163.0
36.1
157.0
76.5
42.7
56.4
117.0
52.2
59.2
105.0
86.1
153.0
42.3
122.0
160.0
200.0
110.0
23.2
62.6
117.0
111.0
73.2
114.0
225.0
86.5
88.7
89.2
6.7
193.0
125.0
58.0
146.0
142.0
80.4
185.0
69.0
48.1
84.2
53.9
125.0
47.0
39.0
57.4
16.4
88.8
154.0
73.6
105.0
106.0
18.7
208.0
48.8
182.0
54.4
189.0
29.6
104.0
25.5
120.0
21.1
10.2
131.0
30.5
112.0
33.4
60.2
48.8
52.1
76.6
75.6
68.3
135.0
24.9
95.9
164.0
140.0
9.6
61.3
37.2
53.0
48.7
50.5
68.1
47.5
105.0
170.0
57.8
45.8
51.4
56.9
60.9
65.2
166.0
96.1
105.0
196.0
144.0
221.0
66.0
220.0
54.1
41.5
219.0
135.0
71.2
189.0
84.9
85.2
79.2
39.6
63.4
171.0
45.6
72.4
71.0
55.9
147.0
25.8
49.2
101.0
79.6
87.8
53.9
182.0
66.5
81.2
202.0
169.0
59.6
99.5
53.1
59.7
99.8
96.1
30.7
186.0
72.6
65.7
200.0
156.0
67.0
111.0
117.0
51.2
244.0
67.9
66.8
89.1
57.3
95.7
62.4
199.0
124.0
82.0
91.8
154.0
70.0
77.3
149.0
56.8
62.5
78.7
179.0
150.0
56.9
165.0
95.9
108.0
65.2
210.0
122.0
57.1
23.2
33.6
95.6
118.0
37.8
125.0
143.0
33.7
73.4
144.0
62.2
126.0
25.9
190.0
44.3
64.3
6.2
75.5
16.2
113.0
56.7
62.2
121.0
92.1
58.0
34.8
181.0
165.0
63.0
36.0
229.0
42.0
188.0
42.5
55.8
45.6
91.1
67.8
30.5
87.9
126.0
90.3
88.5
182.0
34.1
21.8
67.6
39.5
223.0
93.8
67.9
38.1
82.9
77.1
69.0
127.0
194.0
191.0
33.0
136.0
17.8
154.0
44.2
32.4
140.0
50.2
72.8
120.0
82.4
110.0
134.0
179.0
52.3
65.4
38.3
172.0
62.4
38.1
41.6
171.0
66.3
180.0
