74.2
63.7
128.0
221.0
189.0
263.0
28.5
154.0
14.6
199.0
45.6
94.9
81.3
187.0
82.7
115.0
112.0
114.0
73.7
58.1
152.0
117.0
235.0
45.1
172.0
108.0
57.7
105.0
71.0
151.0
16.8
50.9
117.0
211.0
65.0
41.5
134.0
59.2
0.0
76.0
60.2
176.0
91.4
143.0
78.9
147.0
46.3
178.0
38.3
43.9
72.2
52.8
117.0
184.0
124.0
180.0
37.4
35.0
223.0
223.0
227.0
181.0
192.0
216.0
72.1
83.6
171.0
53.5
177.0
200.0
227.0
14.2
136.0
76.3
155.0
165.0
112.0
128.0
71.7
34.6
131.0
50.9
95.4
92.0
136.0
180.0
188.0
197.0
85.6
183.0
267.0
131.0
24.4
32.0
136.0
123.0
155.0
79.2
200.0
96.5
73.0
112.0
116.0
95.3
7.8
148.0
49.0
196.0
107.0
180.0
218.0
258.0
154.0
58.6
13.3
160.0
101.0
18.7
171.0
283.0
79.3
81.5
132.0
60.4
174.0
168.0
17.7
189.0
185.0
73.3
243.0
68.5
95.7
142.0
84.8
182.0
102.0
94.3
101.0
69.6
81.7
212.0
15.6
98.0
106.0
71.9
266.0
16.3
240.0
108.0
247.0
72.7
147.0
45.3
163.0
52.5
50.7
189.0
36.1
169.0
76.5
26.5
24.3
30.9
39.5
102.0
31.2
136.0
78.0
88.8
144.0
140.0
64.4
82.0
41.3
92.4
28.8
106.0
34.6
24.5
106.0
228.0
10.7
101.0
107.0
86.7
116.0
55.0
209.0
154.0
148.0
254.0
202.0
279.0
34.7
200.0
75.2
65.6
276.0
134.0
122.0
247.0
128.0
22.5
23.7
63.7
99.7
214.0
13.5
117.0
124.0
18.4
204.0
78.9
105.0
145.0
111.0
80.6
78.1
174.0
112.0
124.0
182.0
226.0
121.0
157.0
106.0
22.6
143.0
89.0
60.3
243.0
116.0
109.0
258.0
199.0
110.0
104.0
107.0
94.4
224.0
55.4
67.0
95.1
27.4
115.0
32.8
257.0
124.0
74.8
54.7
197.0
16.6
120.0
206.0
102.0
25.5
29.0
236.0
133.0
25.7
208.0
88.7
139.0
89.3
268.0
165.0
78.1
66.3
86.8
139.0
117.0
46.1
183.0
201.0
82.8
139.0
202.0
115.0
184.0
81.3
247.0
32.3
73.0
63.4
133.0
66.9
156.0
115.0
28.5
124.0
100.0
101.0
28.8
174.0
222.0
5.0
71.4
209.0
48.1
246.0
97.9
111.0
25.9
149.0
91.9
54.6
169.0
127.0
148.0
132.0
240.0
59.0
61.7
129.0
63.7
204.0
137.0
12.6
91.2
87.0
151.0
24.1
184.0
251.0
183.0
91.6
193.0
43.4
212.0
87.3
56.5
139.0
74.3
65.6
163.0
77.6
168.0
217.0
222.0
38.9
109.0
37.5
215.0
40.1
36.4
94.7
229.0
101.0
160.0
