97.6
33.8
115.0
171.0
111.0
185.0
92.6
104.0
63.2
200.0
59.5
45.0
41.5
137.0
33.0
65.7
74.0
29.9
87.9
25.4
165.0
47.5
157.0
48.4
94.3
46.2
59.5
98.9
5.0
102.0
96.9
52.7
54.6
133.0
10.0
71.5
134.0
23.3
76.1
0.0
85.6
189.0
94.3
64.9
93.0
52.7
65.7
128.0
61.7
66.6
79.1
43.0
113.0
134.0
43.6
193.0
42.9
77.2
196.0
145.0
149.0
103.0
193.0
166.0
3.6
109.0
121.0
41.8
127.0
158.0
188.0
92.9
130.0
70.4
105.0
178.0
90.3
49.1
55.8
52.2
50.0
48.9
121.0
102.0
47.0
102.0
201.0
119.0
79.2
184.0
189.0
81.2
111.0
77.4
130.0
117.0
156.0
29.4
150.0
69.6
35.8
49.5
110.0
45.5
77.3
98.3
116.0
148.0
23.6
102.0
140.0
180.0
104.0
41.3
80.7
129.0
105.0
103.0
93.3
205.0
105.0
107.0
53.0
17.6
187.0
134.0
76.1
140.0
135.0
98.7
165.0
87.2
21.3
63.9
47.0
104.0
40.1
32.1
36.9
11.7
107.0
134.0
91.7
123.0
99.1
8.8
188.0
66.9
162.0
34.1
169.0
19.1
97.4
52.0
113.0
47.6
28.3
111.0
48.6
91.5
26.3
90.4
79.0
82.3
107.0
68.7
98.4
129.0
17.9
114.0
157.0
133.0
26.1
54.4
80.4
46.1
78.9
43.6
86.2
65.6
98.4
150.0
75.9
38.9
31.1
50.0
56.4
83.5
160.0
75.9
97.9
176.0
124.0
201.0
91.5
213.0
47.2
59.7
198.0
128.0
49.3
169.0
78.2
103.0
97.3
57.9
56.5
164.0
63.7
65.5
46.8
74.0
126.0
11.1
31.0
94.8
72.7
106.0
72.2
175.0
39.7
74.5
195.0
148.0
39.3
79.2
28.9
89.8
93.2
114.0
48.8
165.0
66.0
59.0
180.0
149.0
60.1
121.0
110.0
23.5
237.0
86.2
85.1
82.2
75.4
88.8
79.7
179.0
117.0
100.0
122.0
147.0
88.1
70.6
128.0
30.0
92.7
96.8
158.0
143.0
87.1
158.0
114.0
93.3
77.1
190.0
116.0
50.1
22.8
12.7
88.9
111.0
67.7
105.0
123.0
26.7
53.1
124.0
41.9
106.0
12.2
169.0
74.4
82.6
21.2
55.2
24.6
107.0
36.4
92.4
106.0
85.2
51.3
52.9
174.0
144.0
81.1
38.2
222.0
60.1
168.0
35.6
50.6
75.7
70.8
73.8
58.1
61.9
119.0
70.0
81.9
162.0
60.0
30.2
47.3
50.4
216.0
87.1
98.0
13.1
97.3
56.8
87.1
106.0
173.0
184.0
17.8
115.0
35.9
134.0
37.5
35.1
133.0
68.4
91.1
113.0
101.0
89.9
139.0
172.0
70.4
58.7
71.3
174.0
79.8
68.3
21.3
151.0
59.4
173.0
