14.5
62.7
75.7
243.0
168.0
242.0
94.0
166.0
58.5
140.0
33.6
114.0
110.0
221.0
61.0
135.0
50.3
92.1
9.9
81.5
92.9
136.0
213.0
54.1
151.0
60.1
35.3
52.7
82.9
171.0
64.7
64.1
66.4
189.0
85.7
21.7
74.0
68.6
60.9
87.9
0.0
116.0
39.1
121.0
15.7
125.0
22.9
197.0
46.9
28.3
20.0
61.8
57.9
203.0
102.0
121.0
74.3
27.4
252.0
202.0
206.0
159.0
133.0
235.0
90.6
20.0
190.0
55.3
210.0
214.0
245.0
60.7
83.5
21.0
174.0
105.0
60.1
93.9
30.8
72.7
110.0
88.0
36.0
22.4
114.0
159.0
128.0
175.0
33.4
124.0
245.0
150.0
79.2
27.6
84.2
71.2
96.0
98.3
219.0
34.8
51.2
54.3
63.5
114.0
69.3
167.0
84.0
204.0
85.1
158.0
196.0
236.0
173.0
85.8
74.8
185.0
36.5
71.2
150.0
261.0
19.8
22.0
131.0
79.5
114.0
191.0
77.4
209.0
204.0
12.0
221.0
7.9
106.0
120.0
45.9
161.0
68.7
72.6
120.0
80.0
24.2
190.0
67.9
38.6
54.2
92.7
244.0
68.2
218.0
101.0
225.0
91.8
166.0
49.6
182.0
48.0
72.4
167.0
73.7
148.0
95.6
37.9
46.8
30.4
74.5
40.6
46.5
83.7
66.3
29.3
84.6
88.1
63.4
34.3
29.7
46.2
36.2
67.8
87.5
66.3
53.5
206.0
54.0
67.5
85.0
39.0
77.2
13.7
228.0
132.0
167.0
232.0
180.0
257.0
41.6
140.0
38.2
27.9
255.0
81.6
125.0
225.0
147.0
79.2
80.4
35.0
38.0
233.0
65.0
54.9
115.0
49.1
183.0
73.7
82.8
164.0
49.4
21.2
22.9
115.0
118.0
143.0
123.0
205.0
98.8
135.0
104.0
57.6
162.0
29.5
97.5
222.0
135.0
128.0
236.0
219.0
48.6
44.4
47.7
113.0
165.0
5.6
7.6
42.8
43.0
62.6
29.8
235.0
72.1
15.4
89.7
216.0
73.3
139.0
184.0
115.0
60.5
85.7
215.0
73.1
37.7
231.0
29.3
77.5
27.6
246.0
185.0
39.8
85.4
78.4
158.0
65.2
26.4
161.0
179.0
61.1
117.0
180.0
106.0
162.0
100.0
226.0
37.1
20.8
62.7
111.0
52.2
202.0
93.3
40.1
72.0
48.1
120.0
58.6
114.0
201.0
57.7
98.6
150.0
85.3
224.0
76.1
84.6
43.5
127.0
30.2
41.2
148.0
74.4
126.0
151.0
218.0
32.1
47.0
107.0
37.5
144.0
156.0
65.8
96.4
34.8
130.0
88.4
163.0
230.0
124.0
69.8
172.0
81.0
190.0
106.0
41.8
86.4
26.5
6.1
196.0
17.9
146.0
195.0
284.0
46.9
128.0
34.5
230.0
29.9
39.4
90.9
207.0
38.8
100.0
