111.0
178.0
95.4
348.0
272.0
346.0
209.0
271.0
173.0
123.0
148.0
229.0
225.0
325.0
168.0
249.0
129.0
196.0
126.0
196.0
20.8
234.0
318.0
169.0
255.0
147.0
150.0
119.0
185.0
285.0
180.0
179.0
153.0
293.0
187.0
137.0
57.5
183.0
176.0
190.0
117.0
0.0
107.0
226.0
122.0
230.0
138.0
312.0
162.0
143.0
135.0
177.0
85.0
318.0
206.0
14.8
189.0
142.0
356.0
306.0
310.0
264.0
116.0
350.0
192.0
112.0
305.0
170.0
314.0
319.0
349.0
176.0
106.0
136.0
312.0
10.9
126.0
182.0
146.0
188.0
214.0
203.0
87.9
103.0
219.0
263.0
15.2
279.0
120.0
107.0
349.0
265.0
194.0
142.0
98.7
118.0
60.8
213.0
334.0
131.0
166.0
141.0
103.0
229.0
184.0
282.0
199.0
308.0
176.0
263.0
300.0
340.0
288.0
201.0
190.0
290.0
92.4
186.0
254.0
366.0
101.0
97.8
240.0
198.0
11.2
295.0
192.0
323.0
319.0
114.0
326.0
122.0
208.0
225.0
160.0
265.0
156.0
161.0
227.0
182.0
126.0
295.0
183.0
80.2
97.6
194.0
349.0
183.0
323.0
205.0
330.0
207.0
281.0
165.0
297.0
163.0
187.0
272.0
189.0
252.0
210.0
153.0
162.0
145.0
189.0
127.0
161.0
86.3
177.0
91.2
45.9
90.7
178.0
149.0
145.0
148.0
151.0
155.0
202.0
181.0
96.8
311.0
169.0
155.0
189.0
148.0
157.0
129.0
343.0
237.0
282.0
337.0
284.0
362.0
156.0
72.4
153.0
143.0
359.0
101.0
231.0
329.0
262.0
194.0
195.0
150.0
141.0
354.0
180.0
142.0
220.0
164.0
287.0
179.0
174.0
279.0
120.0
102.0
138.0
98.5
226.0
258.0
9.0
309.0
203.0
240.0
213.0
172.0
268.0
93.0
212.0
326.0
250.0
243.0
341.0
323.0
136.0
75.3
90.0
213.0
51.9
121.0
124.0
109.0
158.0
122.0
145.0
340.0
89.5
109.0
205.0
331.0
188.0
254.0
289.0
217.0
175.0
201.0
319.0
45.4
153.0
335.0
107.0
138.0
139.0
351.0
299.0
155.0
200.0
184.0
273.0
128.0
141.0
266.0
283.0
174.0
221.0
285.0
210.0
267.0
202.0
330.0
152.0
128.0
194.0
216.0
167.0
306.0
188.0
155.0
126.0
108.0
235.0
173.0
97.6
305.0
173.0
214.0
36.7
200.0
328.0
168.0
163.0
158.0
231.0
145.0
156.0
252.0
68.2
231.0
266.0
323.0
147.0
162.0
211.0
152.0
31.0
271.0
181.0
198.0
115.0
234.0
203.0
267.0
334.0
107.0
175.0
276.0
196.0
294.0
221.0
157.0
125.0
141.0
116.0
300.0
103.0
251.0
300.0
389.0
162.0
242.0
149.0
335.0
145.0
154.0
195.0
312.0
134.0
14.5
