13.5
81.3
32.0
251.0
175.0
249.0
124.0
174.0
88.7
118.0
72.9
131.0
127.0
228.0
70.5
151.0
31.4
99.3
21.8
113.0
83.2
137.0
220.0
72.7
158.0
50.0
72.9
22.0
87.4
187.0
94.8
82.7
56.3
196.0
90.2
51.8
52.4
98.7
91.1
92.4
37.4
107.0
0.0
128.0
11.8
133.0
59.6
241.0
76.1
58.5
29.6
80.4
28.4
247.0
109.0
111.0
92.9
57.5
259.0
209.0
213.0
167.0
111.0
279.0
95.1
37.8
234.0
73.9
217.0
222.0
252.0
90.9
52.8
39.6
215.0
95.8
29.4
84.3
49.4
96.0
117.0
107.0
30.8
5.2
122.0
166.0
119.0
182.0
14.9
102.0
252.0
167.0
109.0
57.7
53.5
40.5
74.2
115.0
263.0
34.3
69.8
44.2
32.8
131.0
99.4
184.0
114.0
211.0
79.1
166.0
203.0
243.0
190.0
117.0
105.0
193.0
10.4
101.0
157.0
268.0
19.9
14.2
143.0
101.0
105.0
198.0
108.0
252.0
248.0
31.5
229.0
20.0
111.0
127.0
62.5
168.0
58.6
64.0
130.0
84.5
43.0
198.0
98.1
22.6
16.5
97.2
252.0
98.4
225.0
108.0
232.0
107.0
183.0
68.2
199.0
66.6
104.0
174.0
92.3
155.0
113.0
68.0
76.9
60.6
105.0
29.5
76.6
46.7
80.3
31.4
75.0
51.1
82.0
52.5
59.9
50.7
66.3
57.7
118.0
96.4
13.7
213.0
84.2
57.4
92.2
50.9
60.0
35.3
272.0
139.0
184.0
240.0
187.0
265.0
71.7
131.0
56.8
46.5
262.0
50.9
134.0
232.0
164.0
109.0
111.0
53.6
44.0
257.0
95.2
45.3
123.0
79.3
190.0
82.0
77.1
181.0
22.4
27.9
41.5
93.2
129.0
160.0
113.0
212.0
106.0
143.0
116.0
87.7
171.0
19.7
116.0
229.0
152.0
145.0
244.0
226.0
38.6
36.6
16.5
116.0
155.0
38.0
26.4
11.4
73.1
30.1
60.0
242.0
35.2
17.6
120.0
260.0
103.0
156.0
192.0
120.0
90.6
116.0
222.0
61.4
67.9
238.0
35.5
59.4
41.8
253.0
228.0
60.6
117.0
86.6
175.0
34.5
56.6
168.0
186.0
76.9
124.0
188.0
113.0
170.0
104.0
233.0
67.3
23.2
96.6
119.0
70.8
209.0
90.7
70.2
41.3
15.6
137.0
88.7
92.4
208.0
87.8
129.0
140.0
104.0
231.0
70.4
65.4
73.7
134.0
45.4
59.8
155.0
37.5
134.0
168.0
225.0
62.2
65.6
114.0
56.1
134.0
173.0
96.0
101.0
4.3
137.0
119.0
170.0
237.0
102.0
78.1
179.0
99.6
197.0
123.0
60.4
55.7
45.1
42.9
203.0
11.2
153.0
203.0
292.0
77.0
144.0
64.6
237.0
60.1
69.5
98.2
214.0
37.1
90.8
