133.0
95.6
150.0
125.0
49.7
124.0
155.0
45.4
125.0
235.0
106.0
102.0
98.4
103.0
72.3
62.4
110.0
35.4
123.0
90.7
201.0
39.3
95.3
106.0
29.6
81.8
106.0
135.0
67.8
107.0
140.0
116.0
73.4
71.1
76.7
106.0
170.0
85.1
145.0
64.7
120.0
224.0
130.0
0.0
128.0
15.4
101.0
116.0
109.0
101.0
114.0
105.0
149.0
121.0
22.1
228.0
105.0
112.0
134.0
83.8
87.7
41.4
228.0
154.0
68.3
144.0
109.0
107.0
91.9
96.5
127.0
136.0
147.0
105.0
89.6
213.0
126.0
59.2
90.7
114.0
28.3
111.0
156.0
138.0
19.9
30.4
236.0
57.2
115.0
219.0
127.0
72.4
154.0
112.0
147.0
124.0
192.0
86.3
138.0
105.0
74.2
85.1
145.0
61.8
139.0
108.0
159.0
85.9
49.4
40.5
78.0
118.0
95.8
97.1
143.0
67.5
140.0
146.0
22.0
143.0
140.0
142.0
31.2
87.1
222.0
72.8
138.0
127.0
123.0
134.0
104.0
122.0
49.5
8.7
82.6
42.8
66.4
67.7
50.3
70.8
142.0
72.6
152.0
158.0
135.0
79.4
127.0
129.0
100.0
36.8
107.0
79.9
53.6
101.0
109.0
99.9
90.2
49.3
110.0
29.9
85.9
123.0
122.0
115.0
150.0
104.0
131.0
164.0
70.9
149.0
192.0
154.0
88.0
90.0
114.0
81.7
122.0
70.2
148.0
127.0
134.0
88.3
129.0
74.5
43.0
85.6
68.4
118.0
147.0
11.0
64.7
115.0
62.1
139.0
126.0
248.0
82.1
94.6
137.0
146.0
26.2
107.0
57.9
163.0
159.0
92.8
92.1
132.0
126.0
96.7
21.9
124.0
64.7
61.3
54.2
115.0
108.0
141.0
107.0
211.0
33.7
64.9
231.0
86.6
42.2
12.9
41.5
133.0
42.9
149.0
104.0
104.0
47.7
57.6
118.0
101.0
95.7
157.0
146.0
70.9
273.0
121.0
120.0
118.0
118.0
112.0
115.0
117.0
153.0
135.0
165.0
135.0
157.0
71.7
66.6
46.9
136.0
159.0
96.7
179.0
122.0
113.0
149.0
105.0
113.0
128.0
103.0
85.0
85.6
53.6
52.1
127.0
103.0
43.2
61.2
67.5
17.1
62.4
29.1
44.5
66.1
108.0
117.0
117.0
83.0
11.7
81.4
83.8
48.4
125.0
118.0
121.0
55.3
115.0
210.0
82.8
141.0
95.1
258.0
122.0
106.0
58.8
62.6
119.0
7.0
109.0
93.0
19.7
155.0
11.1
77.3
100.0
94.9
83.9
33.4
85.3
252.0
65.6
141.0
56.6
133.0
16.5
149.0
44.8
112.0
220.0
56.3
53.6
97.8
72.1
80.5
93.6
142.0
103.0
126.0
78.1
136.0
21.9
77.6
167.0
116.0
72.2
112.0
112.0
115.0
111.0
43.6
89.2
95.0
208.0
