6.9
68.9
55.6
249.0
174.0
248.0
112.0
173.0
76.3
135.0
60.5
120.0
117.0
227.0
67.2
141.0
42.0
98.3
6.1
87.7
100.0
142.0
219.0
60.3
157.0
60.5
60.5
32.5
89.1
177.0
82.4
70.3
66.9
195.0
92.0
39.4
69.2
74.8
78.7
94.1
15.1
124.0
11.9
127.0
0.0
131.0
47.2
203.0
63.7
46.1
15.4
68.0
34.5
209.0
108.0
128.0
80.5
45.1
258.0
208.0
212.0
165.0
128.0
241.0
96.8
31.3
196.0
61.5
216.0
221.0
251.0
78.5
63.3
27.2
180.0
113.0
40.0
94.9
37.0
83.6
116.0
94.3
36.4
8.5
121.0
165.0
136.0
181.0
14.3
119.0
251.0
156.0
96.9
45.3
64.0
51.0
91.0
105.0
225.0
22.6
57.4
54.8
43.3
121.0
87.1
173.0
102.0
210.0
91.3
165.0
202.0
242.0
179.0
92.0
92.5
192.0
18.6
88.9
156.0
267.0
16.3
12.9
138.0
85.7
122.0
197.0
95.1
215.0
210.0
23.5
228.0
8.3
113.0
126.0
52.1
167.0
69.1
74.5
126.0
86.2
36.5
197.0
85.7
30.8
34.0
98.9
251.0
86.0
224.0
107.0
231.0
98.0
172.0
55.8
188.0
54.3
78.6
173.0
79.9
154.0
102.0
55.6
64.5
48.2
92.3
22.0
64.2
63.5
72.5
29.1
91.8
67.9
69.6
40.5
47.5
52.4
53.9
68.3
105.0
84.0
33.4
212.0
71.8
68.0
91.2
45.2
70.5
22.9
235.0
138.0
173.0
239.0
186.0
264.0
59.3
148.0
44.4
34.1
261.0
61.4
131.0
231.0
153.0
96.9
98.1
41.2
44.2
239.0
82.8
55.8
122.0
66.9
189.0
79.9
87.7
170.0
32.9
22.2
29.1
110.0
124.0
150.0
130.0
211.0
105.0
142.0
110.0
75.3
168.0
19.0
104.0
228.0
141.0
134.0
243.0
225.0
49.1
38.7
24.7
120.0
172.0
25.6
9.6
18.7
60.7
42.4
47.6
241.0
52.0
11.1
107.0
222.0
91.1
146.0
191.0
121.0
78.2
103.0
221.0
78.1
55.5
237.0
30.3
69.9
18.6
252.0
191.0
46.0
91.6
84.6
164.0
45.1
44.2
167.0
185.0
67.3
123.0
186.0
112.0
169.0
107.0
232.0
54.9
10.3
68.9
118.0
58.4
208.0
99.5
57.8
51.8
27.9
126.0
76.3
109.0
207.0
75.4
105.0
157.0
91.5
230.0
80.9
75.9
61.3
133.0
36.4
47.4
154.0
54.3
132.0
157.0
224.0
49.8
53.2
113.0
43.7
151.0
162.0
83.6
103.0
7.6
136.0
106.0
169.0
236.0
119.0
76.0
178.0
87.2
196.0
113.0
48.0
66.2
32.7
20.6
202.0
7.6
152.0
202.0
291.0
64.6
134.0
52.2
236.0
47.7
57.1
97.1
213.0
47.7
108.0
