37.0
41.5
97.0
222.0
146.0
220.0
70.7
145.0
44.1
176.0
16.4
92.7
89.1
199.0
39.7
113.0
61.0
70.8
42.8
60.2
115.0
115.0
192.0
32.8
129.0
65.4
11.2
74.0
61.6
149.0
44.3
42.8
73.8
168.0
64.5
8.0
111.0
47.3
46.4
66.6
23.0
139.0
60.4
99.8
47.9
104.0
0.0
176.0
36.2
7.2
34.0
40.5
80.2
181.0
80.6
143.0
53.1
12.8
231.0
180.0
184.0
138.0
169.0
214.0
69.3
46.4
169.0
34.0
188.0
193.0
223.0
40.0
105.0
13.7
153.0
128.0
81.4
84.7
19.3
56.1
88.2
66.8
58.3
61.0
93.1
137.0
151.0
154.0
54.6
160.0
224.0
129.0
58.7
12.3
105.0
92.4
132.0
77.0
198.0
45.5
29.9
65.0
84.7
93.1
54.8
146.0
63.6
183.0
63.8
137.0
175.0
215.0
151.0
64.5
60.3
164.0
70.0
50.8
128.0
240.0
42.1
44.3
110.0
58.2
137.0
169.0
62.9
187.0
183.0
36.1
200.0
42.1
85.2
98.9
32.4
139.0
59.4
51.3
98.4
58.8
40.1
169.0
53.4
60.9
75.4
71.4
223.0
53.8
197.0
79.5
204.0
70.5
145.0
28.3
161.0
26.8
51.1
146.0
52.5
126.0
74.3
26.7
32.3
15.9
54.1
51.3
34.6
105.0
45.0
51.6
107.0
109.0
42.1
31.0
15.3
41.4
21.7
62.9
73.0
51.8
74.8
185.0
39.5
58.1
63.7
35.7
73.2
13.3
207.0
111.0
146.0
211.0
159.0
236.0
29.7
163.0
23.7
14.6
233.0
103.0
104.0
204.0
126.0
64.7
65.9
9.5
48.7
212.0
50.5
65.6
94.1
34.7
161.0
52.4
61.6
142.0
60.1
43.5
27.1
151.0
96.7
122.0
145.0
183.0
77.5
114.0
82.3
37.2
141.0
51.8
76.2
200.0
114.0
107.0
215.0
198.0
59.4
66.8
70.0
92.2
187.0
17.4
40.0
64.1
28.5
78.5
16.2
214.0
93.4
37.7
69.3
195.0
58.8
118.0
163.0
93.9
40.1
71.1
193.0
95.4
23.2
209.0
51.6
88.2
38.3
225.0
163.0
25.6
64.1
57.1
137.0
86.5
8.6
140.0
158.0
39.8
95.6
159.0
84.5
141.0
79.1
204.0
22.6
37.5
41.4
90.2
30.9
180.0
72.0
28.2
93.3
69.4
98.9
44.1
151.0
179.0
43.2
77.3
172.0
64.0
203.0
54.8
68.1
29.0
106.0
40.9
19.9
126.0
95.7
105.0
129.0
197.0
7.9
25.7
85.6
15.7
166.0
135.0
45.4
75.1
56.0
108.0
66.2
141.0
208.0
160.0
48.6
150.0
59.7
169.0
85.1
20.5
108.0
23.3
28.5
175.0
40.4
125.0
174.0
263.0
32.4
106.0
20.0
209.0
21.8
24.9
69.6
186.0
49.5
123.0
