136.0
84.9
154.0
113.0
59.8
134.0
144.0
46.6
114.0
239.0
110.0
59.2
69.0
85.4
76.3
52.7
114.0
29.6
127.0
70.8
205.0
25.9
105.0
110.0
32.0
85.7
110.0
138.0
57.0
84.3
144.0
120.0
77.4
81.2
65.9
110.0
174.0
74.4
148.0
53.9
124.0
228.0
134.0
15.2
132.0
0.0
105.0
91.4
113.0
105.0
118.0
94.1
153.0
109.0
16.2
232.0
94.0
116.0
115.0
93.9
75.4
51.5
232.0
123.0
49.8
148.0
96.6
111.0
75.6
84.3
112.0
140.0
151.0
109.0
73.4
217.0
130.0
44.9
94.6
103.0
28.9
100.0
160.0
142.0
5.7
45.6
240.0
67.3
119.0
223.0
137.0
63.9
158.0
116.0
151.0
128.0
196.0
58.1
126.0
109.0
78.1
89.0
149.0
48.3
128.0
80.9
163.0
73.7
53.3
42.4
88.1
128.0
83.8
77.2
132.0
50.1
144.0
150.0
37.2
153.0
144.0
146.0
22.7
71.1
226.0
60.9
127.0
115.0
111.0
138.0
114.0
126.0
31.2
19.1
86.6
52.9
70.3
71.6
36.8
60.0
146.0
82.7
156.0
162.0
139.0
59.5
137.0
118.0
110.0
18.6
117.0
60.0
54.8
105.0
95.9
104.0
79.4
59.4
99.7
40.0
66.0
127.0
126.0
119.0
154.0
108.0
135.0
168.0
74.8
153.0
196.0
158.0
77.2
94.0
118.0
85.6
126.0
74.2
137.0
117.0
138.0
98.4
133.0
78.4
47.0
89.6
72.3
122.0
135.0
26.3
65.9
125.0
72.2
150.0
130.0
252.0
86.0
98.6
147.0
150.0
13.8
117.0
55.2
167.0
148.0
96.7
96.0
120.0
115.0
101.0
6.7
128.0
55.3
50.5
58.2
77.4
112.0
145.0
111.0
215.0
18.6
56.4
235.0
96.7
26.7
28.1
23.3
137.0
44.0
153.0
84.2
114.0
38.0
45.9
129.0
88.6
99.6
161.0
150.0
38.0
277.0
125.0
124.0
122.0
122.0
116.0
119.0
127.0
157.0
139.0
169.0
123.0
161.0
62.0
76.7
28.2
139.0
148.0
107.0
183.0
126.0
101.0
153.0
109.0
117.0
138.0
91.3
88.9
65.7
42.9
53.2
131.0
107.0
47.5
71.3
71.4
21.1
72.5
10.8
54.6
45.0
118.0
121.0
121.0
72.3
15.6
85.3
61.6
52.3
129.0
122.0
125.0
41.8
104.0
214.0
93.0
145.0
75.2
262.0
111.0
116.0
62.8
66.5
123.0
22.2
113.0
96.9
15.5
159.0
10.1
68.8
110.0
98.8
87.8
32.7
89.2
256.0
63.2
145.0
39.3
137.0
4.7
138.0
54.9
122.0
224.0
60.2
63.8
87.0
82.2
50.2
97.5
146.0
107.0
130.0
66.2
139.0
36.1
65.3
177.0
120.0
58.7
115.0
100.0
119.0
115.0
28.6
99.4
98.9
212.0
