208.0
136.0
263.0
45.4
88.4
87.7
196.0
54.0
166.0
348.0
162.0
96.9
109.0
9.1
185.0
66.5
223.0
148.0
199.0
123.0
314.0
84.7
59.3
151.0
60.7
195.0
162.0
247.0
133.0
34.8
200.0
156.0
186.0
62.3
124.0
183.0
283.0
135.0
179.0
129.0
196.0
337.0
243.0
116.0
204.0
91.5
176.0
0.0
165.0
167.0
190.0
146.0
262.0
10.9
140.0
341.0
146.0
189.0
47.2
60.7
25.3
80.5
341.0
41.2
125.0
220.0
15.5
144.0
19.9
22.4
48.9
196.0
260.0
181.0
29.2
326.0
239.0
172.0
177.0
155.0
153.0
141.0
232.0
217.0
96.7
92.5
349.0
43.5
228.0
332.0
99.3
47.3
214.0
173.0
260.0
237.0
305.0
105.0
25.0
218.0
187.0
198.0
258.0
85.0
180.0
35.8
219.0
17.8
162.0
55.9
75.9
90.2
23.7
130.0
184.0
42.2
253.0
206.0
101.0
70.0
215.0
218.0
87.8
124.0
335.0
46.9
179.0
14.2
18.2
209.0
46.4
198.0
108.0
125.0
196.0
69.2
179.0
181.0
89.3
131.0
218.0
49.4
195.0
234.0
248.0
119.0
55.6
170.0
75.1
115.0
68.6
107.0
47.1
154.0
27.4
150.0
129.0
88.0
151.0
91.8
114.0
193.0
182.0
185.0
210.0
217.0
201.0
277.0
140.0
225.0
305.0
267.0
140.0
203.0
166.0
195.0
182.0
183.0
189.0
168.0
247.0
53.6
179.0
187.0
156.0
199.0
181.0
194.0
34.5
110.0
35.5
91.7
54.9
112.0
199.0
361.0
195.0
170.0
65.9
259.0
97.8
104.0
65.2
206.0
200.0
169.0
205.0
38.9
167.0
210.0
104.0
177.0
38.7
154.0
167.0
42.4
221.0
217.0
183.0
324.0
95.3
55.5
344.0
80.7
155.0
103.0
107.0
193.0
61.8
225.0
137.0
41.0
73.0
73.4
56.5
20.9
209.0
240.0
259.0
105.0
386.0
197.0
196.0
231.0
178.0
225.0
191.0
72.4
266.0
211.0
225.0
22.1
191.0
77.0
55.4
103.0
196.0
200.0
96.1
292.0
190.0
32.8
225.0
218.0
194.0
100.0
13.2
198.0
118.0
146.0
56.5
240.0
167.0
53.7
45.9
149.0
135.0
94.1
114.0
82.5
120.0
79.9
177.0
193.0
139.0
130.0
146.0
38.8
161.0
195.0
231.0
234.0
78.6
156.0
323.0
82.9
184.0
120.0
371.0
163.0
83.2
172.0
176.0
179.0
119.0
197.0
159.0
76.0
268.0
116.0
54.4
54.8
163.0
155.0
163.0
169.0
365.0
49.3
201.0
116.0
212.0
86.8
190.0
79.9
74.4
333.0
169.0
85.4
139.0
39.0
92.3
161.0
255.0
179.0
202.0
38.6
211.0
99.9
26.2
47.2
173.0
90.2
167.0
37.2
191.0
171.0
157.0
35.2
208.0
321.0
