60.5
28.7
113.0
206.0
154.0
228.0
64.4
139.0
29.5
192.0
12.0
80.6
64.2
173.0
47.7
101.0
77.0
78.7
58.7
43.8
139.0
103.0
200.0
7.8
137.0
73.4
22.7
89.9
56.7
137.0
35.3
8.9
81.8
176.0
50.7
27.8
127.0
34.5
40.1
61.7
46.5
162.0
76.3
108.0
63.8
112.0
32.6
164.0
0.0
27.9
49.9
15.6
104.0
169.0
88.5
166.0
22.5
28.9
208.0
188.0
192.0
146.0
185.0
202.0
57.9
69.9
157.0
18.5
163.0
201.0
231.0
31.3
121.0
41.2
141.0
151.0
97.3
92.7
36.7
25.5
96.2
36.2
81.8
76.9
101.0
145.0
174.0
162.0
70.6
176.0
232.0
117.0
49.8
24.3
121.0
108.0
148.0
64.9
186.0
61.4
37.9
76.7
101.0
81.0
48.5
134.0
54.6
190.0
71.7
145.0
183.0
223.0
139.0
41.5
54.0
172.0
85.9
41.8
136.0
248.0
65.6
67.8
118.0
46.1
160.0
177.0
48.3
175.0
171.0
59.6
208.0
58.0
81.4
107.0
49.8
147.0
67.3
59.3
86.3
55.3
68.0
177.0
47.1
84.4
91.4
57.6
231.0
39.2
205.0
87.4
212.0
58.5
133.0
10.2
149.0
17.4
36.4
154.0
21.9
134.0
62.2
28.8
17.3
20.7
45.1
67.2
36.8
121.0
53.0
75.1
130.0
125.0
29.3
47.0
18.8
57.4
17.3
70.8
58.4
37.2
90.7
193.0
24.6
66.1
71.6
51.7
81.2
41.3
195.0
119.0
133.0
219.0
167.0
244.0
34.6
186.0
40.1
30.5
241.0
119.0
107.0
212.0
114.0
58.3
59.6
28.7
64.6
199.0
35.9
81.5
102.0
19.7
169.0
60.4
69.5
130.0
76.0
67.0
43.0
167.0
97.7
110.0
169.0
191.0
85.5
122.0
92.0
28.2
129.0
75.3
45.6
208.0
101.0
94.6
223.0
185.0
75.3
90.2
93.5
80.1
211.0
41.7
55.9
80.0
13.6
94.4
27.9
222.0
109.0
61.1
60.3
183.0
52.5
106.0
171.0
88.0
31.1
64.8
201.0
119.0
25.4
194.0
75.0
104.0
54.3
233.0
151.0
43.0
52.0
72.5
124.0
102.0
23.6
148.0
166.0
47.8
104.0
167.0
92.5
149.0
67.0
212.0
12.8
53.4
36.1
98.1
31.9
142.0
80.0
30.8
109.0
85.3
86.9
15.5
166.0
187.0
36.9
54.3
196.0
33.4
211.0
62.8
76.1
14.1
114.0
56.8
19.5
134.0
112.0
113.0
117.0
205.0
23.9
26.6
93.5
28.6
190.0
123.0
36.4
77.0
71.9
116.0
59.9
149.0
216.0
176.0
56.5
158.0
29.1
177.0
73.0
21.5
124.0
39.2
51.9
149.0
63.9
133.0
182.0
208.0
7.4
94.2
9.4
217.0
34.5
5.0
77.6
194.0
65.5
146.0
