41.3
32.2
95.0
223.0
147.0
221.0
72.8
146.0
37.4
166.0
8.2
83.4
79.9
200.0
40.6
104.0
71.2
71.7
40.8
51.0
119.0
106.0
193.0
24.3
130.0
66.4
6.6
72.0
62.5
140.0
43.6
34.3
74.7
169.0
65.4
5.4
101.0
38.1
43.9
67.5
27.3
143.0
58.4
101.0
45.9
105.0
6.3
167.0
27.7
0.0
39.3
32.0
84.4
172.0
81.5
147.0
44.5
10.3
231.0
181.0
185.0
139.0
159.0
205.0
70.2
50.6
159.0
24.8
189.0
194.0
224.0
39.6
103.0
35.4
144.0
132.0
79.5
85.7
30.9
47.6
89.2
58.2
62.5
59.1
94.1
138.0
155.0
155.0
52.7
150.0
225.0
120.0
58.0
7.2
104.0
90.5
123.0
67.8
188.0
55.6
30.9
69.6
82.8
83.9
52.2
137.0
62.9
183.0
64.7
138.0
175.0
216.0
142.0
55.3
57.7
165.0
68.0
50.1
129.0
241.0
46.4
48.6
111.0
49.0
141.0
170.0
56.3
178.0
174.0
40.4
201.0
35.6
86.1
99.8
42.7
140.0
60.3
52.2
89.1
59.7
48.8
170.0
50.9
65.1
73.5
72.3
224.0
47.1
198.0
80.4
205.0
61.3
136.0
15.7
152.0
20.7
41.9
147.0
43.9
127.0
65.1
24.2
25.6
9.2
53.4
61.5
32.1
103.0
45.9
55.8
111.0
107.0
32.9
41.2
6.7
66.3
15.0
63.8
66.4
45.1
72.9
186.0
32.9
59.1
64.6
45.9
74.1
22.1
198.0
112.0
136.0
212.0
160.0
237.0
27.1
167.0
33.0
24.8
234.0
101.0
105.0
204.0
117.0
62.1
63.3
11.9
58.8
202.0
43.9
75.7
95.0
28.0
162.0
53.4
62.5
133.0
70.3
47.7
37.2
142.0
97.7
113.0
149.0
184.0
78.4
115.0
83.2
36.5
132.0
56.1
67.7
201.0
104.0
97.4
216.0
198.0
69.5
71.0
74.3
82.9
192.0
22.4
34.0
62.1
21.8
81.9
13.6
215.0
91.4
41.9
68.6
186.0
56.3
109.0
164.0
94.8
39.4
68.6
194.0
99.6
20.6
210.0
55.8
98.4
48.5
226.0
154.0
35.9
54.9
58.0
127.0
84.6
2.9
141.0
159.0
40.7
96.5
160.0
85.5
142.0
69.9
205.0
16.0
40.1
39.6
91.1
34.1
145.0
72.9
25.6
91.3
67.4
89.7
37.5
141.0
180.0
40.6
68.1
176.0
55.5
204.0
55.8
69.0
22.4
107.0
51.1
11.5
127.0
93.7
106.0
120.0
198.0
7.3
28.9
86.5
21.8
171.0
126.0
44.7
76.0
54.1
109.0
67.3
142.0
209.0
151.0
49.5
151.0
51.1
170.0
75.9
23.7
106.0
33.4
32.7
176.0
44.7
126.0
175.0
211.0
25.7
97.1
13.4
210.0
19.4
18.2
70.6
187.0
59.7
127.0
