20.8
56.7
65.8
237.0
161.0
236.0
105.0
160.0
69.6
145.0
48.2
108.0
104.0
215.0
54.9
128.0
34.3
86.0
11.1
75.4
110.0
130.0
207.0
48.0
144.0
44.0
48.2
42.8
81.4
164.0
75.7
58.0
50.4
183.0
84.3
32.7
79.4
62.5
72.0
86.5
18.3
134.0
29.2
115.0
15.0
119.0
34.9
191.0
51.4
39.4
0.0
55.7
58.4
197.0
95.8
138.0
68.3
38.4
246.0
196.0
199.0
153.0
138.0
229.0
89.1
41.7
184.0
49.2
204.0
208.0
238.0
71.7
73.6
11.6
168.0
123.0
50.2
77.9
19.1
71.3
103.0
82.0
53.6
29.9
108.0
153.0
146.0
169.0
16.8
129.0
239.0
144.0
90.2
38.6
74.3
61.3
101.0
92.2
213.0
18.7
45.1
38.3
53.6
108.0
80.3
161.0
95.0
198.0
73.2
152.0
190.0
230.0
167.0
79.7
85.8
179.0
38.8
82.2
144.0
255.0
37.4
39.6
125.0
73.4
132.0
185.0
88.4
202.0
198.0
31.4
215.0
15.1
105.0
114.0
32.8
155.0
52.7
58.1
114.0
78.6
39.8
184.0
79.0
56.2
44.3
91.3
238.0
79.3
212.0
94.7
219.0
85.7
160.0
43.5
176.0
42.0
66.3
161.0
67.7
142.0
89.5
48.9
57.8
41.4
85.6
24.6
57.5
73.8
60.2
46.9
102.0
78.2
57.3
21.8
40.8
30.2
47.2
51.8
98.6
77.3
43.7
200.0
65.0
51.5
78.9
25.9
61.2
16.2
222.0
126.0
161.0
226.0
174.0
251.0
52.6
158.0
32.2
21.8
248.0
71.7
119.0
219.0
141.0
90.2
91.4
28.9
22.0
227.0
76.0
38.9
109.0
60.2
177.0
67.6
71.2
158.0
33.4
38.8
7.5
120.0
112.0
137.0
140.0
198.0
92.7
129.0
97.5
68.6
156.0
47.1
91.4
215.0
129.0
122.0
230.0
213.0
32.6
62.1
55.6
107.0
183.0
18.9
12.7
42.9
54.0
51.8
40.9
229.0
62.2
33.0
101.0
210.0
84.4
133.0
178.0
114.0
71.5
96.7
209.0
90.7
48.8
225.0
46.9
61.5
5.6
240.0
178.0
29.9
79.3
72.3
152.0
55.3
37.5
155.0
173.0
55.0
111.0
174.0
99.7
156.0
94.3
219.0
48.2
6.4
56.6
105.0
46.1
196.0
84.2
51.1
62.1
38.2
114.0
65.1
119.0
195.0
68.7
92.5
167.0
79.2
218.0
64.5
68.6
54.6
121.0
14.2
35.1
142.0
64.5
120.0
145.0
212.0
38.9
40.9
101.0
31.4
162.0
150.0
76.9
95.0
24.9
124.0
99.5
157.0
223.0
129.0
63.8
165.0
74.9
184.0
100.0
35.7
76.5
11.9
23.8
190.0
23.8
140.0
189.0
278.0
58.5
122.0
45.5
224.0
41.0
53.3
84.8
201.0
22.8
118.0
