72.9
10.9
117.0
188.0
152.0
226.0
59.7
121.0
30.2
196.0
27.1
61.7
45.4
154.0
52.1
82.4
81.4
70.2
63.1
24.9
153.0
83.9
197.0
7.7
123.0
73.2
27.1
94.4
37.8
118.0
49.7
9.8
81.5
173.0
31.8
42.2
131.0
18.2
43.2
42.9
60.8
177.0
80.8
105.0
68.3
93.0
41.0
145.0
15.6
32.3
54.4
0.0
110.0
150.0
83.9
181.0
9.9
43.3
189.0
186.0
154.0
143.0
190.0
183.0
39.0
84.2
138.0
9.1
144.0
167.0
194.0
45.7
125.0
45.6
122.0
166.0
102.0
89.4
41.1
20.4
90.3
31.1
96.1
81.4
87.3
143.0
189.0
159.0
75.0
181.0
229.0
97.9
64.2
38.7
126.0
113.0
153.0
46.1
167.0
65.8
42.4
76.4
105.0
62.2
44.3
115.0
69.0
163.0
62.4
142.0
180.0
220.0
120.0
22.8
47.7
127.0
90.4
56.2
134.0
245.0
80.0
82.2
99.2
27.3
175.0
135.0
43.1
156.0
152.0
73.9
191.0
62.5
62.6
104.0
54.2
145.0
67.1
59.0
67.4
36.5
82.3
175.0
61.5
98.7
95.8
38.8
198.0
34.0
202.0
74.4
209.0
39.6
114.0
14.2
130.0
16.7
17.6
151.0
16.8
132.0
43.4
43.2
31.8
35.1
59.5
71.7
51.2
125.0
44.9
89.4
145.0
130.0
17.7
51.4
33.2
73.1
31.7
70.6
53.2
32.6
95.2
190.0
39.0
65.9
71.4
56.1
80.9
58.7
176.0
116.0
115.0
217.0
164.0
241.0
49.0
201.0
31.6
35.0
203.0
123.0
88.4
209.0
94.9
70.3
64.4
33.1
69.1
181.0
30.7
86.0
91.0
34.1
133.0
45.8
69.3
111.0
80.5
81.3
47.5
172.0
78.8
91.2
183.0
189.0
79.6
120.0
73.1
42.6
110.0
89.7
30.3
186.0
82.6
75.7
220.0
166.0
87.0
105.0
108.0
61.2
225.0
61.4
60.4
84.5
28.0
98.9
42.3
219.0
114.0
75.5
74.7
164.0
66.9
87.3
169.0
69.2
45.5
63.9
199.0
133.0
39.9
175.0
89.4
109.0
58.7
230.0
132.0
47.5
33.2
53.6
106.0
107.0
38.0
145.0
163.0
53.7
93.4
164.0
82.2
146.0
48.2
210.0
27.2
57.8
19.7
95.5
22.3
123.0
76.7
45.2
114.0
89.7
68.0
15.2
171.0
185.0
51.3
35.6
210.0
28.3
208.0
62.6
75.8
28.5
111.0
61.3
24.0
108.0
116.0
110.0
98.6
202.0
28.4
21.5
87.6
33.1
204.0
104.0
50.8
58.1
76.4
97.2
54.2
147.0
214.0
181.0
53.0
156.0
10.3
174.0
54.2
25.9
128.0
43.7
66.3
130.0
75.9
130.0
144.0
189.0
22.2
75.4
24.1
182.0
48.9
21.1
61.6
191.0
69.9
161.0
