32.9
109.0
27.9
271.0
195.0
269.0
146.0
194.0
111.0
98.2
85.7
151.0
148.0
248.0
90.9
172.0
51.8
120.0
49.6
133.0
61.3
158.0
241.0
100.0
178.0
70.4
87.4
35.6
108.0
208.0
117.0
110.0
76.7
217.0
111.0
73.8
32.8
119.0
113.0
113.0
54.6
84.8
28.5
149.0
44.9
153.0
75.0
261.0
99.0
80.5
57.4
108.0
0.0
267.0
130.0
89.1
121.0
79.5
279.0
229.0
233.0
187.0
91.4
299.0
115.0
49.4
254.0
102.0
237.0
242.0
272.0
113.0
46.9
67.3
235.0
73.9
43.1
105.0
77.1
125.0
137.0
134.0
25.2
26.1
142.0
186.0
96.8
203.0
43.5
82.4
273.0
187.0
131.0
79.7
39.5
59.0
54.6
136.0
283.0
54.7
97.5
64.6
31.2
152.0
121.0
204.0
136.0
231.0
99.5
186.0
224.0
264.0
210.0
137.0
127.0
213.0
16.3
123.0
177.0
289.0
30.5
25.6
163.0
121.0
82.8
218.0
130.0
273.0
268.0
51.6
249.0
53.6
131.0
148.0
82.9
188.0
79.0
84.4
150.0
105.0
63.1
218.0
120.0
17.5
21.4
118.0
272.0
120.0
246.0
128.0
253.0
128.0
204.0
96.0
219.0
94.4
124.0
195.0
120.0
175.0
133.0
90.0
98.9
82.5
127.0
49.9
98.6
27.1
101.0
28.4
53.0
31.5
110.0
72.9
81.9
71.1
88.3
78.1
140.0
118.0
16.6
234.0
106.0
77.8
113.0
71.3
80.4
63.0
293.0
160.0
204.0
260.0
208.0
285.0
93.7
109.0
84.6
74.2
282.0
41.8
154.0
253.0
184.0
131.0
133.0
81.3
64.4
278.0
117.0
65.7
143.0
101.0
210.0
102.0
97.5
201.0
42.8
38.8
72.3
73.7
150.0
181.0
91.3
232.0
126.0
163.0
136.0
110.0
191.0
24.2
145.0
249.0
172.0
165.0
264.0
246.0
58.9
12.6
9.8
136.0
133.0
58.5
54.1
32.5
95.1
45.1
82.0
263.0
21.4
33.3
142.0
280.0
125.0
177.0
212.0
140.0
113.0
138.0
242.0
41.8
89.9
258.0
44.1
78.6
62.2
274.0
249.0
81.0
137.0
107.0
195.0
48.2
78.6
189.0
207.0
97.3
145.0
208.0
133.0
190.0
125.0
253.0
89.3
50.9
117.0
139.0
98.5
229.0
111.0
92.2
66.4
30.6
157.0
111.0
72.8
228.0
110.0
150.0
118.0
132.0
252.0
90.8
85.8
95.7
155.0
65.8
87.5
175.0
17.9
154.0
188.0
246.0
84.2
93.3
135.0
83.8
113.0
193.0
118.0
121.0
32.7
157.0
141.0
190.0
257.0
82.6
98.5
199.0
132.0
218.0
144.0
88.1
65.8
72.9
52.8
224.0
29.9
174.0
223.0
312.0
99.0
165.0
86.6
258.0
82.0
91.5
119.0
235.0
57.5
68.9
