113.0
75.4
131.0
148.0
72.5
147.0
134.0
71.4
105.0
216.0
86.8
81.8
78.2
126.0
53.1
68.3
77.8
14.4
103.0
70.5
181.0
41.8
118.0
86.6
55.5
62.5
86.8
115.0
47.6
130.0
120.0
94.4
49.1
94.0
56.5
87.1
151.0
64.9
125.0
44.5
101.0
205.0
111.0
22.1
109.0
16.2
81.3
139.0
90.0
82.2
94.7
84.7
130.0
144.0
0.0
209.0
84.5
92.8
157.0
107.0
111.0
64.3
209.0
177.0
48.1
125.0
131.0
83.5
115.0
119.0
150.0
116.0
123.0
86.0
112.0
194.0
107.0
28.7
71.4
93.9
12.7
90.5
136.0
119.0
14.0
63.6
217.0
80.0
95.5
200.0
150.0
79.9
135.0
93.0
123.0
99.7
172.0
66.1
160.0
85.9
54.9
65.8
126.0
54.9
119.0
131.0
140.0
109.0
30.1
63.4
101.0
141.0
119.0
76.9
122.0
90.4
121.0
127.0
44.1
166.0
120.0
123.0
38.4
66.9
203.0
95.7
118.0
150.0
146.0
114.0
126.0
103.0
32.6
21.1
63.4
65.6
47.1
48.4
42.2
50.6
123.0
95.4
132.0
139.0
115.0
59.2
149.0
109.0
123.0
17.2
130.0
59.7
79.6
82.2
132.0
80.6
70.0
72.2
90.2
52.7
65.7
103.0
103.0
95.8
130.0
85.0
112.0
145.0
51.6
130.0
173.0
130.0
67.8
70.8
95.2
62.4
102.0
45.9
128.0
107.0
115.0
111.0
110.0
55.2
20.9
66.4
44.1
99.1
170.0
33.1
116.0
137.0
84.9
162.0
107.0
229.0
62.8
75.4
160.0
122.0
28.6
130.0
71.2
144.0
139.0
73.5
72.8
155.0
105.0
72.4
20.7
105.0
87.6
41.1
29.9
93.4
89.0
122.0
87.8
191.0
28.1
72.4
211.0
109.0
10.4
40.4
25.6
113.0
68.8
130.0
83.8
127.0
53.6
61.4
141.0
124.0
76.4
138.0
127.0
50.7
254.0
102.0
101.0
98.5
98.7
87.7
95.3
140.0
133.0
116.0
145.0
158.0
138.0
77.6
89.5
32.8
116.0
139.0
120.0
160.0
103.0
136.0
130.0
81.0
93.4
151.0
126.0
65.7
65.4
33.4
78.0
103.0
83.3
66.1
84.0
48.2
11.0
85.2
12.9
67.3
45.9
131.0
98.0
98.2
62.8
11.6
63.4
107.0
21.6
106.0
94.1
101.0
52.9
94.5
191.0
106.0
122.0
74.9
238.0
102.0
129.0
39.5
38.3
99.3
28.0
90.1
73.7
31.2
136.0
27.2
84.8
123.0
75.6
64.6
16.4
66.0
233.0
79.2
122.0
36.4
114.0
20.4
129.0
67.7
135.0
200.0
37.0
76.5
77.6
95.0
60.3
74.3
118.0
84.0
107.0
101.0
116.0
51.2
100.0
189.0
97.1
95.4
92.2
135.0
95.4
91.9
23.4
112.0
75.7
189.0
