214.0
142.0
269.0
37.1
93.9
82.0
201.0
59.5
172.0
354.0
167.0
102.0
114.0
25.6
191.0
71.9
228.0
154.0
204.0
129.0
319.0
90.2
60.8
156.0
78.4
200.0
167.0
253.0
138.0
40.3
205.0
161.0
192.0
66.1
130.0
189.0
288.0
141.0
184.0
134.0
202.0
343.0
248.0
121.0
209.0
109.0
182.0
10.9
170.0
173.0
195.0
151.0
267.0
0.0
145.0
347.0
151.0
194.0
38.9
58.6
41.8
86.0
347.0
32.5
131.0
225.0
19.8
150.0
27.2
24.0
43.2
201.0
265.0
187.0
34.7
332.0
244.0
178.0
182.0
161.0
158.0
147.0
237.0
222.0
114.0
98.0
355.0
68.4
233.0
338.0
93.6
52.8
220.0
178.0
266.0
242.0
310.0
110.0
16.2
224.0
193.0
204.0
264.0
90.5
186.0
41.3
225.0
34.3
168.0
73.6
79.7
84.5
29.2
135.0
189.0
59.8
259.0
212.0
107.0
61.7
221.0
223.0
93.3
129.0
341.0
52.4
184.0
5.9
12.8
215.0
46.4
203.0
114.0
130.0
201.0
74.7
185.0
186.0
94.8
137.0
223.0
53.2
200.0
240.0
253.0
125.0
47.4
175.0
69.4
121.0
62.9
112.0
52.6
160.0
31.6
156.0
135.0
93.5
157.0
97.3
120.0
199.0
187.0
191.0
215.0
223.0
207.0
283.0
145.0
230.0
311.0
273.0
145.0
208.0
172.0
200.0
187.0
189.0
195.0
174.0
252.0
49.4
184.0
193.0
161.0
204.0
187.0
200.0
25.8
116.0
41.0
86.0
58.7
106.0
205.0
367.0
201.0
176.0
52.9
265.0
103.0
98.3
70.7
212.0
206.0
174.0
211.0
30.1
172.0
215.0
109.0
182.0
57.6
160.0
173.0
47.9
227.0
222.0
188.0
329.0
101.0
61.0
349.0
79.7
161.0
109.0
112.0
198.0
67.3
231.0
142.0
36.8
78.5
78.9
50.8
20.1
214.0
246.0
264.0
111.0
391.0
202.0
201.0
236.0
184.0
230.0
197.0
66.7
271.0
216.0
230.0
13.4
196.0
82.5
59.2
109.0
201.0
205.0
95.1
297.0
195.0
24.5
230.0
224.0
200.0
94.7
18.7
203.0
124.0
152.0
61.9
246.0
172.0
71.4
75.0
154.0
141.0
99.6
119.0
88.0
125.0
74.2
183.0
199.0
145.0
136.0
152.0
44.3
167.0
201.0
237.0
239.0
84.1
161.0
328.0
86.7
189.0
125.0
376.0
168.0
77.5
177.0
181.0
184.0
124.0
202.0
165.0
93.7
273.0
122.0
59.9
56.4
169.0
160.0
169.0
174.0
370.0
54.8
206.0
122.0
217.0
104.0
195.0
85.4
68.7
338.0
175.0
90.9
144.0
55.5
97.8
167.0
260.0
185.0
207.0
44.1
217.0
105.0
42.7
38.5
179.0
95.7
173.0
33.6
197.0
177.0
162.0
35.3
213.0
327.0
