116.0
183.0
100.0
353.0
277.0
351.0
214.0
276.0
178.0
128.0
153.0
234.0
230.0
330.0
173.0
254.0
134.0
201.0
131.0
201.0
32.0
239.0
323.0
174.0
260.0
152.0
155.0
124.0
190.0
290.0
185.0
184.0
158.0
298.0
192.0
142.0
62.5
188.0
181.0
195.0
122.0
14.8
112.0
231.0
127.0
235.0
143.0
317.0
167.0
148.0
140.0
182.0
90.0
323.0
211.0
0.0
194.0
147.0
361.0
311.0
315.0
269.0
121.0
355.0
197.0
117.0
310.0
175.0
319.0
324.0
354.0
181.0
111.0
141.0
317.0
24.9
131.0
186.0
151.0
193.0
219.0
208.0
92.9
108.0
224.0
268.0
19.2
284.0
125.0
112.0
354.0
270.0
199.0
147.0
104.0
123.0
65.7
218.0
339.0
136.0
171.0
146.0
108.0
234.0
189.0
287.0
204.0
313.0
181.0
268.0
305.0
345.0
293.0
206.0
195.0
295.0
97.4
191.0
259.0
371.0
106.0
103.0
245.0
203.0
9.6
300.0
197.0
328.0
324.0
119.0
331.0
127.0
213.0
230.0
165.0
270.0
161.0
166.0
232.0
187.0
131.0
300.0
188.0
85.2
103.0
199.0
354.0
188.0
328.0
210.0
334.0
212.0
286.0
169.0
302.0
168.0
192.0
277.0
194.0
257.0
215.0
158.0
167.0
150.0
194.0
132.0
166.0
91.3
182.0
96.2
50.9
95.7
183.0
154.0
150.0
153.0
156.0
160.0
207.0
186.0
102.0
316.0
174.0
160.0
194.0
153.0
162.0
134.0
348.0
242.0
287.0
342.0
289.0
367.0
161.0
77.4
158.0
148.0
364.0
106.0
236.0
334.0
267.0
199.0
200.0
155.0
146.0
359.0
185.0
147.0
225.0
169.0
292.0
184.0
179.0
284.0
125.0
107.0
143.0
103.0
231.0
263.0
14.8
314.0
208.0
245.0
218.0
177.0
273.0
98.0
217.0
331.0
255.0
248.0
346.0
328.0
141.0
80.3
95.0
218.0
55.9
126.0
129.0
114.0
163.0
127.0
150.0
345.0
94.5
114.0
210.0
336.0
193.0
259.0
294.0
222.0
180.0
206.0
324.0
50.4
158.0
340.0
112.0
143.0
144.0
356.0
304.0
160.0
205.0
189.0
278.0
133.0
146.0
271.0
288.0
179.0
226.0
290.0
215.0
272.0
207.0
335.0
157.0
133.0
199.0
221.0
172.0
311.0
193.0
160.0
131.0
113.0
240.0
178.0
103.0
310.0
178.0
218.0
40.7
205.0
333.0
173.0
168.0
163.0
236.0
150.0
161.0
257.0
73.2
236.0
271.0
328.0
152.0
167.0
216.0
157.0
35.0
276.0
186.0
203.0
120.0
239.0
208.0
272.0
339.0
112.0
180.0
281.0
201.0
299.0
226.0
162.0
130.0
146.0
121.0
305.0
108.0
256.0
305.0
394.0
167.0
247.0
154.0
340.0
150.0
159.0
200.0
317.0
139.0
25.4
