40.9
40.2
94.6
234.0
158.0
232.0
59.1
157.0
43.0
166.0
13.0
91.4
95.8
211.0
51.7
112.0
69.3
82.8
40.4
75.4
119.0
117.0
204.0
38.1
141.0
77.5
19.7
71.6
73.6
148.0
32.6
43.9
85.8
180.0
76.5
7.4
100.0
46.0
34.8
78.6
26.9
143.0
58.0
112.0
45.5
116.0
12.9
175.0
31.4
10.5
38.9
45.9
84.0
180.0
92.6
147.0
54.1
0.0
243.0
192.0
196.0
150.0
159.0
213.0
81.3
50.2
167.0
32.7
200.0
205.0
235.0
28.3
102.0
39.9
198.0
132.0
79.0
96.8
42.0
57.2
100.0
67.9
62.1
58.7
105.0
149.0
154.0
166.0
52.3
150.0
236.0
128.0
47.1
3.5
103.0
90.1
122.0
75.7
196.0
53.7
42.0
73.3
82.4
91.8
43.1
145.0
51.9
195.0
75.8
149.0
187.0
227.0
150.0
73.1
48.6
176.0
67.6
39.1
140.0
252.0
46.0
48.2
122.0
56.9
140.0
181.0
61.9
186.0
182.0
39.9
212.0
35.2
97.2
111.0
53.8
151.0
71.4
63.3
97.1
70.8
48.4
181.0
41.8
64.7
73.1
83.4
235.0
52.7
209.0
91.5
216.0
69.2
144.0
38.3
160.0
41.1
68.1
158.0
53.5
138.0
73.0
12.8
21.2
6.3
42.5
59.5
21.5
103.0
57.0
55.4
111.0
107.0
40.8
52.3
8.0
77.4
13.8
74.9
65.1
50.7
72.5
197.0
27.4
70.2
75.7
57.0
96.1
21.7
206.0
123.0
144.0
223.0
171.0
248.0
16.5
167.0
44.1
35.9
245.0
100.0
116.0
216.0
125.0
53.0
54.2
23.0
56.9
210.0
49.5
73.8
106.0
31.5
173.0
64.5
73.6
141.0
68.3
47.3
41.8
141.0
109.0
121.0
149.0
195.0
89.5
126.0
94.3
25.5
155.0
55.6
77.3
212.0
112.0
105.0
227.0
210.0
67.6
70.6
73.8
102.0
191.0
22.0
33.6
61.7
26.7
81.5
3.0
226.0
91.0
41.5
57.6
193.0
47.2
117.0
175.0
106.0
28.4
59.5
205.0
99.2
11.6
221.0
55.4
96.5
46.6
237.0
162.0
47.0
62.8
69.1
135.0
84.1
8.7
152.0
170.0
51.8
108.0
171.0
96.6
153.0
90.6
216.0
21.6
39.7
47.6
102.0
45.2
192.0
84.0
15.0
90.9
67.0
97.6
43.1
140.0
191.0
31.5
85.9
176.0
65.1
215.0
66.9
80.1
17.5
118.0
49.1
24.6
138.0
93.3
117.0
128.0
209.0
20.9
40.0
97.6
32.9
170.0
133.0
33.8
87.1
53.7
120.0
54.6
153.0
220.0
150.0
60.6
162.0
60.8
181.0
83.8
34.8
105.0
44.5
32.3
187.0
44.3
137.0
186.0
275.0
31.4
105.0
19.0
221.0
6.4
23.8
81.7
198.0
57.8
127.0
