84.9
16.3
129.0
187.0
151.0
225.0
53.2
120.0
23.7
208.0
39.1
61.3
47.7
153.0
59.5
81.9
101.0
69.8
75.1
24.5
165.0
83.5
197.0
15.8
123.0
72.7
39.1
106.0
37.4
118.0
57.4
13.3
81.1
173.0
31.4
50.0
143.0
25.6
36.6
42.5
72.8
189.0
92.7
105.0
80.2
92.6
53.0
145.0
22.2
44.3
66.4
9.8
122.0
150.0
83.5
193.0
0.0
51.0
189.0
185.0
153.0
143.0
202.0
183.0
38.6
96.2
137.0
18.9
143.0
167.0
193.0
53.5
137.0
57.6
121.0
178.0
114.0
89.0
53.1
12.7
89.9
18.0
108.0
93.4
86.9
142.0
200.0
159.0
87.0
193.0
229.0
97.5
71.9
46.4
138.0
125.0
165.0
45.7
166.0
77.8
54.3
76.0
117.0
61.7
37.8
115.0
76.8
162.0
61.9
142.0
179.0
220.0
120.0
25.0
41.2
127.0
102.0
63.9
133.0
245.0
92.0
94.2
98.8
26.8
186.0
135.0
36.6
156.0
151.0
85.9
191.0
74.5
62.1
104.0
73.6
144.0
66.7
58.6
67.0
36.0
94.3
174.0
52.2
111.0
108.0
38.4
197.0
27.5
202.0
74.0
209.0
39.2
114.0
26.7
129.0
33.9
17.2
151.0
9.1
131.0
43.0
50.9
39.5
42.8
67.3
83.7
59.0
137.0
44.5
101.0
157.0
142.0
30.4
63.4
41.0
72.6
39.4
70.2
46.7
26.1
107.0
190.0
36.4
65.4
71.0
76.6
80.5
63.5
176.0
116.0
114.0
216.0
164.0
241.0
56.7
212.0
56.5
47.0
203.0
135.0
88.0
208.0
94.5
63.8
57.9
45.1
83.0
180.0
24.2
92.0
90.6
34.6
133.0
45.4
68.9
111.0
99.2
93.3
59.4
184.0
78.4
90.8
195.0
188.0
79.2
119.0
72.7
50.4
109.0
102.0
27.4
185.0
82.2
75.3
220.0
165.0
86.6
117.0
120.0
60.8
237.0
63.8
72.3
96.4
36.0
115.0
50.1
219.0
126.0
87.5
82.5
163.0
48.7
86.8
168.0
68.8
53.2
57.4
198.0
145.0
47.6
175.0
101.0
128.0
70.7
230.0
132.0
59.4
32.7
53.2
105.0
119.0
45.8
145.0
163.0
53.3
93.0
164.0
81.8
146.0
47.7
209.0
35.0
69.8
29.8
95.1
37.0
123.0
76.3
52.9
126.0
102.0
67.6
13.4
183.0
184.0
41.7
37.8
222.0
15.2
208.0
62.1
75.4
36.3
111.0
73.3
36.0
107.0
128.0
110.0
98.1
202.0
40.3
43.1
87.2
45.0
216.0
103.0
58.6
57.7
88.4
96.7
47.7
146.0
213.0
193.0
52.6
155.0
9.8
174.0
53.7
37.9
140.0
55.7
78.3
130.0
87.8
130.0
143.0
189.0
31.0
75.0
31.8
182.0
56.6
28.8
61.2
191.0
85.9
173.0
