218.0
145.0
235.0
46.1
60.6
76.9
204.0
32.8
175.0
320.0
191.0
106.0
118.0
19.3
157.0
75.1
195.0
121.0
208.0
132.0
286.0
88.0
42.9
191.0
44.7
167.0
191.0
220.0
153.0
53.8
225.0
164.0
159.0
38.5
162.0
192.0
255.0
144.0
188.0
150.0
206.0
309.0
215.0
88.0
213.0
75.4
186.0
25.3
194.0
187.0
199.0
154.0
234.0
41.8
112.0
314.0
154.0
197.0
40.9
36.9
0.0
52.7
314.0
56.1
153.0
229.0
40.6
153.0
30.0
10.6
38.1
221.0
232.0
190.0
36.4
298.0
211.0
144.0
176.0
164.0
125.0
150.0
241.0
223.0
80.6
64.6
321.0
24.5
200.0
305.0
88.5
56.0
239.0
197.0
232.0
209.0
277.0
113.0
44.0
190.0
159.0
170.0
230.0
93.6
189.0
54.8
244.0
7.5
134.0
39.8
52.2
79.5
42.7
139.0
192.0
26.1
225.0
231.0
73.6
64.1
225.0
227.0
70.3
132.0
307.0
27.7
188.0
32.4
43.2
219.0
30.0
207.0
102.0
96.7
168.0
41.4
152.0
153.0
97.9
156.0
227.0
25.7
237.0
243.0
220.0
128.0
47.8
178.0
63.4
129.0
57.8
116.0
38.9
187.0
52.4
185.0
138.0
60.2
160.0
63.9
123.0
208.0
207.0
200.0
235.0
189.0
216.0
249.0
156.0
234.0
278.0
240.0
148.0
175.0
200.0
167.0
207.0
155.0
198.0
177.0
219.0
28.7
187.0
160.0
128.0
171.0
154.0
203.0
53.5
82.4
40.1
68.0
31.2
101.0
211.0
333.0
167.0
180.0
60.0
231.0
76.2
82.0
58.5
215.0
209.0
178.0
177.0
52.7
175.0
182.0
77.6
209.0
22.7
146.0
139.0
61.4
193.0
226.0
192.0
296.0
84.8
64.1
316.0
56.9
127.0
75.6
97.2
218.0
43.5
234.0
145.0
22.9
76.3
82.1
45.7
18.2
181.0
242.0
231.0
114.0
358.0
206.0
205.0
203.0
203.0
197.0
200.0
61.6
238.0
220.0
250.0
47.4
242.0
88.7
31.6
94.7
221.0
208.0
72.3
264.0
208.0
30.1
234.0
190.0
198.0
89.6
38.2
170.0
127.0
139.0
48.3
212.0
188.0
37.6
24.7
153.0
108.0
51.8
85.7
54.6
128.0
69.1
202.0
203.0
168.0
102.0
167.0
30.6
133.0
210.0
204.0
206.0
87.2
164.0
295.0
59.2
226.0
128.0
343.0
172.0
69.6
144.0
148.0
204.0
91.2
195.0
178.0
59.9
240.0
88.3
73.4
38.5
180.0
169.0
135.0
170.0
337.0
53.9
226.0
142.0
218.0
70.7
199.0
52.0
63.6
305.0
141.0
42.7
147.0
15.2
101.0
179.0
227.0
188.0
211.0
23.8
221.0
72.1
10.1
63.1
202.0
98.8
197.0
26.4
200.0
196.0
129.0
11.5
180.0
293.0
