213.0
176.0
231.0
54.6
46.8
48.8
235.0
49.0
206.0
316.0
187.0
121.0
133.0
54.7
153.0
89.4
190.0
116.0
203.0
171.0
281.0
108.0
14.4
186.0
61.3
162.0
187.0
215.0
148.0
79.1
220.0
196.0
154.0
15.1
157.0
187.0
250.0
166.0
225.0
145.0
201.0
305.0
210.0
83.4
208.0
93.6
181.0
60.7
190.0
182.0
195.0
185.0
229.0
57.7
108.0
309.0
185.0
193.0
46.3
0.0
36.9
47.7
309.0
67.0
149.0
224.0
76.0
188.0
55.3
40.2
30.4
216.0
228.0
186.0
61.8
294.0
206.0
140.0
171.0
195.0
120.0
191.0
236.0
218.0
112.0
59.7
317.0
34.7
195.0
300.0
54.4
91.6
235.0
193.0
228.0
204.0
272.0
167.0
65.2
186.0
155.0
166.0
226.0
109.0
220.0
80.1
240.0
42.9
130.0
51.0
28.7
45.4
68.0
178.0
223.0
42.3
221.0
227.0
68.6
57.3
220.0
222.0
95.3
168.0
303.0
45.1
218.0
51.9
78.6
214.0
24.4
203.0
137.0
92.1
163.0
40.3
147.0
148.0
119.0
151.0
223.0
11.3
232.0
239.0
215.0
160.0
41.0
209.0
27.2
125.0
33.3
160.0
60.0
182.0
80.9
180.0
171.0
55.2
191.0
59.4
166.0
203.0
202.0
196.0
230.0
185.0
212.0
245.0
151.0
230.0
273.0
235.0
169.0
171.0
195.0
162.0
202.0
151.0
229.0
208.0
215.0
9.2
210.0
155.0
124.0
166.0
149.0
199.0
68.7
77.8
65.5
31.8
21.4
66.8
207.0
329.0
163.0
175.0
53.2
227.0
98.6
45.8
74.7
243.0
240.0
173.0
173.0
63.7
206.0
177.0
95.8
205.0
38.4
142.0
135.0
86.7
189.0
222.0
188.0
291.0
108.0
85.9
311.0
20.8
123.0
71.1
127.0
213.0
59.7
230.0
185.0
21.8
92.6
97.2
34.0
47.8
176.0
237.0
227.0
151.0
353.0
202.0
201.0
198.0
199.0
193.0
195.0
46.3
233.0
216.0
245.0
67.0
238.0
99.8
17.2
132.0
216.0
239.0
36.2
259.0
203.0
45.8
230.0
186.0
193.0
51.7
73.6
166.0
166.0
134.0
65.6
208.0
183.0
47.6
30.5
148.0
103.0
37.4
115.0
49.7
147.0
35.0
198.0
198.0
164.0
97.6
162.0
56.0
129.0
205.0
199.0
201.0
102.0
195.0
290.0
30.7
222.0
176.0
338.0
202.0
33.4
139.0
143.0
199.0
86.6
190.0
174.0
83.2
235.0
83.8
98.7
19.4
175.0
164.0
131.0
166.0
332.0
79.3
221.0
137.0
214.0
88.9
230.0
43.4
40.6
300.0
137.0
30.3
178.0
26.1
116.0
174.0
222.0
184.0
206.0
48.0
216.0
67.5
38.9
67.3
197.0
114.0
192.0
38.9
195.0
192.0
124.0
33.0
176.0
289.0
