263.0
183.0
281.0
8.7
99.8
47.6
242.0
72.0
213.0
366.0
209.0
144.0
156.0
41.2
203.0
113.0
240.0
166.0
253.0
170.0
331.0
132.0
32.9
198.0
83.9
212.0
209.0
265.0
198.0
81.7
247.0
203.0
204.0
56.2
171.0
237.0
300.0
182.0
226.0
195.0
251.0
355.0
260.0
134.0
258.0
115.0
231.0
47.2
211.0
232.0
245.0
193.0
279.0
38.9
158.0
359.0
193.0
243.0
0.0
46.4
40.9
91.9
359.0
21.1
172.0
274.0
58.7
191.0
52.0
30.5
15.5
243.0
278.0
236.0
65.0
344.0
256.0
190.0
221.0
202.0
170.0
188.0
286.0
269.0
120.0
104.0
367.0
67.6
245.0
350.0
58.0
94.3
261.0
243.0
278.0
255.0
322.0
151.0
28.6
236.0
205.0
216.0
276.0
132.0
227.0
82.8
266.0
40.9
180.0
79.0
70.2
48.9
70.6
177.0
230.0
65.3
271.0
253.0
113.0
22.8
270.0
272.0
110.0
171.0
353.0
66.9
226.0
33.2
51.7
264.0
21.1
253.0
155.0
142.0
213.0
80.6
197.0
198.0
136.0
201.0
273.0
53.7
241.0
289.0
265.0
166.0
8.5
217.0
33.7
175.0
27.3
154.0
74.3
201.0
70.5
197.0
176.0
99.4
198.0
109.0
161.0
253.0
229.0
246.0
257.0
235.0
262.0
295.0
202.0
280.0
323.0
285.0
187.0
221.0
245.0
212.0
229.0
201.0
236.0
215.0
265.0
35.8
226.0
205.0
174.0
216.0
199.0
249.0
30.0
128.0
75.4
50.4
59.2
70.3
257.0
379.0
213.0
225.0
18.7
277.0
115.0
62.7
93.4
253.0
247.0
223.0
223.0
17.9
214.0
227.0
117.0
224.0
61.9
192.0
185.0
89.4
239.0
272.0
238.0
341.0
124.0
102.0
361.0
50.1
173.0
121.0
154.0
240.0
82.7
280.0
184.0
27.7
120.0
120.0
16.4
26.4
226.0
288.0
277.0
152.0
403.0
252.0
251.0
248.0
225.0
243.0
245.0
32.4
283.0
266.0
272.0
42.7
238.0
124.0
59.7
150.0
243.0
247.0
60.8
309.0
253.0
14.4
280.0
236.0
243.0
59.1
60.1
216.0
165.0
184.0
83.6
258.0
233.0
76.9
66.1
198.0
153.0
79.8
165.0
93.9
167.0
38.5
224.0
248.0
186.0
148.0
193.0
66.0
179.0
255.0
249.0
251.0
126.0
203.0
340.0
65.0
231.0
167.0
388.0
210.0
41.9
189.0
193.0
226.0
137.0
240.0
224.0
99.2
286.0
134.0
101.0
28.9
226.0
214.0
181.0
216.0
383.0
96.3
248.0
187.0
264.0
110.0
237.0
91.2
34.4
350.0
187.0
70.7
186.0
56.2
139.0
224.0
272.0
234.0
257.0
63.0
266.0
118.0
49.3
25.7
220.0
137.0
214.0
14.6
245.0
218.0
174.0
31.9
226.0
339.0
