171.0
134.0
189.0
89.0
12.8
89.8
193.0
37.8
164.0
274.0
145.0
101.0
137.0
66.4
111.0
69.3
148.0
74.1
161.0
129.0
239.0
65.8
61.3
145.0
28.1
120.0
145.0
173.0
106.0
70.4
178.0
155.0
112.0
37.1
115.0
145.0
208.0
124.0
183.0
103.0
159.0
263.0
169.0
41.6
167.0
51.7
139.0
79.4
148.0
140.0
153.0
144.0
187.0
84.9
65.7
267.0
143.0
151.0
90.5
49.9
51.2
0.0
267.0
117.0
107.0
183.0
72.1
146.0
55.4
60.1
87.6
174.0
186.0
144.0
53.2
252.0
165.0
97.8
129.0
153.0
78.4
149.0
194.0
177.0
70.3
16.9
275.0
16.1
153.0
258.0
93.1
83.0
193.0
151.0
186.0
163.0
230.0
125.0
101.0
144.0
113.0
124.0
184.0
88.6
178.0
71.5
198.0
49.5
88.1
17.7
44.0
84.1
59.3
136.0
181.0
31.1
179.0
185.0
25.8
109.0
178.0
180.0
53.4
126.0
261.0
36.4
177.0
90.8
86.4
172.0
65.7
161.0
95.3
50.3
121.0
6.9
105.0
106.0
77.3
109.0
181.0
38.6
190.0
197.0
173.0
118.0
92.6
167.0
66.2
82.8
73.2
119.0
48.8
140.0
72.2
139.0
129.0
12.4
149.0
17.5
125.0
161.0
160.0
154.0
188.0
143.0
170.0
203.0
110.0
188.0
231.0
193.0
127.0
129.0
153.0
120.0
160.0
109.0
187.0
166.0
173.0
50.4
168.0
113.0
81.7
124.0
107.0
157.0
111.0
35.9
56.9
80.6
24.2
105.0
165.0
287.0
121.0
133.0
103.0
185.0
56.7
73.0
54.6
201.0
198.0
131.0
131.0
95.6
164.0
135.0
53.9
163.0
28.3
99.9
92.9
78.1
147.0
180.0
146.0
249.0
65.7
65.7
269.0
52.6
80.8
29.2
85.2
171.0
39.6
188.0
143.0
65.8
69.9
77.1
84.5
64.5
134.0
196.0
185.0
110.0
312.0
160.0
159.0
156.0
157.0
151.0
153.0
83.3
191.0
174.0
203.0
98.3
196.0
79.7
32.6
90.6
174.0
197.0
62.7
217.0
161.0
76.4
188.0
144.0
151.0
94.2
66.8
124.0
124.0
92.3
48.8
166.0
141.0
13.7
21.4
106.0
61.2
27.1
72.7
6.9
105.0
73.7
156.0
156.0
122.0
55.8
120.0
47.4
87.0
164.0
157.0
159.0
82.2
153.0
248.0
48.9
180.0
134.0
296.0
161.0
72.1
97.5
101.0
157.0
44.7
148.0
132.0
41.4
194.0
41.9
90.1
66.3
134.0
123.0
88.9
124.0
291.0
70.7
180.0
95.3
172.0
47.0
188.0
6.1
77.7
258.0
95.0
19.7
136.0
28.3
95.9
132.0
181.0
142.0
165.0
41.7
174.0
19.9
41.1
133.0
155.0
93.9
150.0
75.9
153.0
150.0
82.3
51.4
134.0
247.0
