131.0
196.0
106.0
358.0
283.0
357.0
232.0
281.0
197.0
6.7
172.0
239.0
235.0
336.0
178.0
259.0
139.0
207.0
137.0
221.0
79.2
245.0
328.0
188.0
266.0
158.0
188.0
130.0
195.0
295.0
203.0
198.0
164.0
304.0
198.0
160.0
66.8
206.0
199.0
200.0
141.0
121.0
117.0
236.0
132.0
240.0
175.0
349.0
191.0
166.0
145.0
196.0
97.6
354.0
217.0
126.0
208.0
165.0
367.0
317.0
321.0
274.0
0.0
387.0
203.0
135.0
341.0
189.0
325.0
329.0
360.0
199.0
117.0
155.0
323.0
110.0
137.0
192.0
164.0
211.0
225.0
222.0
111.0
122.0
229.0
274.0
133.0
290.0
131.0
22.1
360.0
275.0
217.0
166.0
109.0
129.0
45.9
223.0
371.0
142.0
185.0
152.0
114.0
239.0
207.0
292.0
222.0
319.0
187.0
273.0
311.0
351.0
297.0
224.0
213.0
300.0
113.0
209.0
265.0
376.0
124.0
121.0
250.0
208.0
119.0
306.0
216.0
360.0
356.0
138.0
336.0
141.0
219.0
235.0
170.0
276.0
166.0
172.0
238.0
192.0
149.0
306.0
206.0
103.0
108.0
205.0
359.0
206.0
333.0
216.0
340.0
215.0
291.0
183.0
307.0
182.0
211.0
282.0
207.0
263.0
221.0
176.0
185.0
169.0
213.0
137.0
185.0
96.9
188.0
114.0
63.2
101.0
197.0
160.0
168.0
159.0
174.0
166.0
226.0
204.0
105.0
321.0
192.0
165.0
200.0
159.0
168.0
150.0
380.0
247.0
291.0
348.0
295.0
372.0
180.0
71.7
172.0
162.0
370.0
112.0
242.0
340.0
272.0
217.0
219.0
169.0
152.0
365.0
203.0
153.0
230.0
187.0
298.0
190.0
185.0
288.0
130.0
125.0
160.0
24.2
237.0
268.0
128.0
320.0
214.0
251.0
224.0
196.0
279.0
116.0
232.0
337.0
260.0
253.0
351.0
334.0
146.0
98.6
107.0
223.0
170.0
144.0
141.0
120.0
181.0
133.0
168.0
350.0
100.0
132.0
228.0
368.0
211.0
264.0
300.0
227.0
199.0
224.0
330.0
76.5
176.0
346.0
130.0
148.0
150.0
361.0
336.0
168.0
224.0
194.0
282.0
138.0
165.0
276.0
294.0
185.0
232.0
295.0
221.0
277.0
212.0
341.0
175.0
138.0
204.0
226.0
186.0
317.0
198.0
178.0
136.0
119.0
245.0
197.0
19.5
316.0
196.0
237.0
155.0
219.0
339.0
178.0
173.0
182.0
242.0
153.0
175.0
263.0
83.6
241.0
275.0
333.0
170.0
181.0
222.0
171.0
149.0
281.0
204.0
209.0
125.0
245.0
227.0
278.0
345.0
8.2
186.0
287.0
219.0
305.0
231.0
176.0
136.0
160.0
139.0
311.0
128.0
261.0
311.0
400.0
185.0
252.0
173.0
345.0
168.0
177.0
206.0
322.0
145.0
105.0
