246.0
174.0
301.0
12.6
126.0
78.0
233.0
92.0
204.0
386.0
200.0
135.0
147.0
50.3
223.0
104.0
261.0
186.0
237.0
161.0
352.0
123.0
53.6
189.0
93.3
233.0
200.0
285.0
171.0
72.8
238.0
194.0
224.0
76.8
162.0
221.0
321.0
173.0
217.0
167.0
234.0
375.0
281.0
154.0
242.0
124.0
214.0
41.2
203.0
205.0
228.0
184.0
300.0
32.5
178.0
379.0
184.0
227.0
21.1
67.0
57.0
119.0
379.0
0.0
163.0
258.0
52.2
182.0
59.6
43.0
36.1
234.0
298.0
219.0
67.2
364.0
277.0
210.0
215.0
193.0
191.0
179.0
270.0
255.0
129.0
130.0
387.0
76.1
266.0
370.0
86.9
85.3
252.0
211.0
298.0
275.0
343.0
143.0
16.2
256.0
225.0
236.0
296.0
123.0
218.0
73.8
257.0
50.3
200.0
88.4
90.9
69.5
61.7
168.0
222.0
74.7
291.0
244.0
139.0
35.1
253.0
256.0
126.0
162.0
373.0
84.9
217.0
33.4
45.3
247.0
41.7
236.0
146.0
163.0
234.0
107.0
217.0
219.0
127.0
169.0
256.0
69.7
233.0
272.0
286.0
157.0
29.1
208.0
54.4
153.0
47.9
145.0
85.1
192.0
64.1
188.0
167.0
126.0
189.0
130.0
152.0
231.0
220.0
223.0
248.0
255.0
239.0
315.0
178.0
263.0
343.0
305.0
178.0
241.0
204.0
233.0
220.0
221.0
227.0
206.0
285.0
56.4
217.0
225.0
194.0
237.0
219.0
232.0
17.6
148.0
73.4
71.0
75.2
101.0
237.0
399.0
233.0
208.0
26.2
297.0
136.0
83.3
103.0
244.0
238.0
207.0
243.0
3.6
205.0
248.0
142.0
215.0
71.3
192.0
205.0
80.4
259.0
255.0
221.0
362.0
133.0
93.5
382.0
70.8
193.0
141.0
145.0
231.0
99.8
263.0
175.0
41.5
111.0
111.0
37.1
35.5
247.0
278.0
297.0
143.0
424.0
235.0
234.0
269.0
216.0
263.0
229.0
53.0
304.0
249.0
263.0
30.4
229.0
115.0
75.7
141.0
234.0
238.0
81.4
330.0
228.0
23.5
263.0
256.0
232.0
79.7
51.2
236.0
156.0
184.0
94.4
278.0
205.0
86.3
82.1
187.0
173.0
95.8
151.0
120.0
158.0
59.2
215.0
231.0
177.0
168.0
184.0
76.8
199.0
233.0
269.0
272.0
117.0
194.0
361.0
85.6
222.0
158.0
409.0
201.0
62.5
210.0
214.0
217.0
157.0
235.0
197.0
109.0
306.0
154.0
92.4
49.5
201.0
193.0
201.0
207.0
403.0
87.3
239.0
154.0
250.0
119.0
228.0
118.0
55.0
371.0
207.0
86.7
177.0
72.2
130.0
199.0
293.0
217.0
240.0
76.5
249.0
138.0
58.7
11.8
211.0
128.0
205.0
30.6
229.0
209.0
195.0
48.0
246.0
359.0
