100.0
29.5
117.0
167.0
115.0
189.0
88.4
100.0
58.9
202.0
55.2
41.4
37.9
134.0
35.7
62.1
76.7
33.5
90.6
21.9
168.0
44.8
161.0
44.1
97.9
48.9
55.2
102.0
7.7
98.0
92.6
48.5
57.3
136.0
7.2
74.2
137.0
19.0
71.8
3.6
88.2
191.0
96.9
68.5
95.7
51.6
68.4
125.0
57.4
60.4
81.8
38.7
116.0
130.0
47.2
195.0
38.6
79.9
169.0
149.0
153.0
107.0
196.0
163.0
0.0
112.0
117.0
37.6
124.0
147.0
192.0
88.7
132.0
73.1
102.0
180.0
92.9
52.7
58.5
47.9
53.6
44.6
124.0
105.0
45.9
106.0
203.0
122.0
81.9
186.0
192.0
77.6
107.0
80.1
133.0
120.0
159.0
25.8
146.0
72.3
38.5
52.1
112.0
41.9
73.0
94.7
112.0
142.0
27.2
106.0
143.0
183.0
100.0
27.6
76.4
107.0
107.0
99.1
97.0
209.0
107.0
110.0
50.3
14.1
189.0
115.0
71.8
136.0
132.0
101.0
169.0
89.9
20.7
67.5
49.7
108.0
42.8
34.8
33.3
14.3
110.0
138.0
87.4
126.0
102.0
5.1
192.0
62.7
165.0
37.7
172.0
15.5
93.8
47.8
110.0
43.4
24.0
115.0
44.3
95.1
22.6
86.1
74.7
78.0
102.0
71.4
94.2
131.0
20.6
117.0
159.0
136.0
21.5
57.1
76.2
48.8
74.6
46.3
81.9
61.3
101.0
154.0
71.6
41.6
34.7
52.7
60.0
86.2
156.0
79.5
94.3
180.0
127.0
205.0
91.9
215.0
49.9
62.4
202.0
130.0
46.6
172.0
74.6
99.0
93.1
60.5
59.2
160.0
59.4
68.2
46.5
69.8
130.0
14.7
34.6
91.2
75.3
109.0
74.9
178.0
37.0
70.9
198.0
152.0
42.9
82.8
28.3
85.6
89.6
117.0
35.3
169.0
62.4
55.4
184.0
145.0
62.8
124.0
113.0
19.9
240.0
88.9
87.8
84.9
71.2
91.5
82.4
183.0
120.0
103.0
118.0
144.0
83.9
67.0
132.0
27.4
88.4
92.6
162.0
146.0
82.8
155.0
117.0
104.0
79.8
193.0
112.0
52.8
19.1
16.4
85.3
114.0
60.1
108.0
126.0
29.4
56.7
128.0
39.3
110.0
8.6
173.0
70.2
85.3
16.5
58.8
27.0
103.0
40.0
88.1
117.0
87.8
47.7
48.6
177.0
148.0
76.9
34.6
225.0
55.8
171.0
38.3
54.2
71.5
74.4
76.5
52.8
59.2
122.0
73.6
78.3
166.0
62.7
32.6
51.0
53.1
219.0
83.5
93.8
11.0
100.0
53.3
82.9
110.0
177.0
187.0
21.4
119.0
31.7
137.0
33.9
37.4
135.0
71.1
93.7
110.0
103.0
93.6
143.0
169.0
66.2
55.1
67.0
162.0
82.5
64.1
24.9
154.0
62.0
175.0
