24.7
84.7
82.0
265.0
190.0
264.0
116.0
188.0
80.5
135.0
55.6
136.0
132.0
243.0
83.0
157.0
72.3
114.0
28.7
103.0
88.3
158.0
235.0
76.0
173.0
82.0
57.2
74.7
105.0
192.0
86.7
86.1
88.4
211.0
108.0
43.7
69.5
90.5
82.9
110.0
24.5
112.0
37.8
143.0
31.4
147.0
44.8
219.0
68.9
50.3
41.9
83.8
53.4
225.0
124.0
116.0
96.3
49.3
274.0
224.0
228.0
181.0
128.0
257.0
113.0
0.0
212.0
77.3
232.0
236.0
267.0
82.7
105.0
43.0
196.0
101.0
82.1
116.0
52.7
94.7
131.0
110.0
27.8
32.8
136.0
181.0
124.0
197.0
55.3
119.0
267.0
172.0
101.0
49.5
86.3
93.1
91.4
120.0
241.0
56.7
73.2
76.3
85.4
136.0
91.3
189.0
106.0
226.0
107.0
180.0
218.0
258.0
195.0
108.0
96.8
207.0
35.0
93.2
172.0
283.0
21.6
26.3
153.0
101.0
110.0
213.0
99.4
231.0
226.0
8.2
243.0
25.3
128.0
142.0
67.8
183.0
90.7
94.6
142.0
102.0
14.7
212.0
89.9
34.1
66.4
115.0
266.0
90.2
240.0
123.0
247.0
114.0
188.0
71.6
204.0
70.0
94.4
189.0
95.7
170.0
118.0
59.8
68.7
52.4
96.5
62.6
68.5
73.9
88.2
20.2
80.1
78.3
85.4
56.2
51.7
68.2
58.1
89.8
109.0
88.2
56.9
228.0
76.0
89.5
107.0
60.9
99.2
35.7
250.0
154.0
189.0
254.0
202.0
279.0
63.5
136.0
60.2
49.9
277.0
88.6
147.0
247.0
169.0
101.0
102.0
56.9
59.9
255.0
87.0
76.8
137.0
71.1
205.0
95.7
105.0
186.0
71.4
13.1
44.9
111.0
140.0
165.0
118.0
226.0
121.0
157.0
126.0
79.6
184.0
24.9
119.0
244.0
157.0
150.0
258.0
241.0
70.6
39.9
43.2
135.0
160.0
18.1
27.1
64.8
64.9
84.5
51.8
257.0
73.1
20.5
112.0
238.0
95.3
161.0
206.0
137.0
82.5
108.0
237.0
68.5
59.7
253.0
9.1
99.5
49.6
268.0
207.0
61.7
107.0
100.0
180.0
87.2
48.4
183.0
201.0
83.1
139.0
202.0
128.0
184.0
122.0
248.0
59.1
42.7
84.7
133.0
74.2
224.0
115.0
62.0
94.0
70.1
142.0
80.6
110.0
223.0
79.6
121.0
145.0
107.0
246.0
98.1
107.0
65.5
149.0
52.2
63.2
170.0
63.2
148.0
173.0
240.0
54.0
68.9
129.0
59.5
140.0
178.0
87.8
118.0
56.7
152.0
110.0
185.0
252.0
119.0
91.8
194.0
103.0
212.0
128.0
63.8
108.0
48.5
14.0
218.0
28.1
168.0
217.0
306.0
68.8
150.0
56.5
252.0
51.9
61.3
113.0
229.0
60.8
95.9
