201.0
129.0
256.0
56.9
81.0
148.0
188.0
46.6
159.0
341.0
155.0
89.5
102.0
24.4
178.0
59.1
215.0
141.0
191.0
116.0
306.0
77.4
74.6
143.0
65.6
187.0
155.0
240.0
126.0
27.5
192.0
148.0
179.0
95.5
117.0
176.0
275.0
128.0
172.0
121.0
189.0
330.0
235.0
109.0
196.0
96.3
169.0
15.5
157.0
160.0
183.0
139.0
254.0
19.8
133.0
334.0
138.0
181.0
58.7
76.0
40.6
73.2
334.0
52.2
118.0
212.0
0.0
137.0
23.2
37.7
64.2
188.0
253.0
174.0
21.8
319.0
231.0
165.0
169.0
148.0
145.0
134.0
224.0
210.0
102.0
85.1
342.0
55.6
220.0
325.0
151.0
40.0
207.0
165.0
253.0
230.0
297.0
97.2
36.0
211.0
180.0
191.0
251.0
77.6
173.0
28.5
212.0
33.1
155.0
60.7
102.0
142.0
16.3
123.0
176.0
47.0
246.0
199.0
94.1
81.5
208.0
210.0
80.5
116.0
328.0
39.5
172.0
25.6
21.2
202.0
61.7
191.0
101.0
117.0
188.0
61.9
172.0
173.0
81.9
124.0
210.0
64.8
187.0
227.0
240.0
112.0
67.1
162.0
125.0
108.0
83.9
99.6
39.8
147.0
11.9
143.0
122.0
80.7
144.0
84.4
107.0
186.0
174.0
178.0
202.0
210.0
194.0
270.0
133.0
218.0
298.0
260.0
132.0
196.0
159.0
187.0
174.0
176.0
182.0
161.0
240.0
68.9
171.0
180.0
149.0
191.0
174.0
187.0
45.5
103.0
28.1
139.0
77.5
164.0
192.0
354.0
188.0
163.0
72.7
252.0
90.5
131.0
57.8
199.0
193.0
161.0
198.0
49.9
159.0
202.0
96.4
170.0
44.8
147.0
160.0
35.1
214.0
209.0
176.0
316.0
87.9
48.1
336.0
111.0
148.0
96.1
99.6
185.0
54.5
218.0
129.0
56.3
65.7
66.1
71.8
36.2
201.0
233.0
252.0
97.7
378.0
190.0
188.0
223.0
171.0
218.0
184.0
87.7
258.0
204.0
217.0
23.9
184.0
69.7
91.0
96.0
188.0
192.0
121.0
284.0
183.0
44.3
218.0
211.0
187.0
153.0
11.6
191.0
111.0
139.0
49.1
233.0
159.0
58.6
62.2
141.0
128.0
86.7
106.0
75.1
112.0
132.0
170.0
186.0
132.0
123.0
139.0
31.4
154.0
188.0
224.0
226.0
71.3
148.0
315.0
107.0
177.0
112.0
363.0
156.0
130.0
164.0
168.0
171.0
112.0
189.0
152.0
80.9
261.0
109.0
47.1
70.2
156.0
147.0
156.0
161.0
358.0
42.0
194.0
109.0
205.0
91.7
183.0
72.5
136.0
325.0
162.0
78.0
131.0
57.4
84.9
154.0
247.0
172.0
194.0
31.2
204.0
92.5
41.5
58.3
166.0
82.9
160.0
52.5
184.0
164.0
149.0
50.6
201.0
314.0
