65.9
8.7
110.0
186.0
152.0
226.0
69.5
119.0
40.1
189.0
19.4
59.9
56.3
152.0
45.2
80.5
74.5
68.7
56.2
27.5
146.0
82.1
197.0
7.6
121.0
71.7
19.4
87.4
36.4
116.0
50.0
14.9
80.1
173.0
30.4
40.7
124.0
14.5
54.8
41.4
53.8
170.0
73.8
105.0
61.3
91.6
34.0
143.0
19.6
24.7
47.4
9.3
103.0
149.0
82.4
174.0
19.0
43.6
188.0
186.0
152.0
143.0
183.0
181.0
37.6
77.3
136.0
0.0
142.0
165.0
192.0
46.0
118.0
38.7
120.0
159.0
94.8
88.0
34.2
28.8
88.9
39.5
89.2
74.4
85.8
143.0
182.0
159.0
68.1
174.0
229.0
96.1
64.5
39.0
119.0
106.0
146.0
44.2
165.0
58.9
35.4
75.0
98.1
60.3
63.2
113.0
69.3
161.0
69.2
143.0
180.0
220.0
119.0
31.8
57.5
125.0
83.4
56.5
134.0
245.0
73.0
75.2
97.4
25.4
168.0
133.0
52.9
154.0
150.0
67.0
206.0
55.5
60.7
104.0
34.2
145.0
65.6
57.6
65.6
35.0
75.4
175.0
61.8
91.8
88.9
37.3
196.0
43.8
202.0
73.0
209.0
37.8
112.0
10.7
128.0
7.6
18.3
151.0
25.2
132.0
41.5
43.5
32.1
35.4
59.8
64.7
51.5
118.0
43.5
82.5
138.0
123.0
9.8
44.5
23.8
54.9
32.0
69.1
63.1
42.4
88.2
190.0
39.3
64.4
69.9
49.2
79.5
51.8
174.0
116.0
113.0
217.0
164.0
242.0
49.3
194.0
22.5
28.0
202.0
116.0
86.6
209.0
93.1
73.1
74.3
26.1
62.1
179.0
40.6
79.0
86.5
34.4
131.0
44.4
67.8
110.0
73.5
74.3
40.5
165.0
77.0
89.4
176.0
189.0
78.2
120.0
68.3
42.9
108.0
82.7
39.3
184.0
80.8
73.9
220.0
164.0
72.8
97.6
101.0
59.4
218.0
54.5
53.4
77.5
28.3
91.9
48.9
219.0
107.0
68.5
75.0
162.0
67.2
85.4
169.0
67.3
45.8
79.5
199.0
126.0
40.1
173.0
82.4
102.0
51.8
230.0
130.0
27.4
31.3
52.2
104.0
99.9
24.3
145.0
163.0
45.3
91.9
164.0
80.8
147.0
46.3
210.0
27.5
50.9
16.1
95.6
12.9
121.0
75.3
45.5
107.0
82.8
66.2
22.0
164.0
185.0
51.6
44.6
203.0
36.7
208.0
61.1
74.4
28.8
111.0
54.3
17.0
106.0
109.0
110.0
96.7
202.0
20.7
12.4
86.2
26.1
197.0
102.0
51.1
55.7
69.4
95.7
64.0
147.0
214.0
174.0
51.6
156.0
16.2
174.0
52.3
19.0
121.0
36.7
59.3
128.0
68.9
130.0
142.0
187.0
26.7
73.5
24.8
180.0
49.0
21.4
60.1
191.0
63.0
154.0
