222.0
135.0
240.0
50.2
64.7
132.0
194.0
29.2
165.0
325.0
161.0
95.8
108.0
11.0
162.0
65.4
199.0
125.0
212.0
122.0
290.0
71.0
64.1
150.0
42.9
171.0
161.0
224.0
132.0
33.7
199.0
155.0
163.0
79.2
123.0
196.0
259.0
134.0
178.0
128.0
210.0
314.0
219.0
92.2
217.0
73.6
190.0
19.9
163.0
166.0
203.0
145.0
238.0
27.2
116.0
318.0
145.0
201.0
52.0
55.3
30.0
56.9
318.0
59.7
124.0
233.0
23.2
143.0
0.0
27.2
53.7
195.0
236.0
195.0
13.0
303.0
215.0
148.0
180.0
154.0
129.0
140.0
245.0
227.0
78.8
68.8
325.0
39.3
204.0
309.0
135.0
46.3
213.0
202.0
237.0
213.0
281.0
103.0
43.4
194.0
163.0
174.0
235.0
83.9
179.0
34.8
218.0
22.6
139.0
44.4
86.0
126.0
22.6
129.0
182.0
30.7
229.0
205.0
77.7
74.7
229.0
231.0
74.0
123.0
311.0
23.6
178.0
33.0
28.6
223.0
51.2
211.0
107.0
101.0
172.0
45.6
156.0
157.0
88.2
130.0
231.0
44.1
193.0
248.0
224.0
118.0
60.4
169.0
108.0
133.0
73.4
106.0
22.3
153.0
35.5
149.0
128.0
64.4
150.0
68.1
113.0
192.0
181.0
184.0
209.0
194.0
200.0
253.0
160.0
238.0
282.0
244.0
139.0
179.0
165.0
171.0
181.0
160.0
188.0
167.0
223.0
58.4
178.0
164.0
132.0
175.0
158.0
208.0
52.9
86.5
23.5
123.0
61.2
148.0
216.0
337.0
171.0
184.0
70.7
235.0
74.4
115.0
41.5
205.0
199.0
182.0
181.0
56.8
165.0
186.0
75.8
176.0
28.5
151.0
144.0
41.4
198.0
230.0
196.0
300.0
81.5
54.4
320.0
94.7
131.0
79.8
93.1
192.0
37.1
239.0
136.0
45.8
59.3
72.4
61.3
25.7
185.0
246.0
235.0
104.0
362.0
210.0
209.0
207.0
177.0
201.0
204.0
77.2
242.0
224.0
224.0
40.5
190.0
75.9
50.0
102.0
194.0
199.0
105.0
268.0
189.0
37.6
238.0
195.0
202.0
136.0
13.1
174.0
117.0
143.0
31.7
217.0
166.0
42.2
45.9
157.0
112.0
70.4
123.0
58.8
119.0
116.0
176.0
207.0
138.0
106.0
145.0
14.0
138.0
194.0
208.0
210.0
77.6
155.0
299.0
90.9
183.0
119.0
347.0
162.0
114.0
148.0
152.0
178.0
95.3
199.0
158.0
58.2
244.0
92.5
53.4
59.6
184.0
173.0
139.0
175.0
341.0
37.3
200.0
115.0
222.0
69.0
189.0
56.2
79.2
309.0
146.0
61.7
138.0
29.3
91.2
160.0
231.0
193.0
215.0
14.9
225.0
76.2
21.1
67.1
172.0
89.2
166.0
41.9
204.0
170.0
133.0
40.0
184.0
298.0
