227.0
158.0
244.0
32.1
69.4
66.4
218.0
41.6
188.0
329.0
200.0
119.0
131.0
16.4
166.0
88.6
204.0
129.0
217.0
146.0
295.0
107.0
38.1
173.0
53.6
176.0
200.0
229.0
162.0
57.0
234.0
178.0
167.0
41.7
146.0
200.0
264.0
157.0
201.0
159.0
214.0
318.0
224.0
96.9
222.0
84.3
195.0
22.4
203.0
195.0
208.0
168.0
243.0
24.0
121.0
322.0
168.0
206.0
30.5
40.2
10.6
61.6
322.0
42.1
147.0
238.0
37.7
166.0
27.2
0.0
27.7
230.0
241.0
199.0
40.2
307.0
220.0
153.0
185.0
177.0
134.0
164.0
250.0
232.0
89.5
73.5
330.0
36.4
209.0
313.0
78.1
69.5
248.0
206.0
241.0
218.0
286.0
127.0
33.4
199.0
168.0
179.0
239.0
107.0
202.0
58.0
253.0
10.6
143.0
48.7
55.4
69.0
45.9
152.0
206.0
35.0
234.0
240.0
82.4
53.7
234.0
236.0
79.2
146.0
316.0
36.6
201.0
21.8
40.4
228.0
25.2
216.0
111.0
106.0
177.0
50.2
160.0
162.0
111.0
165.0
236.0
28.9
246.0
252.0
229.0
141.0
37.4
192.0
53.9
138.0
47.4
129.0
47.8
195.0
49.5
172.0
151.0
69.0
174.0
72.8
137.0
217.0
216.0
209.0
244.0
198.0
225.0
258.0
165.0
243.0
286.0
248.0
162.0
184.0
208.0
176.0
216.0
164.0
211.0
191.0
228.0
32.4
201.0
168.0
137.0
180.0
162.0
212.0
42.9
91.2
48.9
71.2
34.4
90.5
220.0
342.0
176.0
189.0
49.6
240.0
85.0
82.8
67.4
228.0
222.0
187.0
186.0
38.7
189.0
191.0
86.5
218.0
31.5
155.0
148.0
64.6
202.0
235.0
201.0
305.0
93.6
77.7
325.0
60.2
136.0
84.5
106.0
227.0
52.4
243.0
159.0
19.8
95.2
95.6
35.3
7.6
190.0
251.0
240.0
127.0
367.0
215.0
214.0
212.0
212.0
206.0
209.0
51.2
247.0
229.0
259.0
35.2
213.0
99.2
34.9
104.0
230.0
222.0
75.6
273.0
216.0
19.5
243.0
199.0
207.0
79.2
35.4
179.0
141.0
148.0
57.1
221.0
197.0
46.5
34.1
161.0
117.0
55.0
94.6
63.5
142.0
58.7
211.0
211.0
177.0
111.0
175.0
39.5
142.0
219.0
212.0
215.0
101.0
178.0
304.0
62.4
235.0
142.0
352.0
185.0
62.0
153.0
157.0
213.0
100.0
203.0
187.0
68.8
249.0
97.2
76.6
33.6
189.0
178.0
144.0
179.0
346.0
62.8
235.0
151.0
227.0
79.6
212.0
60.9
53.2
314.0
150.0
45.9
161.0
25.8
114.0
188.0
236.0
197.0
220.0
32.7
229.0
80.9
19.0
49.1
195.0
112.0
205.0
15.9
209.0
205.0
138.0
12.5
189.0
302.0
