256.0
185.0
273.0
23.5
97.0
39.0
244.0
69.2
215.0
359.0
229.0
146.0
158.0
42.9
196.0
115.0
233.0
159.0
246.0
172.0
324.0
133.0
20.9
229.0
81.1
205.0
229.0
258.0
191.0
83.5
263.0
204.0
197.0
45.3
200.0
230.0
293.0
184.0
228.0
188.0
244.0
347.0
253.0
126.0
251.0
112.0
224.0
48.9
233.0
225.0
237.0
195.0
272.0
43.2
150.0
352.0
194.0
235.0
15.2
30.4
38.1
89.1
352.0
35.9
192.0
267.0
64.3
193.0
53.7
27.7
0.0
259.0
270.0
229.0
66.7
337.0
249.0
182.0
214.0
204.0
163.0
190.0
279.0
261.0
117.0
101.0
359.0
64.8
238.0
343.0
50.6
96.1
277.0
236.0
271.0
247.0
315.0
153.0
38.1
228.0
197.0
208.0
269.0
134.0
229.0
84.5
282.0
38.1
173.0
76.2
59.4
41.6
72.4
179.0
232.0
62.5
263.0
269.0
110.0
26.2
263.0
265.0
107.0
172.0
345.0
64.1
228.0
37.5
56.0
257.0
6.5
245.0
180.0
135.0
206.0
77.8
190.0
191.0
138.0
194.0
265.0
40.5
275.0
282.0
258.0
168.0
9.9
218.0
26.4
167.0
19.9
156.0
75.3
225.0
76.1
223.0
178.0
96.6
200.0
102.0
163.0
246.0
245.0
238.0
273.0
228.0
255.0
287.0
194.0
272.0
316.0
278.0
188.0
213.0
238.0
205.0
245.0
193.0
238.0
217.0
257.0
21.2
252.0
198.0
166.0
209.0
192.0
242.0
41.6
121.0
76.5
43.0
47.6
63.0
250.0
371.0
205.0
218.0
22.1
269.0
113.0
55.3
94.9
255.0
249.0
216.0
215.0
32.6
215.0
220.0
114.0
247.0
59.1
185.0
177.0
91.2
232.0
264.0
230.0
334.0
121.0
104.0
354.0
39.2
165.0
114.0
170.0
256.0
79.9
273.0
186.0
13.1
122.0
122.0
7.8
30.7
219.0
280.0
269.0
154.0
396.0
244.0
243.0
241.0
241.0
235.0
238.0
23.7
276.0
258.0
288.0
50.2
280.0
126.0
46.9
131.0
259.0
248.0
54.6
302.0
246.0
18.7
272.0
229.0
236.0
51.7
61.9
208.0
167.0
177.0
84.7
251.0
226.0
74.1
63.3
191.0
146.0
67.0
157.0
91.1
169.0
31.2
241.0
241.0
206.0
140.0
205.0
67.0
172.0
248.0
242.0
244.0
127.0
204.0
333.0
54.1
265.0
168.0
381.0
212.0
34.5
182.0
186.0
242.0
129.0
233.0
216.0
96.4
278.0
126.0
103.0
16.5
218.0
207.0
173.0
209.0
375.0
90.3
264.0
180.0
256.0
107.0
239.0
88.4
25.7
343.0
180.0
59.9
188.0
53.4
141.0
217.0
265.0
227.0
249.0
60.2
259.0
110.0
46.5
36.3
240.0
139.0
235.0
11.8
238.0
234.0
167.0
29.1
218.0
332.0
