68.5
55.7
122.0
237.0
181.0
255.0
38.4
170.0
22.7
193.0
37.6
111.0
94.8
203.0
74.7
132.0
104.0
106.0
68.0
74.4
147.0
133.0
227.0
37.1
164.0
100.0
49.7
99.2
87.3
168.0
7.3
42.9
109.0
203.0
81.3
35.8
128.0
61.5
14.1
92.3
54.5
170.0
85.6
135.0
73.1
139.0
40.6
194.0
30.3
39.8
77.0
44.8
112.0
200.0
116.0
174.0
53.1
29.2
239.0
215.0
219.0
173.0
187.0
232.0
88.5
77.8
187.0
45.5
193.0
228.0
258.0
0.0
130.0
68.2
171.0
159.0
107.0
120.0
63.7
56.7
123.0
66.8
89.7
86.3
128.0
172.0
182.0
189.0
79.9
178.0
259.0
147.0
16.2
26.3
131.0
118.0
150.0
95.6
216.0
88.4
65.0
104.0
110.0
112.0
22.4
164.0
26.6
218.0
98.8
172.0
210.0
250.0
170.0
72.1
27.9
199.0
95.2
12.1
163.0
275.0
73.6
75.8
149.0
76.7
168.0
204.0
32.4
206.0
201.0
67.6
235.0
62.8
112.0
134.0
76.8
174.0
94.4
86.3
117.0
85.9
76.0
204.0
16.8
92.3
101.0
88.2
258.0
26.5
232.0
114.0
239.0
89.1
164.0
37.3
179.0
44.5
67.1
181.0
52.5
161.0
92.9
16.0
16.3
25.2
17.1
94.3
13.6
130.0
80.0
83.0
138.0
135.0
56.4
74.0
33.3
84.4
23.1
97.9
44.4
50.2
100.0
220.0
8.7
93.2
98.7
78.7
108.0
49.3
226.0
146.0
164.0
246.0
194.0
271.0
21.9
194.0
67.1
57.6
268.0
128.0
138.0
239.0
144.0
26.6
33.5
55.7
91.7
230.0
24.4
109.0
129.0
16.4
196.0
87.5
96.6
161.0
103.0
74.9
70.1
169.0
128.0
141.0
177.0
218.0
113.0
149.0
123.0
7.2
159.0
83.3
76.2
235.0
132.0
125.0
250.0
215.0
102.0
98.2
101.0
111.0
219.0
49.6
61.2
89.4
19.4
122.0
27.1
249.0
119.0
69.1
32.3
213.0
19.8
137.0
198.0
119.0
7.9
38.8
228.0
127.0
20.0
225.0
83.0
131.0
81.3
260.0
182.0
70.1
82.6
92.1
155.0
112.0
38.1
175.0
193.0
74.8
131.0
194.0
120.0
176.0
97.6
239.0
24.3
67.3
63.1
125.0
58.9
173.0
107.0
14.7
119.0
94.6
117.0
42.6
168.0
214.0
8.7
84.9
204.0
64.0
238.0
89.9
103.0
17.9
141.0
83.9
46.6
161.0
121.0
140.0
148.0
232.0
51.0
53.7
121.0
55.7
198.0
153.0
6.3
108.0
81.3
143.0
33.9
176.0
243.0
178.0
83.6
185.0
59.7
204.0
104.0
48.5
133.0
66.3
59.9
180.0
71.9
160.0
209.0
238.0
30.9
125.0
29.5
244.0
34.4
28.4
105.0
221.0
92.5
154.0
