64.9
126.0
17.2
271.0
195.0
269.0
169.0
194.0
133.0
115.0
117.0
170.0
166.0
248.0
109.0
190.0
72.1
112.0
66.3
152.0
80.6
150.0
241.0
117.0
178.0
88.7
117.0
39.9
126.0
226.0
139.0
127.0
82.7
217.0
129.0
96.3
49.8
137.0
136.0
131.0
81.8
104.0
51.5
149.0
61.6
153.0
104.0
261.0
121.0
103.0
74.1
125.0
46.6
267.0
123.0
108.0
137.0
102.0
279.0
229.0
233.0
187.0
108.0
299.0
134.0
105.0
254.0
118.0
237.0
242.0
272.0
135.0
0.0
84.0
235.0
93.2
46.4
97.9
93.8
140.0
115.0
151.0
69.9
59.6
135.0
186.0
116.0
203.0
59.7
99.4
273.0
206.0
154.0
102.0
9.0
25.2
71.6
154.0
283.0
73.0
114.0
83.0
25.3
170.0
144.0
223.0
159.0
231.0
109.0
186.0
223.0
263.0
241.0
155.0
149.0
213.0
55.6
146.0
177.0
289.0
71.3
65.6
155.0
139.0
102.0
218.0
152.0
273.0
268.0
94.9
249.0
70.3
128.0
148.0
101.0
188.0
97.4
103.0
147.0
123.0
103.0
218.0
143.0
62.2
30.8
136.0
272.0
143.0
246.0
122.0
253.0
146.0
202.0
113.0
238.0
111.0
142.0
195.0
137.0
175.0
152.0
112.0
121.0
105.0
149.0
68.3
121.0
28.2
119.0
73.2
72.4
19.0
126.0
91.2
104.0
89.5
111.0
96.5
162.0
141.0
37.0
234.0
129.0
96.2
106.0
89.7
81.2
79.7
293.0
160.0
222.0
260.0
208.0
285.0
116.0
128.0
101.0
91.0
282.0
5.8
146.0
252.0
203.0
154.0
155.0
98.0
82.8
277.0
140.0
78.8
140.0
124.0
210.0
121.0
106.0
219.0
61.1
83.5
85.9
90.6
142.0
199.0
111.0
232.0
113.0
163.0
128.0
132.0
191.0
70.5
161.0
249.0
162.0
184.0
264.0
246.0
77.3
57.3
56.0
142.0
153.0
82.4
70.8
50.9
118.0
45.3
104.0
263.0
25.8
78.2
164.0
280.0
148.0
195.0
212.0
137.0
135.0
160.0
242.0
58.7
112.0
258.0
88.9
44.8
80.6
274.0
249.0
99.3
155.0
125.0
201.0
34.8
101.0
189.0
207.0
116.0
127.0
208.0
130.0
190.0
138.0
253.0
112.0
67.6
135.0
139.0
115.0
229.0
104.0
115.0
32.6
39.4
176.0
133.0
89.7
228.0
132.0
168.0
138.0
148.0
252.0
109.0
88.6
118.0
155.0
84.2
104.0
175.0
32.7
154.0
206.0
246.0
107.0
110.0
111.0
101.0
132.0
212.0
140.0
128.0
54.6
157.0
163.0
190.0
257.0
99.6
117.0
199.0
144.0
218.0
152.0
105.0
14.5
89.6
87.3
224.0
62.6
174.0
223.0
312.0
121.0
183.0
109.0
258.0
104.0
114.0
115.0
235.0
75.9
88.2
