32.7
46.0
77.1
226.0
151.0
225.0
100.0
150.0
65.3
156.0
37.5
97.2
93.6
204.0
44.2
118.0
41.2
75.3
22.9
64.7
113.0
119.0
196.0
37.3
134.0
50.9
37.5
54.1
66.1
154.0
71.1
47.3
57.3
172.0
69.0
35.0
90.7
51.8
76.0
71.1
20.6
136.0
40.5
104.0
28.0
108.0
14.2
180.0
40.7
34.8
11.8
45.0
69.7
186.0
85.1
141.0
57.5
40.7
235.0
185.0
189.0
142.0
149.0
218.0
73.8
44.0
173.0
38.5
193.0
198.0
228.0
67.2
84.9
0.0
157.0
125.0
61.5
84.8
12.2
60.6
92.7
71.3
55.9
41.2
97.6
142.0
148.0
158.0
34.8
140.0
228.0
133.0
85.6
40.9
85.6
72.6
113.0
81.5
202.0
25.6
34.4
45.2
64.9
97.6
84.4
150.0
90.5
187.0
68.3
142.0
179.0
219.0
156.0
69.0
89.8
169.0
50.1
77.6
133.0
244.0
39.7
41.9
115.0
62.7
134.0
174.0
84.2
192.0
187.0
33.7
205.0
22.2
89.7
103.0
27.1
144.0
59.5
55.8
103.0
63.3
42.1
174.0
83.0
58.5
55.6
75.9
228.0
75.0
201.0
84.0
208.0
75.0
149.0
32.8
165.0
31.3
55.6
150.0
57.0
131.0
78.8
51.2
53.2
43.7
81.0
31.4
59.8
85.1
49.5
49.2
104.0
89.5
46.6
15.5
43.1
25.9
49.5
58.7
94.3
73.0
54.9
189.0
60.5
58.4
68.2
20.2
68.1
18.5
212.0
115.0
150.0
216.0
163.0
241.0
54.9
160.0
18.1
7.8
238.0
83.0
108.0
208.0
130.0
94.2
95.4
18.2
28.8
216.0
71.8
45.7
98.6
55.6
166.0
56.9
66.1
147.0
40.2
41.1
7.7
132.0
101.0
127.0
143.0
188.0
82.0
119.0
86.8
64.1
145.0
49.4
80.7
205.0
118.0
111.0
220.0
202.0
39.5
64.4
67.6
96.7
185.0
21.2
20.1
44.2
49.4
58.7
43.2
218.0
73.5
35.3
96.2
199.0
88.4
123.0
168.0
98.4
66.9
101.0
198.0
93.0
51.1
214.0
49.2
68.4
18.5
229.0
168.0
21.2
68.6
61.6
141.0
66.6
39.8
144.0
162.0
44.3
100.0
163.0
89.0
146.0
83.6
209.0
48.7
17.6
45.9
94.6
35.4
185.0
76.5
53.4
73.4
49.5
103.0
54.4
131.0
184.0
72.7
81.8
170.0
68.5
207.0
59.3
75.5
50.0
110.0
21.0
24.4
131.0
75.8
109.0
134.0
201.0
28.2
30.2
90.1
12.9
164.0
139.0
72.3
79.6
36.2
113.0
95.8
146.0
213.0
141.0
53.0
155.0
64.2
173.0
89.6
25.0
87.8
8.1
26.1
179.0
35.6
129.0
179.0
268.0
47.8
111.0
47.8
213.0
43.3
42.6
74.1
190.0
29.7
120.0
