185.0
113.0
237.0
63.2
62.5
130.0
172.0
27.0
143.0
322.0
138.0
73.4
85.5
24.0
159.0
43.0
197.0
122.0
175.0
99.9
288.0
61.2
76.9
127.0
40.7
169.0
138.0
222.0
109.0
20.2
176.0
132.0
160.0
76.9
101.0
160.0
257.0
112.0
155.0
105.0
173.0
311.0
217.0
89.9
180.0
71.4
153.0
29.2
141.0
144.0
166.0
122.0
236.0
34.7
114.0
315.0
122.0
165.0
65.0
63.3
36.4
54.6
316.0
67.2
102.0
196.0
21.8
121.0
13.0
40.2
66.7
172.0
234.0
158.0
0.0
300.0
213.0
146.0
178.0
132.0
127.0
118.0
208.0
193.0
76.6
66.6
323.0
37.0
202.0
306.0
133.0
23.8
191.0
149.0
234.0
211.0
279.0
81.0
50.9
192.0
161.0
172.0
232.0
61.5
157.0
15.1
196.0
34.7
136.0
42.2
83.8
124.0
5.8
106.0
160.0
28.4
227.0
183.0
75.5
87.7
192.0
194.0
64.3
100.0
309.0
21.3
155.0
40.5
36.1
186.0
66.4
174.0
84.9
98.6
170.0
43.3
153.0
155.0
65.8
108.0
194.0
52.1
171.0
211.0
222.0
95.7
73.4
146.0
106.0
91.8
113.0
83.5
20.1
131.0
19.9
127.0
106.0
62.1
128.0
65.9
91.0
170.0
158.0
162.0
186.0
191.0
178.0
251.0
116.0
201.0
279.0
241.0
116.0
177.0
143.0
169.0
158.0
157.0
166.0
145.0
221.0
68.2
155.0
162.0
130.0
173.0
155.0
171.0
60.4
84.3
13.4
120.0
58.9
145.0
176.0
335.0
169.0
147.0
83.7
233.0
74.3
113.0
32.5
183.0
177.0
145.0
179.0
64.8
143.0
184.0
73.6
153.0
26.2
148.0
141.0
27.8
195.0
193.0
159.0
298.0
71.8
32.0
318.0
92.4
129.0
77.5
83.4
169.0
34.8
202.0
113.0
59.3
49.5
49.9
74.3
38.7
183.0
217.0
233.0
81.5
360.0
173.0
172.0
205.0
155.0
199.0
168.0
123.0
240.0
187.0
201.0
48.0
167.0
56.6
72.4
79.8
172.0
176.0
103.0
266.0
166.0
50.6
201.0
192.0
171.0
134.0
16.5
172.0
94.9
141.0
29.4
214.0
143.0
40.0
43.6
155.0
110.0
68.2
121.0
56.6
96.3
113.0
154.0
170.0
116.0
104.0
123.0
11.8
135.0
172.0
205.0
208.0
55.1
132.0
297.0
88.6
160.0
96.1
345.0
139.0
112.0
146.0
150.0
155.0
93.1
173.0
136.0
55.9
242.0
90.2
39.8
74.9
140.0
131.0
137.0
172.0
339.0
24.5
177.0
93.0
188.0
66.7
166.0
54.0
117.0
307.0
143.0
59.5
115.0
38.8
68.8
138.0
229.0
156.0
178.0
12.6
188.0
74.0
26.3
73.2
150.0
66.7
144.0
54.9
168.0
148.0
131.0
47.9
182.0
295.0
