99.6
167.0
84.5
337.0
261.0
335.0
198.0
260.0
162.0
112.0
138.0
218.0
214.0
314.0
157.0
239.0
118.0
186.0
115.0
185.0
11.4
223.0
307.0
158.0
244.0
136.0
139.0
108.0
174.0
274.0
169.0
168.0
143.0
282.0
176.0
126.0
46.6
173.0
165.0
179.0
106.0
10.9
95.6
215.0
111.0
219.0
127.0
301.0
151.0
132.0
124.0
166.0
74.1
307.0
195.0
24.6
178.0
131.0
345.0
295.0
299.0
253.0
105.0
339.0
181.0
101.0
294.0
159.0
303.0
308.0
338.0
165.0
95.2
125.0
301.0
0.0
115.0
171.0
135.0
177.0
203.0
192.0
77.0
91.6
208.0
252.0
25.9
269.0
109.0
96.3
338.0
254.0
183.0
132.0
87.7
107.0
49.8
202.0
323.0
121.0
155.0
130.0
92.1
218.0
173.0
271.0
188.0
297.0
165.0
252.0
289.0
329.0
277.0
190.0
179.0
279.0
81.4
175.0
243.0
355.0
90.3
86.9
229.0
187.0
15.9
284.0
181.0
313.0
308.0
103.0
315.0
111.0
197.0
214.0
149.0
254.0
145.0
150.0
216.0
171.0
115.0
284.0
172.0
69.3
86.7
183.0
338.0
172.0
312.0
194.0
319.0
196.0
270.0
154.0
286.0
152.0
176.0
261.0
178.0
241.0
200.0
142.0
151.0
134.0
178.0
116.0
150.0
75.4
166.0
80.3
35.0
79.8
167.0
138.0
134.0
137.0
140.0
144.0
191.0
170.0
85.9
300.0
158.0
144.0
178.0
137.0
146.0
118.0
332.0
226.0
271.0
326.0
273.0
351.0
146.0
59.6
142.0
132.0
348.0
90.0
220.0
318.0
251.0
183.0
184.0
139.0
130.0
343.0
169.0
132.0
209.0
153.0
276.0
168.0
163.0
268.0
109.0
90.6
127.0
87.6
216.0
247.0
19.7
298.0
192.0
229.0
202.0
162.0
257.0
82.1
201.0
315.0
239.0
232.0
330.0
312.0
125.0
64.4
79.1
202.0
62.6
110.0
113.0
98.3
147.0
112.0
134.0
329.0
78.6
97.7
194.0
320.0
177.0
243.0
278.0
206.0
164.0
190.0
308.0
34.5
142.0
324.0
96.0
127.0
128.0
340.0
289.0
144.0
189.0
173.0
262.0
117.0
130.0
255.0
273.0
163.0
210.0
274.0
199.0
256.0
191.0
319.0
141.0
117.0
183.0
205.0
156.0
295.0
177.0
144.0
115.0
97.1
224.0
163.0
86.7
294.0
162.0
203.0
47.4
189.0
317.0
157.0
152.0
147.0
221.0
134.0
145.0
241.0
57.3
220.0
255.0
312.0
136.0
151.0
200.0
141.0
41.7
260.0
170.0
187.0
104.0
223.0
192.0
256.0
323.0
96.5
164.0
265.0
185.0
284.0
210.0
146.0
114.0
130.0
105.0
290.0
92.0
240.0
289.0
378.0
151.0
232.0
138.0
324.0
134.0
143.0
184.0
301.0
123.0
5.1
