43.1
104.0
40.0
249.0
173.0
247.0
147.0
172.0
111.0
135.0
95.6
129.0
126.0
226.0
69.0
150.0
20.2
97.8
44.5
111.0
101.0
128.0
219.0
95.3
156.0
48.4
95.6
7.6
85.8
186.0
117.0
105.0
60.7
195.0
88.7
74.5
69.9
97.1
114.0
90.9
60.0
124.0
29.7
127.0
39.8
131.0
82.2
239.0
98.8
81.1
49.1
103.0
43.3
245.0
108.0
129.0
116.0
80.2
258.0
207.0
211.0
165.0
129.0
277.0
93.5
83.5
232.0
96.6
216.0
220.0
250.0
114.0
45.9
62.3
213.0
113.0
0.0
75.9
72.0
119.0
93.2
129.0
60.6
37.8
120.0
164.0
136.0
181.0
26.9
120.0
251.0
166.0
132.0
80.4
46.2
19.8
91.7
114.0
261.0
32.8
69.9
42.7
17.6
130.0
122.0
183.0
137.0
210.0
77.6
164.0
202.0
242.0
188.0
115.0
128.0
191.0
40.0
124.0
155.0
267.0
49.6
43.8
133.0
99.2
122.0
196.0
130.0
251.0
246.0
73.2
227.0
48.6
109.0
126.0
61.0
166.0
57.1
62.5
128.0
83.0
81.6
196.0
121.0
52.9
21.0
95.7
250.0
121.0
224.0
107.0
231.0
106.0
182.0
90.9
197.0
89.3
102.0
173.0
115.0
153.0
112.0
90.7
99.6
83.2
127.0
26.3
99.3
62.5
78.8
63.9
92.5
53.3
105.0
51.0
82.5
49.2
89.0
56.2
140.0
119.0
34.2
212.0
107.0
55.9
84.0
49.4
59.2
58.0
271.0
138.0
182.0
238.0
186.0
263.0
94.4
148.0
79.5
69.2
260.0
45.0
124.0
231.0
162.0
132.0
133.0
76.2
42.5
256.0
118.0
32.1
121.0
102.0
188.0
80.5
83.9
179.0
17.7
80.5
50.4
111.0
120.0
159.0
131.0
210.0
91.0
141.0
106.0
110.0
170.0
51.9
123.0
227.0
150.0
143.0
242.0
225.0
27.8
51.5
40.5
114.0
173.0
60.6
49.0
16.6
95.8
8.7
82.6
241.0
34.8
56.4
143.0
258.0
126.0
155.0
190.0
118.0
113.0
138.0
220.0
78.9
90.5
236.0
88.6
21.2
40.3
252.0
227.0
59.1
115.0
85.1
173.0
12.3
79.2
167.0
185.0
75.4
123.0
186.0
112.0
168.0
103.0
231.0
89.9
45.8
95.0
117.0
93.5
207.0
82.2
92.9
11.8
11.2
136.0
111.0
110.0
206.0
110.0
128.0
158.0
127.0
230.0
68.9
66.6
96.3
133.0
43.9
82.5
153.0
55.0
132.0
166.0
224.0
84.8
88.2
89.0
78.8
152.0
171.0
119.0
99.4
32.8
135.0
141.0
168.0
235.0
120.0
76.6
177.0
110.0
196.0
122.0
83.1
40.7
67.8
65.5
202.0
40.8
152.0
201.0
290.0
99.7
143.0
87.3
236.0
82.7
92.1
92.9
213.0
35.6
108.0
