105.0
80.8
103.0
184.0
108.0
182.0
140.0
107.0
110.0
192.0
91.3
87.1
83.5
161.0
35.4
108.0
51.9
27.4
95.7
75.8
158.0
63.5
154.0
91.1
91.2
24.8
91.3
91.5
52.9
144.0
125.0
99.7
21.6
130.0
61.8
91.6
127.0
70.2
130.0
49.8
93.4
181.0
86.9
61.8
97.0
40.5
85.8
174.0
94.5
86.7
78.0
90.0
106.0
180.0
24.3
185.0
89.8
97.2
192.0
142.0
146.0
99.9
185.0
212.0
53.4
117.0
167.0
88.8
150.0
155.0
185.0
121.0
96.8
86.2
148.0
170.0
72.3
0.0
49.4
99.2
17.3
95.8
129.0
94.9
38.3
99.3
193.0
116.0
71.8
176.0
186.0
123.0
139.0
97.4
97.2
73.8
149.0
71.4
196.0
61.6
59.4
33.3
92.5
87.5
124.0
140.0
144.0
144.0
22.6
99.0
136.0
177.0
154.0
82.2
128.0
126.0
97.1
131.0
90.2
202.0
113.0
101.0
69.0
72.3
179.0
131.0
123.0
186.0
181.0
106.0
162.0
95.0
41.7
60.8
33.2
101.0
20.6
28.5
60.7
55.9
115.0
131.0
137.0
115.0
91.6
64.5
185.0
114.0
159.0
35.7
166.0
65.0
115.0
86.6
167.0
85.0
75.3
108.0
95.5
88.4
71.0
108.0
107.0
100.0
135.0
60.7
116.0
113.0
56.1
122.0
149.0
104.0
73.1
42.3
99.6
33.6
107.0
17.4
133.0
113.0
91.0
147.0
114.0
22.4
19.7
37.9
16.6
91.3
206.0
72.8
140.0
173.0
121.0
198.0
112.0
205.0
67.3
79.8
195.0
96.0
52.8
165.0
120.0
148.0
144.0
77.9
40.3
191.0
111.0
46.5
44.9
109.0
123.0
46.4
15.3
137.0
65.2
114.0
79.3
168.0
55.7
117.0
188.0
145.0
13.9
76.1
41.2
118.0
104.0
122.0
89.2
162.0
75.3
101.0
177.0
159.0
49.9
114.0
103.0
56.0
230.0
94.0
92.9
74.8
103.0
61.8
99.8
176.0
110.0
108.0
150.0
193.0
142.0
113.0
125.0
50.4
121.0
144.0
155.0
136.0
108.0
171.0
122.0
55.1
69.2
187.0
162.0
39.8
70.7
38.8
114.0
77.1
87.8
102.0
120.0
52.7
29.4
121.0
40.7
103.0
51.2
166.0
102.0
75.6
68.1
52.1
68.7
142.0
12.5
110.0
68.2
77.7
93.3
99.9
167.0
141.0
126.0
80.2
215.0
107.0
165.0
19.3
11.9
104.0
67.7
72.8
78.2
55.5
112.0
66.9
124.0
159.0
80.1
69.1
13.1
70.5
209.0
129.0
126.0
41.8
89.9
44.7
134.0
103.0
170.0
177.0
32.8
112.0
82.9
131.0
65.6
78.8
91.7
83.6
98.9
137.0
98.0
86.8
136.0
225.0
102.0
101.0
96.7
171.0
99.9
96.3
28.6
148.0
43.2
165.0
