41.3
46.9
85.8
212.0
136.0
210.0
101.0
135.0
66.2
165.0
38.4
98.1
94.5
189.0
18.6
119.0
49.9
60.8
31.6
65.7
121.0
94.6
182.0
38.2
119.0
26.9
38.4
62.8
43.7
155.0
72.0
48.2
35.3
158.0
46.6
31.5
99.4
52.7
76.9
48.7
29.3
145.0
49.2
89.8
36.7
94.0
19.6
181.0
41.6
26.6
22.8
45.9
78.4
187.0
70.6
149.0
58.5
37.2
220.0
170.0
174.0
128.0
158.0
219.0
51.4
52.7
174.0
39.4
178.0
183.0
213.0
68.1
93.6
12.3
176.0
134.0
70.2
48.6
0.0
61.5
78.2
72.2
64.6
49.8
83.1
127.0
157.0
144.0
43.5
149.0
214.0
134.0
86.5
37.4
94.3
81.3
121.0
82.4
203.0
34.3
14.2
23.5
73.6
98.5
85.3
151.0
91.4
173.0
53.8
127.0
165.0
205.0
157.0
69.9
90.8
154.0
58.8
78.6
118.0
230.0
48.4
50.6
100.0
63.6
143.0
159.0
85.1
193.0
188.0
42.4
190.0
30.9
67.3
88.9
14.7
129.0
29.1
24.2
86.3
40.9
50.8
159.0
83.9
67.2
64.3
53.5
213.0
75.9
187.0
69.5
194.0
75.9
150.0
33.8
166.0
32.2
56.5
136.0
57.9
116.0
79.7
65.5
54.1
40.2
81.9
40.1
73.6
93.8
30.5
57.9
113.0
98.2
29.9
7.8
39.6
17.7
54.0
31.2
95.2
73.9
63.6
175.0
61.4
26.9
53.7
12.0
40.5
27.2
213.0
101.0
151.0
201.0
149.0
226.0
51.5
169.0
8.3
6.3
223.0
91.7
93.8
194.0
131.0
95.1
96.3
13.8
18.0
217.0
72.7
54.4
84.1
56.5
151.0
37.9
40.2
148.0
48.9
49.8
11.8
140.0
86.7
128.0
151.0
173.0
67.5
104.0
72.3
65.0
133.0
58.1
81.6
190.0
119.0
112.0
205.0
188.0
32.1
73.0
76.3
72.0
194.0
29.9
28.8
52.9
50.3
67.4
39.7
204.0
82.2
44.0
97.1
200.0
89.3
124.0
153.0
76.0
67.9
102.0
183.0
102.0
47.5
199.0
57.9
77.1
27.2
215.0
169.0
9.0
69.5
42.5
142.0
75.3
27.7
130.0
148.0
25.3
85.6
149.0
74.5
131.0
60.7
194.0
49.6
26.3
33.6
80.1
23.1
170.0
62.0
50.0
82.1
58.2
104.0
55.3
139.0
169.0
73.6
82.8
178.0
69.4
193.0
33.5
38.8
50.9
95.7
13.9
25.3
116.0
84.5
95.0
135.0
187.0
20.0
17.9
75.6
7.5
173.0
140.0
73.2
57.2
44.9
98.4
96.7
131.0
198.0
149.0
34.0
140.0
65.1
159.0
90.5
18.9
96.5
8.8
34.7
165.0
44.3
115.0
164.0
253.0
48.7
112.0
43.8
199.0
39.8
43.5
59.6
176.0
24.0
129.0
