85.6
35.8
133.0
196.0
160.0
234.0
44.2
129.0
21.9
212.0
42.8
70.3
49.7
162.0
67.8
90.9
97.1
78.7
78.8
33.5
164.0
92.5
206.0
24.7
132.0
81.7
42.8
110.0
46.4
127.0
60.9
16.9
90.1
182.0
40.4
52.9
145.0
34.6
34.8
51.4
71.6
187.0
96.4
114.0
83.9
102.0
57.7
154.0
25.9
50.4
70.0
20.4
129.0
159.0
92.4
191.0
11.7
53.9
198.0
194.0
162.0
152.0
205.0
192.0
47.5
94.9
146.0
28.5
152.0
176.0
202.0
56.9
141.0
61.3
130.0
176.0
117.0
98.0
56.8
0.0
98.9
18.3
107.0
97.1
95.8
151.0
199.0
168.0
90.7
196.0
238.0
106.0
75.4
49.3
141.0
128.0
168.0
54.6
175.0
81.5
58.0
85.0
121.0
70.7
35.9
124.0
80.2
171.0
70.9
151.0
188.0
229.0
129.0
27.0
32.3
136.0
106.0
67.4
142.0
254.0
90.7
92.9
108.0
35.8
185.0
144.0
27.6
165.0
160.0
84.7
200.0
79.9
71.1
113.0
82.5
153.0
75.6
67.6
76.0
45.0
93.1
183.0
50.4
109.0
111.0
47.3
206.0
14.7
211.0
83.0
218.0
48.1
123.0
30.3
138.0
37.6
26.1
160.0
5.5
140.0
51.9
54.4
43.0
45.7
70.7
87.4
62.4
141.0
53.4
100.0
155.0
145.0
39.4
67.1
43.9
81.6
42.4
79.1
37.8
12.7
111.0
199.0
34.5
74.4
79.9
71.8
89.5
66.4
185.0
125.0
123.0
225.0
173.0
250.0
60.2
211.0
60.2
50.7
212.0
139.0
97.0
217.0
103.0
54.8
48.9
48.8
84.7
189.0
22.4
102.0
99.5
32.4
142.0
54.3
77.8
120.0
96.2
92.0
63.1
188.0
87.4
99.8
194.0
197.0
88.2
128.0
81.7
53.8
118.0
100.0
27.7
194.0
91.2
84.2
229.0
174.0
95.6
115.0
119.0
69.8
236.0
66.7
76.0
100.0
33.8
115.0
53.0
228.0
129.0
86.2
85.9
172.0
46.8
95.8
177.0
77.7
56.7
48.4
207.0
144.0
51.1
184.0
100.0
124.0
74.4
239.0
141.0
63.1
41.7
62.2
114.0
123.0
48.7
154.0
172.0
62.2
102.0
173.0
90.7
155.0
56.7
218.0
37.9
73.5
38.8
104.0
46.0
132.0
85.2
56.4
129.0
105.0
76.5
11.7
187.0
193.0
39.8
39.9
221.0
12.8
217.0
71.1
84.4
39.7
120.0
77.0
39.6
116.0
132.0
119.0
107.0
211.0
44.0
46.8
96.2
48.7
215.0
112.0
62.0
66.6
92.1
106.0
38.7
155.0
222.0
196.0
61.5
164.0
18.8
183.0
62.7
41.6
144.0
59.3
77.0
139.0
89.0
139.0
152.0
198.0
28.8
83.9
40.1
190.0
59.5
32.5
70.1
200.0
85.6
171.0
