123.0
82.4
120.0
161.0
84.9
159.0
141.0
83.8
112.0
210.0
96.7
88.7
85.2
138.0
62.9
80.7
69.3
21.8
113.0
77.4
175.0
54.1
131.0
96.4
67.9
42.1
96.7
109.0
54.5
142.0
130.0
101.0
38.6
106.0
63.4
97.0
144.0
71.9
125.0
51.4
111.0
199.0
104.0
28.1
118.0
28.6
91.2
151.0
99.9
92.0
105.0
91.6
123.0
157.0
12.4
203.0
91.5
103.0
169.0
119.0
123.0
76.6
203.0
189.0
55.0
134.0
144.0
90.4
127.0
132.0
162.0
126.0
114.0
95.8
125.0
188.0
89.6
17.5
81.2
101.0
0.0
97.5
146.0
112.0
26.4
62.6
210.0
92.4
89.1
194.0
162.0
92.2
145.0
103.0
114.0
91.1
166.0
73.1
173.0
79.0
64.7
75.6
110.0
89.1
126.0
143.0
150.0
121.0
39.9
75.8
113.0
153.0
131.0
83.9
129.0
103.0
114.0
137.0
50.1
179.0
130.0
132.0
50.8
73.9
196.0
108.0
125.0
162.0
158.0
124.0
139.0
113.0
43.4
26.1
73.2
78.0
37.9
58.2
54.6
57.5
133.0
108.0
142.0
149.0
109.0
66.2
162.0
116.0
135.0
26.6
142.0
66.6
92.0
92.0
144.0
90.4
76.9
84.5
97.2
65.1
72.6
113.0
112.0
106.0
140.0
78.0
122.0
131.0
59.1
140.0
167.0
122.0
74.7
80.6
105.0
72.3
112.0
34.8
135.0
114.0
108.0
124.0
120.0
39.8
24.3
76.2
33.6
109.0
182.0
39.1
129.0
150.0
97.3
175.0
117.0
222.0
72.7
85.2
172.0
113.0
40.9
142.0
83.6
152.0
146.0
83.3
82.7
167.0
112.0
63.8
33.0
115.0
100.0
48.0
30.0
106.0
82.5
132.0
97.7
185.0
40.5
84.8
205.0
122.0
10.5
52.8
34.9
123.0
81.2
140.0
90.8
139.0
65.9
103.0
154.0
136.0
67.2
131.0
120.0
57.6
247.0
112.0
111.0
92.1
109.0
79.1
105.0
153.0
127.0
126.0
155.0
170.0
148.0
114.0
102.0
42.2
126.0
145.0
132.0
153.0
113.0
148.0
140.0
72.4
86.5
163.0
138.0
75.6
72.4
40.4
90.4
94.4
93.2
78.4
96.4
58.1
11.0
97.6
25.2
79.7
52.8
143.0
108.0
92.9
69.8
16.6
70.4
119.0
21.7
115.0
85.6
95.0
95.0
101.0
184.0
118.0
132.0
81.8
232.0
109.0
141.0
36.8
29.3
109.0
34.0
90.1
83.6
43.6
129.0
33.3
97.2
136.0
85.5
74.4
4.2
75.8
226.0
91.5
131.0
43.4
107.0
32.8
136.0
80.0
147.0
194.0
46.9
88.9
84.6
107.0
67.2
84.2
109.0
93.9
116.0
113.0
126.0
63.6
113.0
202.0
107.0
102.0
102.0
148.0
105.0
102.0
30.4
124.0
85.5
183.0
