98.5
32.8
143.0
184.0
157.0
231.0
67.3
117.0
37.9
222.0
52.7
42.4
30.3
150.0
77.7
78.4
107.0
75.7
88.7
17.7
179.0
80.0
203.0
34.7
119.0
78.7
52.7
120.0
43.4
114.0
71.1
26.9
87.1
179.0
37.3
63.6
157.0
31.6
50.8
48.4
86.4
202.0
106.0
111.0
93.9
98.5
66.6
141.0
35.8
57.9
80.0
24.8
136.0
147.0
89.4
206.0
17.1
64.6
185.0
191.0
150.0
149.0
215.0
179.0
44.5
110.0
134.0
38.4
140.0
163.0
190.0
67.1
151.0
71.2
118.0
191.0
127.0
94.9
66.7
19.6
95.9
0.0
122.0
107.0
92.8
148.0
214.0
165.0
101.0
206.0
235.0
94.0
85.5
60.0
151.0
138.0
178.0
31.8
163.0
91.4
67.9
81.9
131.0
58.2
52.0
111.0
90.4
159.0
67.9
128.0
185.0
225.0
117.0
11.4
55.4
123.0
116.0
77.6
139.0
251.0
106.0
108.0
95.3
24.7
200.0
131.0
50.8
152.0
148.0
99.5
187.0
88.1
58.6
110.0
79.5
150.0
72.6
64.6
63.5
42.0
108.0
180.0
82.9
124.0
121.0
44.3
194.0
41.6
208.0
80.0
215.0
35.6
110.0
40.3
126.0
47.5
23.1
157.0
23.2
137.0
24.8
64.5
53.1
56.4
80.9
97.3
72.6
151.0
50.4
115.0
170.0
155.0
36.3
77.0
54.6
78.6
53.0
76.1
60.9
40.3
121.0
196.0
50.6
71.4
76.9
81.7
86.5
77.1
172.0
122.0
111.0
222.0
170.0
247.0
70.4
226.0
70.1
60.6
199.0
149.0
84.5
214.0
90.9
78.0
72.0
58.7
94.7
177.0
38.4
112.0
84.4
48.7
129.0
51.3
74.8
107.0
106.0
107.0
73.1
197.0
74.9
87.3
209.0
194.0
85.1
125.0
66.2
64.0
106.0
115.0
9.4
182.0
78.7
71.7
226.0
162.0
92.6
130.0
133.0
57.3
251.0
77.4
85.9
110.0
49.3
125.0
63.7
225.0
139.0
101.0
96.1
160.0
62.8
68.5
174.0
65.2
66.9
71.5
204.0
159.0
61.2
171.0
115.0
134.0
84.3
236.0
128.0
73.0
23.5
59.1
102.0
132.0
59.4
151.0
169.0
59.2
98.9
170.0
87.7
152.0
44.2
215.0
48.6
83.4
35.8
101.0
43.0
119.0
82.2
66.5
139.0
115.0
64.0
27.6
197.0
190.0
55.8
20.4
236.0
5.5
214.0
68.1
81.3
49.9
117.0
86.9
49.6
104.0
142.0
116.0
94.6
208.0
53.9
56.7
93.2
58.7
230.0
99.8
72.2
53.6
102.0
103.0
61.8
152.0
219.0
206.0
58.5
161.0
13.0
180.0
50.2
51.5
154.0
69.3
91.9
126.0
101.0
136.0
140.0
185.0
45.1
54.4
45.4
178.0
70.2
42.5
67.1
197.0
95.5
186.0
