29.6
96.6
58.8
277.0
201.0
276.0
128.0
200.0
92.4
112.0
67.5
148.0
144.0
255.0
94.9
168.0
68.9
126.0
55.4
115.0
65.1
170.0
247.0
88.0
184.0
87.5
69.2
52.7
117.0
204.0
98.6
98.0
93.8
223.0
120.0
55.6
46.3
102.0
94.8
122.0
36.4
88.7
30.6
155.0
38.5
159.0
56.8
231.0
80.8
62.2
53.9
95.7
30.1
237.0
136.0
92.9
108.0
61.3
286.0
236.0
239.0
193.0
105.0
269.0
124.0
27.9
224.0
89.2
244.0
248.0
278.0
94.6
73.7
54.9
208.0
77.7
60.2
122.0
64.7
107.0
143.0
122.0
0.0
28.1
148.0
193.0
101.0
209.0
60.6
96.0
279.0
184.0
113.0
61.5
63.1
71.2
68.2
132.0
253.0
68.7
85.1
81.7
58.9
148.0
103.0
201.0
118.0
238.0
119.0
192.0
230.0
270.0
207.0
120.0
109.0
219.0
20.2
105.0
183.0
295.0
20.2
22.1
165.0
113.0
86.6
225.0
111.0
242.0
238.0
33.3
255.0
40.8
140.0
154.0
79.8
195.0
96.1
107.0
154.0
114.0
44.9
224.0
102.0
8.1
43.2
127.0
278.0
102.0
252.0
135.0
259.0
126.0
200.0
83.5
216.0
82.0
106.0
201.0
108.0
182.0
130.0
71.8
80.7
64.3
108.0
67.0
80.4
50.7
100.0
8.4
56.8
55.1
97.3
68.2
63.6
80.1
70.1
95.2
121.0
100.0
33.7
240.0
87.9
94.9
119.0
72.9
97.5
47.6
262.0
166.0
201.0
266.0
214.0
291.0
75.5
113.0
72.1
61.8
288.0
65.4
159.0
259.0
181.0
113.0
114.0
68.9
71.9
267.0
98.9
82.8
149.0
83.0
217.0
108.0
115.0
198.0
59.9
20.6
56.8
87.3
152.0
177.0
95.1
238.0
133.0
169.0
137.0
91.5
196.0
15.4
131.0
255.0
169.0
162.0
270.0
253.0
76.0
16.7
17.7
147.0
137.0
40.2
43.4
49.6
76.9
62.2
63.7
269.0
49.9
27.6
124.0
250.0
107.0
173.0
218.0
149.0
94.4
120.0
248.0
45.3
71.6
265.0
22.6
90.1
61.5
280.0
218.0
73.7
119.0
112.0
192.0
65.3
60.3
195.0
213.0
95.0
151.0
214.0
140.0
196.0
134.0
259.0
71.0
54.7
96.6
145.0
86.1
236.0
127.0
74.0
72.0
47.7
154.0
92.5
86.4
235.0
91.6
133.0
122.0
119.0
258.0
108.0
103.0
77.4
161.0
64.1
75.1
182.0
40.0
160.0
185.0
252.0
66.0
80.9
141.0
71.4
116.0
190.0
99.7
130.0
34.1
164.0
122.0
197.0
263.0
96.2
104.0
205.0
115.0
224.0
140.0
75.7
86.4
60.4
34.6
230.0
27.3
180.0
229.0
318.0
80.8
161.0
68.4
264.0
63.8
73.3
125.0
241.0
72.7
72.7
