19.2
76.9
48.3
237.0
162.0
236.0
120.0
161.0
84.2
133.0
68.5
118.0
114.0
215.0
57.4
138.0
18.3
86.3
17.4
99.7
98.8
124.0
207.0
68.2
145.0
36.9
68.5
28.8
74.3
174.0
90.4
78.3
43.2
183.0
77.1
47.4
67.9
85.6
86.6
79.3
32.9
122.0
14.9
115.0
12.3
119.0
55.1
228.0
71.7
54.0
17.2
76.0
46.9
233.0
96.1
127.0
88.5
53.0
246.0
196.0
200.0
153.0
127.0
266.0
82.0
56.3
221.0
69.5
204.0
209.0
239.0
86.4
59.6
35.1
202.0
111.0
26.9
71.3
44.9
91.5
104.0
102.0
64.2
15.6
109.0
153.0
134.0
169.0
0.0
117.0
239.0
154.0
105.0
53.2
60.3
47.3
89.7
102.0
250.0
13.2
58.3
31.2
39.6
118.0
95.0
171.0
110.0
198.0
66.0
153.0
190.0
230.0
176.0
104.0
100.0
180.0
24.5
96.9
144.0
255.0
30.7
25.0
130.0
87.6
120.0
185.0
103.0
239.0
235.0
46.1
216.0
21.4
97.9
114.0
49.4
155.0
45.5
50.9
117.0
71.4
54.4
185.0
93.6
56.5
32.8
84.1
239.0
93.9
212.0
94.9
219.0
94.2
170.0
63.8
186.0
62.2
90.6
161.0
87.9
142.0
100.0
63.6
72.4
56.1
100.0
7.8
72.2
62.2
67.2
61.5
90.5
66.6
88.4
27.0
55.4
37.7
61.9
44.6
113.0
91.9
32.1
200.0
79.7
44.4
79.1
29.2
46.9
30.8
259.0
126.0
171.0
227.0
174.0
252.0
67.3
146.0
40.1
42.1
249.0
57.7
121.0
219.0
151.0
105.0
106.0
49.1
22.3
244.0
90.7
32.2
110.0
74.8
177.0
68.9
64.0
167.0
9.3
53.4
23.5
109.0
116.0
147.0
129.0
199.0
93.0
130.0
103.0
83.3
158.0
30.6
111.0
216.0
139.0
132.0
231.0
213.0
25.5
55.0
44.1
103.0
171.0
33.5
21.9
15.9
68.7
25.4
55.5
229.0
50.7
23.4
115.0
247.0
99.0
143.0
179.0
107.0
86.2
111.0
209.0
76.9
63.4
225.0
61.5
35.3
12.9
240.0
215.0
35.2
104.0
73.6
162.0
41.3
52.1
155.0
173.0
63.8
111.0
174.0
100.0
157.0
91.3
220.0
62.8
14.2
83.5
106.0
66.4
196.0
77.6
65.8
48.1
16.5
124.0
84.3
108.0
195.0
83.4
116.0
156.0
99.4
218.0
57.3
52.3
69.2
121.0
19.4
55.3
142.0
53.0
120.0
155.0
212.0
57.7
61.1
101.0
51.7
150.0
160.0
91.5
87.8
10.6
124.0
114.0
157.0
224.0
118.0
65.0
166.0
98.3
184.0
110.0
56.0
62.5
27.9
38.4
190.0
21.5
140.0
190.0
279.0
72.6
131.0
60.2
224.0
55.6
65.0
85.1
201.0
24.1
106.0
