137.0
79.1
155.0
118.0
79.1
153.0
138.0
51.8
109.0
240.0
111.0
55.7
63.8
90.6
76.9
52.6
114.0
29.4
127.0
65.1
205.0
25.7
125.0
110.0
37.2
86.4
111.0
139.0
51.3
84.6
144.0
98.1
78.0
101.0
60.2
111.0
174.0
68.6
149.0
48.2
125.0
229.0
134.0
19.9
132.0
5.7
105.0
145.0
114.0
106.0
119.0
88.4
153.0
151.0
16.0
233.0
88.2
117.0
120.0
113.0
80.6
70.8
233.0
128.0
44.1
148.0
138.0
87.2
80.8
89.5
117.0
140.0
152.0
110.0
78.6
218.0
130.0
44.7
95.3
97.6
28.7
94.2
160.0
143.0
0.0
50.3
241.0
86.6
119.0
224.0
157.0
64.2
159.0
117.0
152.0
129.0
196.0
52.9
167.0
110.0
78.8
89.7
150.0
45.9
123.0
81.3
164.0
78.9
54.0
47.6
107.0
147.0
86.7
71.5
126.0
55.3
145.0
151.0
41.9
173.0
144.0
146.0
24.1
65.4
227.0
102.0
121.0
157.0
152.0
138.0
133.0
127.0
25.5
23.8
87.2
72.2
71.0
72.3
33.2
54.3
147.0
102.0
156.0
163.0
139.0
53.8
156.0
112.0
130.0
12.8
137.0
54.3
60.0
106.0
96.2
104.0
73.7
78.7
93.9
59.3
60.3
127.0
126.0
120.0
154.0
109.0
136.0
169.0
55.8
154.0
197.0
159.0
71.5
94.6
119.0
86.3
126.0
74.8
132.0
111.0
139.0
118.0
134.0
79.1
47.6
90.2
73.0
123.0
177.0
30.9
71.1
144.0
91.5
169.0
131.0
253.0
86.7
99.2
166.0
151.0
14.5
136.0
55.5
167.0
143.0
97.3
96.7
125.0
109.0
101.0
6.6
129.0
60.4
44.8
58.8
77.7
113.0
146.0
112.0
215.0
18.4
56.7
235.0
116.0
26.5
33.5
17.6
137.0
49.2
154.0
78.5
133.0
37.9
45.7
148.0
93.8
100.0
162.0
151.0
32.8
277.0
126.0
125.0
122.0
123.0
117.0
119.0
147.0
157.0
140.0
169.0
164.0
162.0
61.9
96.1
23.0
140.0
142.0
126.0
183.0
127.0
106.0
154.0
110.0
117.0
158.0
133.0
89.6
60.0
37.2
58.4
132.0
107.0
52.7
90.6
72.1
21.9
91.8
5.1
73.9
39.3
137.0
122.0
122.0
66.5
18.1
67.1
66.8
37.2
129.0
123.0
125.0
41.7
98.2
214.0
112.0
146.0
69.5
262.0
105.0
136.0
63.4
67.2
123.0
26.9
114.0
97.6
20.7
160.0
15.3
69.1
130.0
99.5
88.5
32.5
89.9
257.0
63.5
145.0
33.5
138.0
9.9
133.0
74.2
141.0
224.0
60.9
83.1
81.3
102.0
46.7
98.2
146.0
108.0
131.0
108.0
140.0
41.3
70.5
196.0
121.0
58.6
116.0
105.0
119.0
116.0
22.9
119.0
99.6
213.0
