8.4
82.0
37.1
259.0
183.0
257.0
125.0
182.0
89.3
123.0
73.6
133.0
130.0
236.0
80.3
154.0
39.6
107.0
15.6
101.0
78.7
145.0
229.0
73.3
166.0
58.1
73.6
30.1
95.5
190.0
95.5
83.4
64.5
204.0
98.3
52.5
57.5
87.8
91.7
101.0
22.9
102.0
5.1
137.0
8.7
141.0
60.2
216.0
76.8
59.1
30.3
81.1
26.1
222.0
117.0
106.0
93.6
58.2
267.0
217.0
221.0
175.0
116.0
254.0
103.0
32.8
209.0
74.6
225.0
230.0
260.0
91.5
60.9
40.3
223.0
91.3
37.5
92.5
50.0
96.6
125.0
107.0
27.8
0.0
130.0
174.0
114.0
190.0
15.6
107.0
260.0
169.0
110.0
58.4
61.6
48.6
79.3
118.0
238.0
42.4
70.5
52.4
40.9
134.0
100.0
186.0
115.0
219.0
87.2
174.0
211.0
251.0
192.0
105.0
106.0
201.0
10.2
102.0
165.0
277.0
15.7
10.0
151.0
98.8
100.0
206.0
108.0
228.0
223.0
26.4
237.0
15.0
119.0
136.0
70.6
176.0
66.7
72.1
138.0
92.6
38.0
206.0
98.7
22.4
21.6
105.0
260.0
99.0
233.0
116.0
240.0
111.0
186.0
68.9
201.0
67.3
91.7
183.0
93.0
163.0
115.0
68.7
77.6
61.2
105.0
23.3
77.3
51.8
88.4
26.1
70.4
56.2
82.7
53.6
60.5
58.9
67.0
65.8
118.0
97.1
18.8
222.0
84.8
65.6
100.0
59.1
68.1
36.0
248.0
148.0
186.0
248.0
195.0
273.0
72.4
126.0
57.5
47.2
270.0
59.0
142.0
240.0
166.0
110.0
111.0
54.2
52.1
252.0
95.8
53.4
131.0
79.9
198.0
90.1
85.2
183.0
30.5
23.7
42.2
98.3
137.0
163.0
109.0
220.0
114.0
151.0
124.0
88.4
179.0
15.6
117.0
237.0
154.0
147.0
252.0
234.0
46.7
30.3
16.3
124.0
151.0
38.7
18.0
17.0
73.8
40.0
60.6
251.0
40.3
12.6
121.0
235.0
104.0
159.0
200.0
128.0
91.3
116.0
230.0
58.9
68.5
246.0
31.3
67.5
30.6
261.0
204.0
59.0
105.0
94.8
177.0
42.6
57.2
176.0
194.0
85.0
132.0
196.0
121.0
178.0
112.0
241.0
67.9
23.8
82.0
127.0
71.5
217.0
98.8
70.9
49.4
25.5
139.0
89.4
97.5
216.0
88.5
118.0
136.0
105.0
239.0
78.5
73.5
74.3
142.0
49.5
60.5
163.0
42.6
142.0
170.0
234.0
62.9
66.2
122.0
56.8
130.0
175.0
96.6
109.0
5.0
145.0
119.0
178.0
245.0
107.0
86.3
187.0
100.0
205.0
126.0
61.1
63.8
45.8
21.7
211.0
6.1
162.0
211.0
300.0
77.7
147.0
65.3
246.0
60.7
70.2
106.0
223.0
45.3
86.3
