168.0
131.0
185.0
102.0
12.7
103.0
190.0
51.2
160.0
270.0
141.0
104.0
134.0
79.8
108.0
72.9
145.0
70.7
158.0
126.0
236.0
60.7
74.7
141.0
29.9
117.0
141.0
170.0
103.0
83.9
175.0
151.0
109.0
50.6
112.0
142.0
205.0
120.0
180.0
99.9
156.0
259.0
165.0
31.3
163.0
46.7
136.0
92.9
145.0
137.0
149.0
140.0
184.0
98.4
62.3
264.0
140.0
147.0
104.0
63.3
64.7
17.8
264.0
131.0
104.0
179.0
85.5
142.0
68.9
73.5
101.0
171.0
182.0
141.0
66.6
248.0
161.0
94.4
126.0
149.0
62.3
146.0
191.0
173.0
51.2
0.0
271.0
34.2
150.0
255.0
107.0
96.4
189.0
147.0
183.0
159.0
227.0
122.0
115.0
140.0
109.0
120.0
181.0
92.2
174.0
84.9
194.0
62.9
84.6
24.9
46.4
97.5
72.8
132.0
178.0
44.5
175.0
181.0
9.3
123.0
175.0
177.0
48.2
122.0
257.0
49.8
173.0
104.0
99.8
169.0
80.1
157.0
91.8
40.0
118.0
23.7
102.0
103.0
72.1
106.0
177.0
52.0
187.0
194.0
170.0
115.0
106.0
164.0
79.7
79.3
86.6
115.0
62.2
137.0
85.6
135.0
125.0
6.7
146.0
12.5
121.0
158.0
157.0
150.0
185.0
140.0
167.0
199.0
106.0
184.0
228.0
190.0
123.0
125.0
150.0
117.0
157.0
105.0
183.0
163.0
169.0
64.9
164.0
110.0
78.3
121.0
104.0
154.0
124.0
20.6
70.3
94.0
38.7
119.0
162.0
283.0
117.0
130.0
116.0
181.0
51.5
75.4
58.2
198.0
194.0
128.0
127.0
109.0
161.0
132.0
48.7
159.0
41.7
96.5
89.4
91.5
143.0
176.0
142.0
246.0
60.5
69.3
266.0
66.1
77.4
22.6
81.8
168.0
43.2
185.0
139.0
80.3
64.7
74.7
97.9
77.9
131.0
192.0
181.0
106.0
308.0
156.0
155.0
153.0
153.0
147.0
150.0
96.7
188.0
170.0
200.0
112.0
192.0
83.3
46.1
70.2
171.0
194.0
65.2
214.0
158.0
89.8
184.0
141.0
148.0
108.0
80.2
120.0
121.0
88.9
52.4
163.0
138.0
30.4
35.8
103.0
54.8
27.0
69.3
10.8
101.0
87.1
153.0
153.0
118.0
42.9
117.0
60.8
83.6
160.0
154.0
156.0
85.9
150.0
245.0
51.3
177.0
130.0
293.0
157.0
85.5
94.1
97.8
154.0
30.8
145.0
128.0
36.2
190.0
36.7
103.0
79.7
130.0
119.0
65.3
121.0
287.0
65.9
176.0
91.9
168.0
41.9
184.0
14.1
91.1
255.0
91.5
33.1
133.0
46.3
85.5
129.0
177.0
139.0
161.0
55.2
171.0
10.5
54.6
146.0
152.0
97.5
147.0
89.3
150.0
146.0
78.9
65.9
130.0
244.0
