187.0
150.0
205.0
65.3
29.8
96.9
209.0
21.0
179.0
290.0
161.0
92.6
105.0
37.6
127.0
61.4
164.0
89.8
177.0
145.0
255.0
81.6
48.2
160.0
30.0
136.0
161.0
189.0
122.0
53.6
194.0
170.0
128.0
37.2
131.0
161.0
224.0
140.0
199.0
119.0
175.0
279.0
184.0
57.3
182.0
67.4
155.0
43.6
164.0
156.0
168.0
159.0
203.0
68.1
81.4
283.0
159.0
166.0
66.8
34.7
24.5
16.7
283.0
75.3
123.0
198.0
55.3
162.0
38.6
36.4
63.9
190.0
201.0
160.0
36.4
268.0
180.0
114.0
145.0
168.0
94.1
165.0
210.0
192.0
86.1
33.9
291.0
0.0
169.0
274.0
100.0
66.2
209.0
167.0
202.0
178.0
246.0
100.0
84.4
160.0
129.0
139.0
200.0
80.7
194.0
54.7
213.0
25.8
104.0
19.6
44.0
91.2
42.5
151.0
197.0
14.3
195.0
201.0
42.8
116.0
194.0
196.0
69.1
142.0
277.0
19.6
192.0
55.0
69.6
188.0
57.2
177.0
111.0
66.0
137.0
10.1
121.0
122.0
85.0
125.0
196.0
23.4
206.0
213.0
189.0
134.0
73.6
183.0
73.4
98.5
80.3
134.0
32.0
156.0
55.4
154.0
145.0
29.5
165.0
33.2
140.0
177.0
176.0
170.0
204.0
159.0
186.0
219.0
125.0
203.0
247.0
209.0
142.0
144.0
169.0
136.0
176.0
125.0
202.0
182.0
188.0
39.5
183.0
129.0
97.4
140.0
123.0
173.0
93.9
51.6
40.1
64.2
16.2
113.0
181.0
303.0
136.0
149.0
85.8
201.0
72.4
73.0
46.7
217.0
214.0
147.0
146.0
71.9
180.0
151.0
69.6
179.0
8.5
116.0
109.0
61.3
163.0
195.0
161.0
265.0
81.4
74.3
285.0
52.7
96.6
44.9
101.0
187.0
31.7
204.0
158.0
50.0
64.5
69.2
71.5
40.8
150.0
211.0
200.0
125.0
327.0
175.0
174.0
172.0
172.0
166.0
169.0
90.4
207.0
190.0
219.0
81.5
211.0
71.8
24.4
106.0
190.0
213.0
62.8
233.0
177.0
52.7
203.0
160.0
167.0
101.0
50.0
139.0
140.0
108.0
37.5
182.0
157.0
16.2
7.1
122.0
76.9
28.4
88.5
23.9
120.0
80.8
172.0
172.0
137.0
71.5
136.0
30.6
103.0
179.0
173.0
175.0
74.4
169.0
264.0
48.9
196.0
149.0
312.0
176.0
79.2
113.0
117.0
173.0
60.4
164.0
147.0
57.1
209.0
57.6
73.2
53.2
149.0
138.0
105.0
140.0
306.0
53.9
195.0
111.0
187.0
62.8
203.0
21.3
84.8
274.0
111.0
19.7
152.0
12.6
88.0
148.0
196.0
158.0
180.0
24.9
190.0
41.3
17.4
82.3
171.0
86.0
166.0
52.2
169.0
166.0
98.0
35.7
149.0
263.0
