122.0
190.0
107.0
360.0
284.0
358.0
221.0
283.0
185.0
135.0
160.0
241.0
237.0
337.0
180.0
261.0
141.0
208.0
138.0
208.0
39.0
246.0
330.0
181.0
267.0
159.0
162.0
131.0
196.0
297.0
192.0
191.0
165.0
305.0
199.0
149.0
69.5
195.0
188.0
202.0
129.0
14.5
119.0
238.0
134.0
242.0
150.0
324.0
174.0
155.0
147.0
189.0
97.0
330.0
218.0
19.5
201.0
154.0
368.0
318.0
322.0
276.0
128.0
362.0
204.0
124.0
317.0
182.0
326.0
331.0
361.0
188.0
118.0
148.0
324.0
25.2
138.0
193.0
158.0
200.0
226.0
215.0
99.9
115.0
231.0
275.0
0.0
291.0
132.0
119.0
361.0
277.0
206.0
154.0
111.0
130.0
72.7
225.0
346.0
143.0
178.0
153.0
115.0
241.0
196.0
294.0
211.0
320.0
188.0
275.0
312.0
352.0
300.0
213.0
202.0
302.0
104.0
198.0
266.0
378.0
113.0
110.0
252.0
210.0
23.5
307.0
204.0
335.0
331.0
126.0
338.0
134.0
220.0
237.0
172.0
277.0
168.0
173.0
239.0
194.0
138.0
307.0
195.0
92.2
110.0
206.0
361.0
195.0
335.0
217.0
341.0
219.0
293.0
176.0
309.0
175.0
199.0
284.0
201.0
264.0
222.0
165.0
174.0
157.0
201.0
139.0
173.0
98.3
189.0
103.0
57.9
103.0
190.0
161.0
157.0
160.0
163.0
167.0
214.0
193.0
109.0
323.0
181.0
167.0
201.0
160.0
169.0
141.0
355.0
249.0
294.0
349.0
296.0
374.0
168.0
84.4
165.0
155.0
371.0
113.0
243.0
341.0
274.0
206.0
207.0
162.0
153.0
366.0
192.0
154.0
232.0
176.0
299.0
191.0
186.0
291.0
132.0
114.0
150.0
110.0
238.0
270.0
5.4
321.0
215.0
252.0
225.0
184.0
280.0
105.0
224.0
338.0
262.0
255.0
353.0
335.0
148.0
87.3
102.0
225.0
36.6
133.0
136.0
121.0
170.0
134.0
157.0
352.0
101.0
121.0
217.0
343.0
200.0
266.0
301.0
229.0
187.0
212.0
331.0
57.4
165.0
347.0
119.0
150.0
151.0
362.0
311.0
167.0
212.0
196.0
285.0
140.0
153.0
277.0
295.0
186.0
233.0
297.0
222.0
279.0
214.0
342.0
164.0
140.0
206.0
228.0
179.0
318.0
200.0
167.0
138.0
120.0
247.0
185.0
110.0
317.0
185.0
225.0
21.4
212.0
340.0
180.0
175.0
170.0
243.0
157.0
168.0
264.0
80.2
243.0
278.0
335.0
159.0
174.0
223.0
164.0
15.7
283.0
193.0
210.0
127.0
246.0
215.0
279.0
346.0
119.0
187.0
288.0
208.0
306.0
233.0
169.0
137.0
153.0
128.0
312.0
115.0
263.0
312.0
401.0
174.0
254.0
161.0
347.0
157.0
166.0
207.0
324.0
146.0
32.4
