115.0
181.0
90.3
343.0
267.0
341.0
216.0
266.0
181.0
28.9
156.0
223.0
219.0
320.0
163.0
243.0
123.0
191.0
121.0
205.0
63.5
229.0
312.0
172.0
250.0
142.0
172.0
114.0
179.0
279.0
187.0
182.0
148.0
288.0
182.0
144.0
51.0
191.0
183.0
184.0
125.0
106.0
101.0
220.0
117.0
225.0
159.0
333.0
175.0
151.0
129.0
180.0
81.8
339.0
201.0
110.0
192.0
150.0
351.0
301.0
305.0
259.0
22.2
371.0
187.0
120.0
326.0
173.0
309.0
314.0
344.0
183.0
101.0
139.0
307.0
94.6
121.0
176.0
149.0
195.0
209.0
206.0
95.4
107.0
214.0
258.0
117.0
274.0
115.0
0.0
344.0
259.0
202.0
150.0
93.5
113.0
30.1
207.0
355.0
126.0
169.0
136.0
97.8
223.0
192.0
276.0
206.0
303.0
171.0
258.0
295.0
335.0
282.0
209.0
197.0
285.0
97.7
194.0
249.0
360.0
109.0
105.0
235.0
193.0
103.0
290.0
200.0
344.0
340.0
122.0
321.0
125.0
203.0
219.0
155.0
260.0
151.0
156.0
222.0
177.0
133.0
290.0
190.0
87.7
92.5
189.0
344.0
191.0
317.0
200.0
324.0
199.0
275.0
168.0
291.0
166.0
196.0
266.0
192.0
247.0
205.0
160.0
169.0
153.0
197.0
122.0
169.0
81.2
172.0
98.7
47.4
85.6
181.0
144.0
152.0
143.0
159.0
150.0
210.0
189.0
88.8
305.0
176.0
149.0
184.0
143.0
152.0
135.0
364.0
231.0
276.0
332.0
279.0
357.0
164.0
55.9
156.0
146.0
354.0
95.8
226.0
324.0
256.0
202.0
203.0
153.0
136.0
349.0
187.0
137.0
215.0
171.0
282.0
174.0
169.0
273.0
114.0
109.0
144.0
10.1
221.0
252.0
112.0
304.0
198.0
235.0
208.0
180.0
263.0
100.0
216.0
321.0
244.0
237.0
336.0
318.0
131.0
82.8
91.2
208.0
154.0
129.0
126.0
104.0
165.0
117.0
152.0
334.0
84.3
116.0
212.0
352.0
196.0
248.0
284.0
212.0
183.0
208.0
314.0
60.7
160.0
330.0
114.0
133.0
134.0
345.0
320.0
153.0
209.0
179.0
267.0
123.0
149.0
260.0
278.0
169.0
216.0
280.0
205.0
262.0
196.0
325.0
159.0
123.0
189.0
211.0
170.0
301.0
183.0
162.0
120.0
103.0
229.0
181.0
13.2
300.0
180.0
221.0
139.0
203.0
323.0
162.0
157.0
166.0
226.0
137.0
159.0
247.0
67.8
226.0
260.0
317.0
154.0
165.0
206.0
155.0
133.0
265.0
188.0
193.0
109.0
229.0
211.0
262.0
329.0
14.0
170.0
271.0
203.0
289.0
215.0
160.0
120.0
144.0
123.0
295.0
113.0
245.0
295.0
384.0
169.0
236.0
157.0
329.0
152.0
162.0
190.0
306.0
129.0
89.6
