256.0
219.0
274.0
66.0
103.0
8.9
278.0
117.0
249.0
359.0
230.0
192.0
222.0
93.2
196.0
161.0
233.0
159.0
246.0
214.0
324.0
151.0
44.0
229.0
118.0
205.0
230.0
258.0
191.0
150.0
263.0
239.0
197.0
50.2
200.0
230.0
293.0
209.0
268.0
188.0
244.0
348.0
253.0
126.0
251.0
137.0
224.0
99.3
233.0
225.0
237.0
228.0
272.0
93.6
151.0
352.0
228.0
236.0
57.7
54.4
88.5
95.4
352.0
86.9
192.0
267.0
152.0
231.0
135.0
78.0
50.7
259.0
270.0
229.0
133.0
337.0
249.0
183.0
214.0
238.0
163.0
234.0
279.0
261.0
155.0
107.0
360.0
93.7
238.0
343.0
0.0
162.0
278.0
236.0
271.0
247.0
315.0
210.0
97.3
229.0
198.0
209.0
269.0
180.0
263.0
151.0
283.0
88.5
173.0
104.0
56.9
9.2
139.0
221.0
266.0
111.0
264.0
270.0
116.0
51.8
263.0
265.0
138.0
211.0
346.0
116.0
261.0
87.8
106.0
257.0
53.6
246.0
180.0
135.0
206.0
92.6
190.0
191.0
162.0
194.0
265.0
64.9
275.0
282.0
258.0
203.0
54.7
252.0
26.8
168.0
30.2
203.0
128.0
225.0
152.0
223.0
214.0
103.0
234.0
102.0
209.0
246.0
245.0
239.0
273.0
228.0
255.0
288.0
194.0
273.0
316.0
278.0
211.0
213.0
238.0
205.0
245.0
194.0
272.0
251.0
257.0
51.9
253.0
198.0
166.0
209.0
192.0
242.0
98.7
121.0
136.0
23.1
65.1
15.9
250.0
372.0
206.0
218.0
63.7
270.0
141.0
27.9
146.0
286.0
283.0
216.0
216.0
83.5
249.0
220.0
139.0
248.0
108.0
185.0
178.0
158.0
232.0
264.0
231.0
334.0
151.0
171.0
354.0
34.6
166.0
114.0
170.0
256.0
131.0
273.0
227.0
60.8
155.0
165.0
41.7
81.0
219.0
280.0
269.0
194.0
396.0
245.0
243.0
241.0
241.0
235.0
238.0
30.0
276.0
259.0
288.0
101.0
280.0
171.0
57.0
175.0
259.0
282.0
33.1
302.0
246.0
69.0
273.0
229.0
236.0
11.7
146.0
208.0
209.0
177.0
134.0
251.0
226.0
100.0
86.7
191.0
146.0
71.3
158.0
97.3
190.0
21.6
241.0
241.0
206.0
141.0
205.0
127.0
172.0
248.0
242.0
244.0
174.0
238.0
333.0
47.0
265.0
219.0
381.0
245.0
31.6
182.0
186.0
242.0
130.0
233.0
216.0
126.0
278.0
127.0
170.0
49.0
218.0
207.0
174.0
209.0
375.0
150.0
264.0
180.0
256.0
132.0
272.0
91.7
23.4
343.0
180.0
79.2
221.0
79.7
204.0
217.0
265.0
227.0
249.0
121.0
259.0
110.0
96.9
75.1
240.0
185.0
235.0
62.1
238.0
235.0
167.0
75.2
218.0
332.0
