161.0
88.9
189.0
89.8
92.3
159.0
148.0
34.9
119.0
274.0
115.0
49.6
61.7
56.0
108.0
19.2
149.0
104.0
151.0
76.2
241.0
37.5
107.0
104.0
46.1
121.0
115.0
174.0
85.7
20.5
152.0
108.0
136.0
107.0
77.1
136.0
209.0
88.0
132.0
81.5
149.0
265.0
169.0
71.6
156.0
63.1
129.0
47.2
117.0
120.0
143.0
98.6
188.0
52.7
79.1
269.0
98.4
142.0
91.6
93.2
56.0
84.4
268.0
85.1
78.0
172.0
39.8
96.9
46.0
69.3
95.9
149.0
204.0
134.0
24.0
254.0
165.0
123.0
129.0
108.0
91.8
94.2
184.0
170.0
63.1
96.4
277.0
66.8
154.0
259.0
163.0
0.0
167.0
125.0
210.0
186.0
231.0
57.3
68.9
144.0
111.0
124.0
184.0
37.7
133.0
17.2
172.0
64.7
112.0
54.8
114.0
154.0
22.6
82.6
136.0
40.8
179.0
159.0
74.8
114.0
168.0
170.0
40.5
76.5
263.0
37.4
132.0
58.5
54.1
162.0
93.3
151.0
61.2
80.5
122.0
73.1
115.0
107.0
42.0
84.0
171.0
81.9
147.0
187.0
174.0
72.0
100.0
123.0
136.0
68.1
143.0
59.7
26.2
107.0
32.1
103.0
81.8
91.9
104.0
65.0
67.2
146.0
135.0
138.0
162.0
143.0
154.0
203.0
92.7
178.0
233.0
208.0
92.4
129.0
119.0
121.0
134.0
118.0
142.0
121.0
173.0
98.0
131.0
114.0
105.0
125.0
131.0
147.0
78.4
69.3
16.7
150.0
88.8
175.0
152.0
289.0
122.0
123.0
106.0
208.0
50.6
143.0
17.9
159.0
153.0
121.0
131.0
82.8
119.0
140.0
56.4
130.0
56.0
107.0
116.0
13.6
147.0
170.0
136.0
250.0
48.0
8.2
271.0
122.0
114.0
62.7
59.6
145.0
32.9
178.0
89.6
87.9
25.8
26.2
103.0
67.8
135.0
193.0
185.0
57.8
313.0
150.0
149.0
157.0
131.0
164.0
144.0
153.0
192.0
164.0
178.0
66.0
144.0
32.8
102.0
56.0
148.0
152.0
132.0
218.0
143.0
77.2
178.0
168.0
147.0
164.0
34.5
125.0
71.1
99.2
28.6
190.0
120.0
52.2
73.5
101.0
87.4
98.0
66.3
86.4
72.6
143.0
130.0
146.0
91.9
76.9
99.1
25.4
111.0
148.0
181.0
160.0
31.4
108.0
249.0
118.0
137.0
72.3
298.0
116.0
142.0
110.0
125.0
131.0
78.6
149.0
112.0
51.9
194.0
60.5
15.2
102.0
116.0
108.0
122.0
121.0
292.0
11.3
154.0
69.2
165.0
58.4
143.0
83.8
147.0
259.0
101.0
89.3
91.5
68.6
45.0
114.0
204.0
132.0
155.0
32.2
164.0
68.9
45.9
91.2
126.0
43.0
120.0
84.1
144.0
124.0
95.5
67.5
134.0
249.0
