87.1
74.3
141.0
256.0
200.0
274.0
40.6
189.0
43.1
212.0
56.2
130.0
113.0
222.0
93.4
150.0
123.0
124.0
86.7
93.0
165.0
152.0
246.0
55.7
183.0
119.0
68.4
118.0
106.0
186.0
13.5
61.5
127.0
221.0
99.9
54.4
146.0
80.2
24.4
111.0
73.1
189.0
104.0
153.0
91.8
158.0
59.2
213.0
49.0
58.5
95.6
63.5
130.0
219.0
134.0
193.0
71.7
47.9
258.0
234.0
238.0
192.0
205.0
251.0
107.0
96.5
206.0
64.1
212.0
247.0
277.0
21.3
149.0
86.9
190.0
178.0
125.0
138.0
82.4
75.4
142.0
85.4
108.0
105.0
147.0
191.0
201.0
207.0
98.5
196.0
277.0
166.0
0.0
44.9
149.0
136.0
168.0
114.0
235.0
107.0
83.6
122.0
129.0
130.0
24.1
183.0
12.4
236.0
117.0
191.0
228.0
268.0
189.0
90.7
29.6
218.0
114.0
6.3
182.0
294.0
92.2
94.4
167.0
95.4
187.0
223.0
34.0
224.0
220.0
86.2
254.0
81.4
131.0
153.0
95.5
193.0
113.0
105.0
136.0
105.0
94.6
223.0
9.0
111.0
119.0
107.0
277.0
40.3
250.0
133.0
257.0
108.0
182.0
55.9
198.0
63.1
85.7
200.0
71.1
180.0
111.0
34.7
35.0
43.9
7.8
113.0
24.0
149.0
98.6
102.0
157.0
153.0
75.0
92.7
51.9
103.0
41.7
117.0
46.6
68.9
119.0
239.0
29.2
112.0
117.0
97.4
127.0
67.9
244.0
164.0
183.0
265.0
212.0
290.0
40.5
213.0
85.8
76.2
287.0
147.0
157.0
257.0
163.0
24.2
27.0
74.3
110.0
249.0
38.0
127.0
148.0
42.7
215.0
106.0
115.0
180.0
122.0
93.6
88.7
187.0
147.0
159.0
195.0
237.0
131.0
168.0
141.0
25.9
178.0
102.0
94.9
254.0
151.0
144.0
269.0
234.0
121.0
117.0
120.0
129.0
237.0
68.3
79.9
108.0
38.0
140.0
45.7
268.0
137.0
87.8
18.1
232.0
14.8
155.0
217.0
137.0
18.8
30.3
247.0
145.0
38.6
243.0
102.0
150.0
100.0
278.0
200.0
88.7
101.0
111.0
174.0
130.0
56.7
193.0
211.0
93.5
149.0
213.0
138.0
195.0
116.0
258.0
42.9
85.9
81.8
144.0
77.6
191.0
126.0
24.9
137.0
113.0
136.0
61.2
187.0
233.0
19.1
104.0
222.0
82.7
256.0
108.0
122.0
36.5
159.0
103.0
65.2
180.0
140.0
159.0
167.0
251.0
69.6
72.3
139.0
74.3
216.0
172.0
11.3
126.0
99.9
162.0
31.0
195.0
262.0
196.0
102.0
204.0
78.4
222.0
122.0
67.2
152.0
84.9
78.5
198.0
90.5
179.0
228.0
257.0
49.5
143.0
48.1
263.0
53.0
47.1
123.0
240.0
111.0
173.0
