42.0
37.6
95.8
235.0
159.0
234.0
56.5
148.0
36.7
167.0
10.5
88.8
85.3
181.0
52.9
109.0
70.4
84.0
41.5
56.4
120.0
111.0
205.0
31.8
142.0
78.6
13.3
72.7
74.8
145.0
30.1
37.6
87.0
181.0
59.3
7.0
101.0
43.4
32.2
79.8
28.0
144.0
59.1
113.0
46.6
117.0
14.1
172.0
25.1
6.8
40.0
39.6
85.1
178.0
93.8
148.0
47.8
3.4
244.0
194.0
197.0
151.0
160.0
210.0
66.5
51.3
165.0
30.2
171.0
206.0
236.0
25.8
104.0
41.0
149.0
133.0
80.2
97.9
43.2
50.9
101.0
61.6
63.2
59.8
106.0
151.0
156.0
167.0
53.4
151.0
237.0
125.0
44.5
0.0
104.0
91.2
123.0
73.2
194.0
54.8
43.1
74.4
83.5
89.3
40.6
142.0
49.4
196.0
77.0
150.0
188.0
228.0
148.0
66.8
46.1
177.0
68.8
36.6
141.0
253.0
47.1
49.3
126.0
54.4
142.0
183.0
55.6
183.0
179.0
41.1
213.0
36.3
98.4
112.0
55.0
153.0
72.5
64.5
94.5
71.9
49.5
182.0
39.2
65.8
74.2
66.3
236.0
46.4
210.0
92.7
217.0
66.7
141.0
21.1
157.0
26.1
47.3
159.0
47.2
140.0
70.5
13.6
18.7
2.7
39.9
60.6
22.9
104.0
58.2
56.6
112.0
108.0
38.3
54.3
5.4
66.3
6.8
76.0
65.7
44.4
73.6
198.0
24.9
71.3
76.9
59.0
97.3
22.8
203.0
124.0
142.0
224.0
172.0
249.0
18.0
168.0
45.3
37.0
246.0
102.0
117.0
217.0
122.0
50.5
51.7
24.2
58.0
208.0
43.2
74.9
107.0
27.3
175.0
65.6
74.7
139.0
69.4
48.4
42.9
142.0
110.0
118.0
150.0
196.0
90.7
127.0
95.5
23.0
137.0
56.8
71.0
213.0
110.0
103.0
228.0
211.0
68.7
71.7
75.0
88.3
192.0
23.1
34.7
62.9
21.2
82.6
4.7
227.0
92.2
42.6
55.1
191.0
44.6
114.0
176.0
96.3
25.9
56.9
206.0
100.0
9.0
223.0
56.5
97.6
47.7
238.0
159.0
48.2
60.3
70.3
133.0
85.3
6.1
153.0
171.0
53.0
109.0
172.0
97.7
154.0
75.2
217.0
15.3
40.8
45.0
103.0
40.2
150.0
85.2
16.5
92.0
68.1
95.1
36.8
141.0
193.0
29.0
79.6
177.0
58.8
216.0
68.0
81.3
21.7
119.0
50.2
18.7
140.0
94.5
118.0
126.0
210.0
22.1
35.8
98.7
34.1
171.0
131.0
31.2
88.3
54.8
122.0
52.0
155.0
221.0
151.0
61.7
163.0
54.5
182.0
81.3
30.7
106.0
46.6
33.4
188.0
45.4
138.0
187.0
216.0
25.1
102.0
10.8
222.0
10.2
17.5
82.8
199.0
58.9
128.0
