65.8
127.0
12.0
271.0
196.0
270.0
169.0
194.0
134.0
108.0
118.0
174.0
170.0
249.0
110.0
195.0
72.6
113.0
67.2
152.0
73.1
150.0
241.0
118.0
179.0
89.6
118.0
42.3
127.0
230.0
140.0
128.0
83.2
217.0
130.0
97.1
42.3
138.0
136.0
132.0
82.7
96.7
52.4
149.0
62.5
153.0
105.0
262.0
121.0
104.0
74.9
126.0
39.2
267.0
124.0
101.0
138.0
103.0
280.0
230.0
234.0
187.0
101.0
300.0
135.0
86.6
254.0
119.0
238.0
242.0
273.0
136.0
9.1
84.9
236.0
85.7
46.8
98.4
94.7
141.0
116.0
152.0
62.4
60.4
136.0
187.0
109.0
203.0
60.6
91.9
273.0
210.0
155.0
103.0
0.0
25.7
64.1
158.0
284.0
73.9
115.0
83.9
26.2
174.0
145.0
227.0
159.0
232.0
109.0
186.0
224.0
264.0
242.0
156.0
150.0
213.0
55.1
147.0
178.0
289.0
75.7
64.4
156.0
140.0
94.6
219.0
153.0
273.0
269.0
95.8
249.0
71.2
129.0
148.0
102.0
189.0
98.2
104.0
148.0
124.0
104.0
218.0
143.0
54.7
31.6
137.0
272.0
144.0
246.0
123.0
253.0
147.0
203.0
114.0
242.0
112.0
143.0
195.0
138.0
176.0
153.0
113.0
122.0
106.0
150.0
69.1
122.0
16.6
120.0
65.7
64.9
8.3
127.0
92.1
105.0
90.4
112.0
97.4
163.0
142.0
46.2
234.0
129.0
97.1
106.0
90.6
81.7
80.6
293.0
160.0
227.0
260.0
208.0
285.0
117.0
121.0
102.0
91.8
283.0
3.5
146.0
253.0
207.0
155.0
156.0
98.9
83.6
278.0
140.0
79.3
140.0
125.0
211.0
122.0
106.0
224.0
62.0
76.0
86.8
83.1
142.0
203.0
103.0
233.0
113.0
163.0
128.0
133.0
192.0
63.0
161.0
250.0
162.0
188.0
264.0
247.0
78.2
49.8
48.6
143.0
145.0
83.3
71.7
51.7
118.0
45.7
105.0
263.0
17.3
79.1
165.0
281.0
149.0
199.0
213.0
137.0
136.0
161.0
243.0
51.3
113.0
259.0
81.4
45.3
81.4
274.0
249.0
100.0
156.0
126.0
201.0
35.2
102.0
189.0
207.0
117.0
128.0
208.0
130.0
190.0
138.0
254.0
113.0
68.5
136.0
139.0
116.0
230.0
105.0
116.0
33.1
40.3
180.0
134.0
82.3
229.0
133.0
169.0
130.0
149.0
252.0
110.0
89.1
119.0
155.0
85.1
105.0
176.0
25.2
154.0
211.0
246.0
107.0
111.0
111.0
101.0
124.0
216.0
141.0
129.0
55.4
158.0
164.0
191.0
258.0
92.1
118.0
200.0
145.0
218.0
152.0
106.0
32.4
90.4
88.2
224.0
63.5
174.0
223.0
312.0
122.0
188.0
110.0
258.0
105.0
115.0
115.0
235.0
76.8
80.7
