52.1
113.0
31.7
247.0
171.0
245.0
156.0
170.0
120.0
129.0
105.0
149.0
146.0
224.0
96.5
170.0
48.0
88.3
53.5
139.0
94.6
126.0
217.0
104.0
154.0
76.0
105.0
19.9
113.0
206.0
127.0
114.0
58.6
192.0
116.0
83.5
63.7
125.0
123.0
118.0
69.1
118.0
38.7
125.0
48.9
129.0
91.3
237.0
108.0
90.2
61.3
112.0
60.6
243.0
99.3
122.0
125.0
89.2
255.0
205.0
209.0
163.0
122.0
275.0
121.0
92.5
230.0
106.0
213.0
218.0
248.0
123.0
25.6
71.3
211.0
107.0
18.8
73.8
81.1
128.0
91.1
138.0
69.7
46.8
111.0
162.0
130.0
178.0
47.0
113.0
248.0
185.0
141.0
89.4
25.9
0.0
85.5
134.0
259.0
60.3
102.0
70.3
20.2
150.0
131.0
203.0
146.0
207.0
84.8
162.0
199.0
239.0
217.0
143.0
137.0
189.0
49.0
133.0
153.0
265.0
58.6
52.8
131.0
127.0
116.0
194.0
139.0
249.0
244.0
82.2
225.0
57.6
104.0
124.0
88.5
164.0
75.1
90.0
123.0
111.0
90.6
194.0
130.0
62.0
32.9
123.0
248.0
130.0
222.0
98.1
228.0
127.0
178.0
99.9
217.0
98.3
130.0
171.0
124.0
151.0
133.0
99.7
109.0
92.2
136.0
55.5
108.0
42.2
106.0
72.9
86.3
32.9
114.0
78.5
91.6
76.8
98.0
66.8
149.0
128.0
43.2
210.0
116.0
83.4
81.9
76.9
57.0
67.0
268.0
136.0
202.0
236.0
183.0
261.0
103.0
142.0
88.5
78.2
258.0
24.7
121.0
228.0
182.0
141.0
142.0
85.3
70.0
253.0
127.0
54.7
115.0
111.0
186.0
108.0
81.7
199.0
48.4
89.6
73.2
105.0
118.0
179.0
125.0
208.0
88.9
139.0
103.0
119.0
167.0
61.0
148.0
225.0
138.0
163.0
240.0
222.0
55.8
60.5
49.6
118.0
167.0
69.7
58.1
38.1
105.0
21.1
91.7
239.0
42.2
65.5
152.0
256.0
135.0
175.0
188.0
113.0
122.0
147.0
218.0
72.7
99.6
234.0
97.7
20.7
67.8
250.0
225.0
86.6
143.0
101.0
176.0
9.9
88.3
165.0
182.0
103.0
103.0
184.0
106.0
166.0
113.0
229.0
99.0
54.9
123.0
115.0
102.0
205.0
80.1
102.0
8.5
27.2
156.0
120.0
104.0
204.0
120.0
142.0
152.0
136.0
227.0
96.4
64.4
105.0
130.0
71.4
91.5
151.0
46.7
130.0
186.0
222.0
93.9
97.3
86.8
87.8
146.0
191.0
128.0
104.0
41.8
133.0
150.0
166.0
233.0
114.0
104.0
175.0
131.0
193.0
128.0
92.1
20.4
76.8
74.6
199.0
49.8
150.0
199.0
288.0
109.0
163.0
96.3
234.0
91.8
101.0
90.8
211.0
63.2
102.0
