87.0
153.0
62.4
315.0
239.0
313.0
188.0
238.0
153.0
45.9
128.0
195.0
191.0
292.0
135.0
216.0
95.6
163.0
93.3
177.0
33.8
201.0
285.0
144.0
222.0
114.0
144.0
85.9
152.0
252.0
159.0
154.0
120.0
260.0
154.0
116.0
23.2
163.0
155.0
157.0
97.0
77.7
73.6
193.0
88.7
197.0
131.0
305.0
148.0
123.0
101.0
152.0
53.9
311.0
173.0
81.9
164.0
122.0
323.0
273.0
277.0
231.0
39.1
343.0
159.0
91.7
298.0
145.0
281.0
286.0
316.0
155.0
73.1
111.0
279.0
66.7
93.3
149.0
121.0
167.0
181.0
178.0
67.6
78.7
186.0
230.0
89.6
246.0
87.3
30.0
316.0
231.0
174.0
122.0
65.7
85.2
0.0
179.0
327.0
98.4
141.0
108.0
70.0
195.0
164.0
248.0
179.0
275.0
143.0
230.0
267.0
307.0
254.0
181.0
169.0
257.0
69.8
166.0
221.0
333.0
80.8
77.4
207.0
165.0
75.6
262.0
172.0
317.0
312.0
93.9
293.0
97.4
175.0
192.0
127.0
232.0
123.0
128.0
194.0
149.0
105.0
262.0
162.0
59.9
64.6
161.0
316.0
163.0
290.0
172.0
296.0
171.0
247.0
140.0
263.0
138.0
168.0
239.0
164.0
219.0
177.0
132.0
141.0
125.0
169.0
93.7
141.0
53.3
144.0
70.8
17.8
57.7
154.0
117.0
124.0
115.0
131.0
122.0
182.0
161.0
61.0
278.0
149.0
122.0
156.0
115.0
124.0
107.0
336.0
204.0
248.0
304.0
251.0
329.0
136.0
79.1
128.0
118.0
326.0
67.9
198.0
296.0
228.0
174.0
175.0
125.0
108.0
321.0
160.0
109.0
187.0
144.0
254.0
146.0
141.0
245.0
86.5
81.2
116.0
21.3
193.0
224.0
84.1
276.0
170.0
207.0
180.0
152.0
235.0
72.6
188.0
293.0
216.0
209.0
308.0
290.0
103.0
54.9
63.3
180.0
126.0
101.0
97.8
76.3
137.0
89.5
124.0
307.0
56.5
88.2
184.0
324.0
168.0
221.0
256.0
184.0
155.0
180.0
286.0
32.9
132.0
302.0
86.5
105.0
106.0
318.0
293.0
125.0
181.0
151.0
239.0
94.7
121.0
233.0
250.0
141.0
188.0
252.0
177.0
234.0
169.0
297.0
132.0
94.7
161.0
183.0
142.0
273.0
155.0
135.0
92.6
75.0
201.0
153.0
20.4
272.0
152.0
194.0
111.0
175.0
295.0
135.0
130.0
138.0
198.0
110.0
131.0
219.0
39.9
198.0
232.0
290.0
127.0
137.0
178.0
128.0
105.0
237.0
160.0
165.0
81.6
201.0
183.0
234.0
301.0
30.2
142.0
243.0
175.0
261.0
187.0
132.0
91.9
117.0
95.2
267.0
84.7
218.0
267.0
356.0
141.0
209.0
129.0
302.0
124.0
134.0
162.0
279.0
101.0
61.7
