110.0
38.2
139.0
146.0
135.0
209.0
97.5
79.3
68.1
224.0
63.9
13.2
11.9
113.0
57.0
41.1
98.1
53.4
101.0
20.9
190.0
36.3
180.0
52.8
81.9
70.2
63.9
123.0
34.9
77.1
102.0
57.6
85.0
156.0
26.3
85.1
158.0
37.3
81.0
30.7
98.3
214.0
118.0
88.4
106.0
57.1
78.5
104.0
66.6
69.1
91.9
47.9
137.0
109.0
67.1
218.0
47.7
90.8
148.0
169.0
113.0
127.0
217.0
142.0
27.3
122.0
96.4
46.2
103.0
126.0
152.0
97.8
154.0
83.1
80.6
203.0
114.0
72.6
78.6
57.1
73.5
32.7
134.0
119.0
52.6
126.0
226.0
101.0
103.0
208.0
212.0
56.7
116.0
74.7
159.0
135.0
180.0
0.0
125.0
93.6
59.8
73.5
134.0
20.9
82.1
73.7
121.0
121.0
61.1
90.5
163.0
203.0
79.2
21.1
85.6
86.0
128.0
108.0
117.0
171.0
117.0
120.0
58.0
25.7
212.0
93.9
80.9
115.0
111.0
111.0
150.0
100.0
36.3
87.4
71.1
102.0
64.2
56.1
24.9
33.3
120.0
158.0
96.6
136.0
123.0
21.2
157.0
71.8
185.0
57.6
192.0
8.6
72.8
56.4
88.7
52.1
31.1
134.0
53.4
115.0
7.7
95.2
83.8
87.1
112.0
92.7
103.0
153.0
42.0
127.0
182.0
157.0
41.7
78.5
68.2
70.1
83.8
67.7
91.1
70.4
122.0
133.0
80.7
62.9
54.6
74.1
79.9
96.2
135.0
99.4
73.3
200.0
147.0
225.0
101.0
238.0
71.3
72.5
162.0
158.0
49.0
192.0
53.6
108.0
102.0
70.6
80.5
139.0
68.6
89.5
50.4
78.9
91.8
56.2
65.8
70.2
96.7
119.0
84.9
199.0
40.9
50.0
220.0
172.0
62.8
103.0
43.8
94.7
68.6
127.0
25.3
145.0
41.4
34.4
160.0
124.0
84.1
142.0
134.0
19.9
263.0
98.9
97.8
106.0
80.3
113.0
93.4
202.0
141.0
113.0
127.0
123.0
93.0
39.2
152.0
32.4
97.6
102.0
182.0
167.0
91.9
134.0
127.0
117.0
96.2
213.0
91.1
74.2
20.4
48.5
64.4
139.0
68.8
95.6
105.0
50.8
76.6
148.0
48.8
130.0
21.9
193.0
79.3
95.3
41.1
78.7
48.3
82.0
59.9
97.3
130.0
109.0
26.7
57.7
198.0
168.0
86.0
14.3
247.0
38.2
191.0
59.6
74.1
80.6
94.3
98.8
61.5
60.3
143.0
62.6
57.3
158.0
65.1
56.8
70.9
70.5
242.0
62.5
103.0
31.3
114.0
57.2
92.0
130.0
197.0
208.0
50.1
139.0
40.8
106.0
11.6
63.4
153.0
81.2
104.0
88.8
113.0
113.0
102.0
148.0
75.3
27.0
69.3
141.0
93.4
73.2
44.8
124.0
83.4
198.0
