230.0
158.0
285.0
20.2
110.0
75.8
217.0
75.7
188.0
370.0
184.0
119.0
131.0
34.1
207.0
88.2
244.0
170.0
220.0
145.0
335.0
106.0
55.7
173.0
94.7
216.0
184.0
269.0
155.0
56.5
221.0
177.0
208.0
74.5
146.0
205.0
304.0
157.0
201.0
150.0
218.0
359.0
265.0
138.0
225.0
125.0
198.0
25.0
186.0
189.0
212.0
168.0
283.0
16.2
162.0
363.0
167.0
211.0
28.6
65.2
44.3
102.0
363.0
16.2
147.0
241.0
36.0
166.0
43.4
33.4
38.1
218.0
282.0
203.0
50.9
348.0
261.0
194.0
198.0
177.0
174.0
163.0
253.0
239.0
131.0
114.0
371.0
84.7
249.0
354.0
97.3
69.1
236.0
194.0
282.0
259.0
326.0
126.0
0.0
240.0
209.0
220.0
280.0
107.0
202.0
57.6
241.0
42.7
184.0
89.8
88.1
77.1
45.4
152.0
205.0
76.1
275.0
228.0
123.0
45.5
237.0
239.0
110.0
145.0
357.0
68.6
201.0
17.1
29.0
231.0
41.2
220.0
130.0
146.0
217.0
91.0
201.0
202.0
111.0
153.0
240.0
61.6
216.0
256.0
269.0
141.0
36.6
192.0
61.9
137.0
55.4
129.0
68.8
176.0
47.8
172.0
151.0
110.0
173.0
113.0
136.0
215.0
204.0
207.0
231.0
239.0
223.0
299.0
162.0
247.0
327.0
289.0
161.0
225.0
188.0
216.0
203.0
205.0
211.0
190.0
269.0
56.0
200.0
209.0
178.0
220.0
203.0
216.0
9.5
132.0
57.2
78.5
67.1
98.5
221.0
383.0
217.0
192.0
36.7
281.0
120.0
90.8
86.9
228.0
222.0
190.0
227.0
13.9
188.0
231.0
125.0
199.0
73.9
176.0
189.0
64.2
243.0
239.0
205.0
345.0
117.0
77.2
365.0
74.6
177.0
125.0
129.0
214.0
83.6
247.0
159.0
39.3
94.8
95.2
44.6
25.9
230.0
262.0
281.0
127.0
408.0
219.0
218.0
252.0
200.0
247.0
213.0
60.5
287.0
233.0
247.0
16.2
213.0
98.7
67.6
125.0
217.0
221.0
90.0
313.0
212.0
19.4
247.0
240.0
216.0
87.2
34.9
220.0
140.0
168.0
78.2
262.0
189.0
87.6
70.8
170.0
157.0
87.8
135.0
104.0
142.0
66.7
199.0
215.0
161.0
152.0
168.0
60.5
183.0
217.0
253.0
255.0
100.0
177.0
344.0
89.4
206.0
141.0
392.0
185.0
70.0
194.0
197.0
200.0
141.0
218.0
181.0
110.0
290.0
138.0
76.1
51.2
185.0
177.0
185.0
190.0
387.0
71.1
223.0
138.0
234.0
121.0
212.0
102.0
62.5
354.0
191.0
107.0
161.0
59.5
114.0
183.0
277.0
201.0
224.0
60.3
233.0
122.0
51.1
22.3
195.0
112.0
189.0
28.4
213.0
193.0
178.0
39.9
230.0
343.0
