30.0
68.4
57.6
227.0
151.0
225.0
121.0
150.0
85.2
143.0
60.0
107.0
104.0
204.0
46.9
128.0
16.6
75.7
36.2
89.2
108.0
114.0
197.0
59.7
134.0
26.3
60.0
42.0
63.7
164.0
93.6
69.8
32.7
173.0
66.6
48.3
77.2
75.0
98.4
68.8
33.9
132.0
37.3
105.0
23.1
109.0
46.6
217.0
63.2
55.0
18.5
67.5
56.2
223.0
85.5
136.0
80.0
54.0
235.0
185.0
189.0
143.0
136.0
255.0
71.4
57.3
210.0
61.0
193.0
198.0
228.0
89.6
72.7
26.7
191.0
121.0
33.3
60.2
25.3
83.0
77.5
93.7
69.2
28.8
98.1
142.0
144.0
159.0
13.4
127.0
229.0
143.0
108.0
54.2
73.4
62.5
99.0
91.6
239.0
0.0
30.7
15.0
52.7
108.0
107.0
160.0
113.0
187.0
55.5
142.0
180.0
220.0
166.0
93.0
112.0
169.0
47.6
100.0
133.0
245.0
53.0
55.2
119.0
77.1
130.0
174.0
104.0
229.0
224.0
47.0
205.0
35.5
87.3
104.0
23.4
144.0
35.0
40.4
106.0
60.9
55.4
174.0
105.0
71.8
42.1
73.6
228.0
94.9
202.0
84.4
209.0
83.6
160.0
55.3
175.0
53.7
80.1
151.0
79.4
131.0
89.4
64.5
75.7
57.0
103.0
5.3
73.1
71.6
56.7
62.5
99.8
76.0
69.1
17.7
56.4
17.8
62.8
34.1
114.0
92.9
41.5
190.0
82.9
33.8
68.3
16.4
43.5
31.8
249.0
116.0
160.0
216.0
164.0
241.0
68.2
156.0
29.6
33.6
238.0
70.8
110.0
209.0
140.0
117.0
118.0
40.6
9.5
234.0
91.6
21.2
99.1
78.0
166.0
58.4
53.5
157.0
15.7
54.4
19.8
118.0
106.0
137.0
138.0
188.0
82.5
119.0
92.3
86.5
147.0
62.7
101.0
205.0
128.0
121.0
220.0
202.0
11.5
64.4
53.4
92.0
180.0
34.5
33.4
25.2
71.9
28.3
56.5
219.0
60.0
48.6
119.0
236.0
111.0
133.0
168.0
96.0
89.4
123.0
198.0
86.2
64.4
214.0
62.5
43.8
9.1
230.0
205.0
24.6
93.0
63.0
151.0
54.5
53.1
145.0
163.0
53.3
101.0
164.0
89.5
146.0
80.8
209.0
63.8
15.5
72.9
95.1
57.9
185.0
66.5
66.7
57.0
28.2
113.0
76.9
117.0
184.0
95.2
106.0
165.0
90.9
208.0
46.8
50.9
72.4
111.0
11.4
46.9
131.0
62.3
110.0
144.0
202.0
50.7
52.6
73.3
43.2
159.0
149.0
94.7
77.3
23.8
113.0
118.0
146.0
213.0
127.0
54.5
155.0
87.7
174.0
99.6
47.5
75.7
24.2
39.4
180.0
30.1
130.0
179.0
268.0
70.3
121.0
61.1
214.0
56.6
65.0
74.6
191.0
8.1
116.0
