62.6
26.8
107.0
197.0
121.0
195.0
98.9
120.0
64.0
186.0
36.2
73.3
69.8
174.0
5.4
93.9
53.6
45.6
52.8
55.3
143.0
79.6
167.0
36.0
104.0
23.8
36.2
84.1
29.8
130.0
69.8
46.0
32.1
143.0
32.7
36.5
121.0
41.1
74.6
34.9
50.5
166.0
70.5
74.7
58.0
78.8
26.7
187.0
39.4
31.6
44.1
43.7
99.6
193.0
55.4
170.0
56.2
42.1
205.0
155.0
159.0
113.0
179.0
225.0
37.5
73.9
180.0
23.9
163.0
168.0
198.0
65.8
115.0
35.4
161.0
155.0
69.9
59.6
14.3
59.2
63.1
69.9
85.8
71.1
68.0
112.0
178.0
129.0
64.7
170.0
199.0
110.0
84.3
42.3
116.0
103.0
142.0
57.7
209.0
30.9
0.0
24.0
94.8
73.7
83.0
127.0
89.1
157.0
38.6
112.0
149.0
189.0
132.0
59.1
88.5
139.0
80.1
76.3
103.0
215.0
69.7
71.9
85.1
43.1
164.0
144.0
82.8
199.0
194.0
63.6
175.0
52.2
53.4
73.7
9.8
114.0
22.4
11.4
72.4
27.0
72.0
144.0
81.6
88.4
85.5
39.7
198.0
73.7
172.0
54.3
179.0
49.7
126.0
31.5
141.0
29.9
46.2
121.0
55.6
101.0
55.5
52.7
51.9
45.2
79.7
48.3
61.3
115.0
16.6
79.1
134.0
119.0
20.0
16.1
44.5
17.5
51.8
25.0
93.0
71.7
84.9
160.0
59.1
20.2
38.5
15.5
35.3
48.4
219.0
85.7
126.0
186.0
133.0
211.0
56.4
190.0
6.9
17.3
208.0
113.0
76.5
178.0
106.0
92.9
94.1
22.8
21.3
203.0
70.5
45.1
68.9
54.3
136.0
24.0
27.4
123.0
52.2
71.0
37.2
162.0
71.8
103.0
173.0
158.0
52.3
89.0
58.4
62.7
117.0
79.4
66.7
175.0
94.2
87.3
190.0
172.0
39.7
94.3
97.6
58.1
215.0
51.1
50.1
61.8
48.1
68.4
44.7
189.0
103.0
65.2
94.8
206.0
87.0
98.8
138.0
62.1
65.6
99.4
168.0
123.0
52.5
184.0
79.1
80.8
48.4
200.0
175.0
8.5
59.1
28.7
117.0
96.6
32.7
115.0
133.0
11.4
70.4
134.0
59.4
116.0
46.8
179.0
47.3
47.5
23.8
65.0
13.3
155.0
46.8
54.9
103.0
79.4
79.6
53.1
161.0
154.0
71.4
72.0
200.0
67.1
177.0
20.6
32.4
48.6
80.6
23.1
23.1
101.0
106.0
79.8
110.0
172.0
25.0
11.6
60.4
11.9
194.0
115.0
71.0
43.4
66.1
83.2
94.5
116.0
183.0
170.0
20.1
125.0
53.8
144.0
65.7
15.0
118.0
33.4
56.0
150.0
65.6
99.7
149.0
238.0
46.5
87.0
41.6
184.0
44.8
41.2
44.4
161.0
28.3
150.0
