60.7
66.7
67.6
208.0
132.0
206.0
126.0
131.0
96.1
153.0
74.8
88.3
84.8
185.0
22.8
109.0
27.0
56.8
56.6
70.3
118.0
94.7
178.0
74.5
115.0
7.4
74.8
51.9
44.9
145.0
108.0
85.6
16.6
154.0
47.7
68.8
87.2
56.2
113.0
49.9
54.3
142.0
47.3
85.9
57.4
90.0
67.1
199.0
78.0
70.1
38.9
75.9
66.2
204.0
66.6
146.0
75.8
74.4
217.0
166.0
170.0
124.0
146.0
237.0
52.6
77.7
191.0
74.7
175.0
179.0
209.0
104.0
82.7
47.1
172.0
131.0
43.3
32.7
23.1
85.1
74.3
81.8
83.5
55.3
79.2
123.0
154.0
140.0
32.2
137.0
210.0
125.0
123.0
74.6
83.4
70.4
109.0
72.7
220.0
15.2
24.0
0.0
62.7
88.8
110.0
142.0
128.0
169.0
36.6
123.0
161.0
201.0
147.0
74.2
114.0
150.0
57.5
115.0
114.0
226.0
73.5
61.4
100.0
58.2
140.0
155.0
109.0
210.0
205.0
67.4
186.0
56.0
68.4
84.9
14.4
125.0
16.1
21.5
87.4
42.0
75.8
155.0
120.0
75.8
52.1
54.7
209.0
99.8
183.0
65.5
190.0
64.7
141.0
70.1
157.0
68.5
61.2
132.0
81.5
113.0
70.6
84.9
90.5
77.5
118.0
21.7
93.6
81.6
37.8
82.9
110.0
86.0
59.0
16.1
76.8
7.0
83.2
15.2
119.0
98.5
51.4
171.0
97.7
14.9
49.7
12.1
20.3
52.2
230.0
96.9
141.0
197.0
145.0
222.0
88.6
166.0
25.4
29.1
219.0
80.8
91.5
190.0
122.0
131.0
130.0
61.4
8.0
215.0
96.6
18.8
80.2
92.8
147.0
39.5
34.6
138.0
25.7
74.8
22.5
128.0
86.8
118.0
148.0
169.0
63.6
100.0
73.4
101.0
129.0
83.2
81.7
186.0
109.0
102.0
201.0
184.0
13.1
74.3
63.4
73.1
190.0
54.9
53.8
35.2
86.7
41.8
76.9
200.0
70.0
69.0
133.0
217.0
126.0
114.0
149.0
77.2
104.0
130.0
179.0
96.2
84.8
195.0
82.9
54.2
30.1
211.0
186.0
20.4
74.2
44.2
132.0
64.5
73.5
126.0
144.0
34.4
81.7
145.0
70.6
127.0
61.9
190.0
84.2
36.6
54.1
76.2
50.1
166.0
58.1
87.2
67.4
38.2
94.6
85.8
127.0
165.0
110.0
87.0
175.0
93.0
189.0
27.9
22.9
87.2
91.8
15.6
61.7
112.0
72.3
91.0
125.0
183.0
63.6
52.5
71.6
30.3
169.0
130.0
110.0
58.4
50.4
94.4
120.0
127.0
194.0
137.0
35.6
136.0
68.8
155.0
80.8
62.3
85.6
25.0
59.8
161.0
58.4
111.0
160.0
249.0
85.1
102.0
81.6
195.0
77.0
79.8
55.7
172.0
7.6
126.0
