45.4
106.0
15.8
270.0
194.0
268.0
149.0
193.0
114.0
129.0
97.9
150.0
147.0
247.0
89.8
171.0
50.7
119.0
46.8
132.0
94.1
156.0
240.0
97.7
177.0
69.3
97.9
12.7
107.0
207.0
120.0
108.0
75.6
216.0
110.0
76.8
63.2
118.0
116.0
112.0
62.4
118.0
32.0
148.0
42.2
152.0
84.6
260.0
101.0
83.5
54.6
105.0
31.2
266.0
128.0
122.0
118.0
82.5
278.0
228.0
232.0
186.0
122.0
298.0
114.0
85.8
253.0
98.9
236.0
241.0
271.0
116.0
24.7
64.6
234.0
107.0
17.3
93.7
74.4
121.0
111.0
132.0
60.8
40.1
141.0
185.0
130.0
202.0
40.3
113.0
272.0
186.0
134.0
82.7
25.4
21.7
85.0
134.0
282.0
53.6
94.8
63.6
0.0
151.0
124.0
203.0
139.0
230.0
98.4
185.0
222.0
262.0
209.0
136.0
130.0
212.0
42.3
126.0
176.0
288.0
51.9
46.1
162.0
120.0
116.0
217.0
133.0
272.0
267.0
75.5
248.0
50.9
130.0
147.0
81.8
187.0
77.9
83.3
149.0
104.0
83.9
217.0
123.0
53.1
16.0
116.0
271.0
123.0
245.0
127.0
252.0
127.0
202.0
93.2
218.0
91.6
123.0
194.0
117.0
174.0
132.0
93.0
102.0
85.5
130.0
48.8
102.0
41.7
99.6
64.0
85.8
32.4
107.0
71.8
84.9
70.0
91.3
77.0
143.0
121.0
22.3
233.0
109.0
76.7
102.0
70.2
77.0
60.3
292.0
159.0
203.0
259.0
207.0
284.0
96.7
142.0
81.8
71.5
281.0
22.8
153.0
251.0
183.0
134.0
136.0
78.6
63.3
276.0
120.0
64.6
142.0
104.0
209.0
101.0
96.4
200.0
41.7
82.9
66.5
104.0
149.0
180.0
124.0
231.0
125.0
162.0
135.0
113.0
190.0
54.3
141.0
248.0
171.0
164.0
263.0
245.0
57.9
51.6
40.7
135.0
166.0
63.0
51.4
31.4
98.1
26.0
85.0
262.0
17.9
58.8
145.0
279.0
128.0
176.0
211.0
139.0
116.0
141.0
241.0
72.2
92.9
257.0
79.7
40.7
61.1
273.0
248.0
79.9
136.0
106.0
194.0
24.0
81.6
188.0
206.0
96.2
143.0
207.0
132.0
189.0
124.0
252.0
92.3
48.2
116.0
138.0
95.8
228.0
100.0
95.2
22.6
20.5
156.0
114.0
103.0
227.0
113.0
149.0
151.0
129.0
251.0
89.7
84.4
98.7
154.0
64.7
84.8
174.0
46.1
153.0
187.0
245.0
87.2
90.6
107.0
81.1
145.0
192.0
121.0
120.0
35.1
156.0
144.0
189.0
256.0
113.0
97.4
198.0
125.0
217.0
143.0
85.4
37.0
70.1
67.9
223.0
43.1
173.0
222.0
311.0
102.0
164.0
89.6
257.0
85.1
94.5
117.0
234.0
56.4
102.0
