125.0
53.1
154.0
128.0
98.3
177.0
112.0
61.0
83.0
239.0
78.8
11.0
23.1
94.2
72.0
22.7
113.0
68.3
116.0
40.4
205.0
22.4
123.0
67.7
63.5
85.2
78.8
138.0
49.9
58.7
117.0
72.5
99.9
124.0
41.3
100.0
173.0
52.3
95.9
45.7
113.0
229.0
133.0
61.8
121.0
48.3
93.4
85.4
81.5
84.0
107.0
62.8
152.0
90.9
55.4
233.0
62.7
106.0
130.0
110.0
94.2
88.1
232.0
123.0
42.2
137.0
78.0
61.2
84.2
108.0
134.0
113.0
169.0
98.1
62.2
218.0
129.0
87.6
93.5
72.0
88.5
58.4
149.0
134.0
46.4
93.2
241.0
82.6
118.0
223.0
180.0
38.3
131.0
89.6
174.0
150.0
195.0
21.5
107.0
109.0
74.8
88.4
149.0
0.0
97.1
55.4
136.0
103.0
76.0
72.1
131.0
171.0
60.8
46.8
100.0
67.6
143.0
123.0
75.8
153.0
132.0
135.0
37.7
40.7
227.0
75.6
95.9
96.7
92.3
126.0
132.0
115.0
31.7
69.4
86.0
83.6
79.1
71.1
12.6
48.2
135.0
98.7
111.0
151.0
138.0
36.2
138.0
86.7
153.0
41.4
160.0
23.9
54.4
71.4
70.3
67.0
46.1
98.0
68.4
82.3
31.4
110.0
98.8
102.0
127.0
108.0
118.0
168.0
56.9
142.0
197.0
172.0
56.6
93.4
83.1
85.1
98.7
82.6
106.0
85.4
137.0
115.0
95.7
77.9
69.5
89.0
94.9
111.0
117.0
67.4
54.9
168.0
105.0
193.0
116.0
253.0
86.2
87.4
144.0
173.0
35.7
160.0
35.3
123.0
117.0
85.5
95.5
121.0
83.5
104.0
41.6
93.8
73.5
71.1
80.7
51.8
112.0
134.0
99.9
214.0
34.7
31.6
235.0
140.0
77.8
61.6
33.0
110.0
50.2
142.0
53.8
126.0
21.1
16.1
142.0
106.0
99.1
157.0
149.0
22.0
278.0
114.0
113.0
121.0
95.3
128.0
108.0
170.0
156.0
128.0
142.0
104.0
108.0
23.7
120.0
26.6
113.0
117.0
150.0
182.0
107.0
115.0
142.0
132.0
111.0
181.0
72.7
89.1
35.3
63.5
46.0
154.0
83.7
77.3
86.5
65.7
63.7
116.0
42.5
93.2
36.8
161.0
94.2
110.0
56.1
59.9
63.3
63.6
74.8
112.0
145.0
124.0
6.5
72.7
213.0
136.0
101.0
33.0
262.0
79.9
159.0
74.6
89.1
95.5
68.8
114.0
76.4
46.3
158.0
50.7
38.9
140.0
80.1
71.8
85.8
85.5
257.0
44.2
118.0
33.4
129.0
45.3
107.0
93.5
165.0
223.0
65.0
107.0
55.7
87.1
9.2
78.3
168.0
96.1
119.0
70.4
128.0
86.2
84.1
129.0
90.2
16.4
84.2
122.0
108.0
88.1
59.7
106.0
98.4
213.0
