81.9
61.5
136.0
222.0
197.0
271.0
23.3
155.0
15.7
207.0
53.2
96.0
82.4
188.0
90.4
117.0
120.0
104.0
81.4
59.2
160.0
118.0
243.0
52.8
157.0
107.0
65.4
113.0
72.1
153.0
22.9
43.6
116.0
218.0
66.1
49.2
141.0
60.3
7.8
77.1
67.9
184.0
99.0
151.0
86.5
127.0
53.9
179.0
46.0
51.6
79.9
47.0
125.0
185.0
118.0
188.0
38.6
42.6
224.0
231.0
188.0
189.0
200.0
217.0
73.2
91.2
172.0
61.2
178.0
201.0
228.0
21.9
143.0
83.9
156.0
173.0
120.0
124.0
79.4
35.7
125.0
52.0
103.0
99.7
122.0
188.0
195.0
204.0
93.3
191.0
274.0
132.0
24.2
39.7
144.0
131.0
163.0
80.3
201.0
104.0
80.6
111.0
123.0
96.4
0.0
149.0
56.6
197.0
114.0
188.0
225.0
265.0
155.0
59.7
5.7
161.0
109.0
20.7
179.0
291.0
87.0
89.2
133.0
61.5
182.0
169.0
10.1
191.0
186.0
80.9
251.0
76.2
96.8
150.0
92.5
190.0
101.0
93.3
102.0
70.7
89.4
220.0
15.5
106.0
114.0
73.0
274.0
16.3
248.0
109.0
254.0
73.8
148.0
53.0
164.0
60.2
51.8
197.0
37.2
177.0
77.6
34.2
32.0
38.6
47.2
110.0
38.9
144.0
79.1
96.4
152.0
148.0
72.1
89.7
49.0
100.0
36.5
105.0
15.3
23.9
113.0
236.0
18.4
100.0
106.0
94.4
115.0
62.7
210.0
162.0
149.0
262.0
209.0
287.0
42.3
208.0
82.8
73.3
284.0
142.0
123.0
254.0
129.0
14.1
18.4
71.4
107.0
215.0
14.1
124.0
125.0
26.1
167.0
80.0
104.0
146.0
119.0
88.3
85.7
182.0
113.0
125.0
190.0
234.0
114.0
165.0
107.0
30.2
144.0
96.7
61.4
251.0
117.0
110.0
266.0
200.0
118.0
112.0
115.0
95.5
232.0
63.0
74.6
103.0
35.1
122.0
40.5
265.0
132.0
82.5
62.4
198.0
11.3
122.0
214.0
103.0
33.1
23.7
244.0
140.0
33.4
209.0
96.4
147.0
97.0
276.0
167.0
85.7
67.4
87.9
140.0
125.0
53.8
191.0
208.0
90.5
128.0
210.0
116.0
192.0
82.4
255.0
40.0
80.7
64.5
141.0
74.6
157.0
111.0
36.2
132.0
108.0
102.0
29.9
181.0
230.0
11.4
72.5
217.0
49.2
253.0
96.8
110.0
33.5
156.0
99.6
62.3
142.0
134.0
156.0
133.0
248.0
66.6
69.4
122.0
71.3
211.0
138.0
18.7
92.3
94.7
131.0
10.6
192.0
259.0
191.0
87.2
201.0
44.5
219.0
88.4
64.2
146.0
82.0
73.3
164.0
85.3
176.0
178.0
223.0
30.0
110.0
45.2
216.0
47.8
44.1
95.8
237.0
108.0
168.0
