178.0
106.0
206.0
78.3
80.8
148.0
165.0
33.0
136.0
291.0
132.0
66.7
73.8
44.5
125.0
36.3
166.0
121.0
168.0
93.2
258.0
54.5
95.2
121.0
48.7
138.0
132.0
191.0
103.0
6.5
170.0
125.0
153.0
95.2
94.1
153.0
226.0
105.0
149.0
98.5
166.0
282.0
186.0
108.0
174.0
80.2
146.0
35.6
134.0
137.0
160.0
116.0
205.0
41.1
132.0
286.0
116.0
159.0
80.1
81.7
54.8
72.9
285.0
73.6
95.0
189.0
28.3
114.0
34.5
57.8
84.3
166.0
222.0
151.0
15.1
271.0
182.0
140.0
146.0
125.0
145.0
111.0
201.0
187.0
80.1
84.9
294.0
55.3
171.0
276.0
151.0
17.2
184.0
142.0
227.0
203.0
248.0
74.3
57.4
161.0
128.0
141.0
202.0
54.8
150.0
0.0
189.0
53.2
129.0
60.5
102.0
142.0
11.1
99.7
153.0
46.8
196.0
176.0
93.8
103.0
185.0
187.0
57.6
93.5
280.0
39.3
149.0
47.0
42.6
179.0
81.8
168.0
78.2
117.0
139.0
61.6
132.0
124.0
59.1
101.0
188.0
70.4
164.0
204.0
191.0
89.0
88.5
140.0
124.0
85.2
131.0
76.8
24.2
124.0
16.9
120.0
98.9
80.4
121.0
84.2
84.3
163.0
152.0
155.0
179.0
161.0
171.0
220.0
110.0
195.0
250.0
225.0
109.0
146.0
136.0
138.0
152.0
135.0
159.0
138.0
190.0
86.5
149.0
131.0
122.0
142.0
148.0
164.0
66.9
103.0
14.8
139.0
77.3
164.0
169.0
306.0
139.0
140.0
94.1
225.0
67.6
131.0
35.0
176.0
170.0
138.0
148.0
71.3
136.0
157.0
73.5
147.0
44.5
124.0
134.0
8.9
164.0
187.0
153.0
267.0
65.1
25.3
288.0
111.0
131.0
95.9
76.7
162.0
36.2
195.0
107.0
76.4
42.9
43.3
91.9
56.3
152.0
210.0
202.0
74.8
330.0
167.0
166.0
174.0
148.0
181.0
161.0
141.0
209.0
181.0
195.0
54.5
161.0
43.5
90.7
73.1
165.0
169.0
121.0
235.0
160.0
65.7
195.0
185.0
164.0
152.0
23.0
142.0
88.2
116.0
27.0
207.0
137.0
58.3
62.0
119.0
128.0
86.5
83.3
74.9
89.6
132.0
147.0
163.0
109.0
122.0
116.0
23.4
128.0
165.0
198.0
177.0
48.4
126.0
266.0
107.0
154.0
89.4
315.0
133.0
130.0
127.0
142.0
148.0
111.0
167.0
129.0
68.9
211.0
77.5
20.9
90.3
133.0
125.0
139.0
138.0
309.0
19.1
171.0
86.3
182.0
75.5
160.0
72.3
136.0
276.0
118.0
77.8
109.0
57.1
62.1
131.0
221.0
149.0
172.0
31.0
181.0
92.3
44.7
79.6
143.0
60.0
137.0
72.6
161.0
141.0
113.0
66.2
151.0
266.0
