91.8
79.1
146.0
260.0
205.0
279.0
63.6
193.0
47.9
217.0
60.9
135.0
118.0
227.0
98.1
155.0
127.0
129.0
91.4
97.8
170.0
157.0
250.0
60.5
188.0
124.0
73.1
123.0
111.0
191.0
23.3
66.2
132.0
226.0
105.0
59.2
151.0
84.9
39.3
116.0
77.8
194.0
109.0
158.0
96.5
162.0
63.9
218.0
53.7
63.2
100.0
68.2
135.0
223.0
139.0
198.0
76.5
52.6
262.0
239.0
243.0
196.0
210.0
256.0
112.0
101.0
210.0
68.9
217.0
252.0
282.0
26.0
153.0
91.6
195.0
183.0
130.0
143.0
87.1
80.1
147.0
90.2
113.0
110.0
152.0
196.0
205.0
212.0
103.0
201.0
282.0
171.0
12.0
49.7
154.0
141.0
173.0
119.0
240.0
112.0
88.3
127.0
133.0
135.0
47.6
188.0
0.0
241.0
122.0
196.0
233.0
273.0
193.0
95.5
53.1
223.0
119.0
18.3
187.0
298.0
96.9
99.2
172.0
100.0
191.0
228.0
57.6
229.0
225.0
90.9
258.0
86.2
135.0
157.0
100.0
198.0
118.0
110.0
140.0
109.0
99.4
228.0
20.6
116.0
124.0
112.0
282.0
75.6
255.0
138.0
262.0
112.0
187.0
60.6
203.0
67.9
90.4
204.0
75.9
185.0
116.0
39.4
39.7
48.6
13.1
118.0
32.9
154.0
103.0
106.0
162.0
158.0
79.8
97.4
56.7
108.0
46.4
121.0
69.6
73.6
123.0
243.0
33.9
117.0
122.0
102.0
132.0
72.7
249.0
169.0
187.0
270.0
217.0
294.0
45.2
217.0
90.5
81.0
292.0
151.0
161.0
262.0
168.0
35.7
38.6
79.1
115.0
253.0
49.6
132.0
153.0
47.5
220.0
111.0
120.0
184.0
126.0
98.3
93.4
192.0
152.0
164.0
200.0
242.0
136.0
173.0
146.0
30.6
183.0
107.0
99.6
259.0
155.0
149.0
273.0
239.0
126.0
122.0
125.0
134.0
242.0
73.0
84.6
113.0
42.7
145.0
50.5
272.0
142.0
92.5
6.7
237.0
26.4
160.0
222.0
142.0
31.5
41.8
252.0
150.0
43.4
248.0
106.0
155.0
105.0
283.0
205.0
93.4
106.0
115.0
178.0
135.0
61.5
198.0
216.0
98.2
154.0
217.0
143.0
199.0
121.0
263.0
47.7
90.7
86.5
149.0
82.3
196.0
130.0
38.4
142.0
118.0
141.0
66.0
191.0
238.0
31.7
108.0
227.0
87.4
261.0
113.0
126.0
41.2
164.0
107.0
70.0
185.0
144.0
163.0
171.0
255.0
74.3
77.1
144.0
79.0
221.0
177.0
24.7
131.0
105.0
167.0
59.1
200.0
267.0
201.0
107.0
209.0
83.1
227.0
127.0
71.9
156.0
89.6
83.3
203.0
95.3
183.0
233.0
262.0
54.2
148.0
52.9
267.0
57.7
51.8
128.0
244.0
116.0
178.0
