216.0
154.0
234.0
39.4
58.8
76.9
213.0
31.1
184.0
319.0
190.0
114.0
127.0
11.8
156.0
84.0
193.0
119.0
206.0
141.0
284.0
86.3
48.5
189.0
43.0
165.0
190.0
218.0
151.0
52.3
223.0
173.0
157.0
44.5
160.0
190.0
253.0
153.0
196.0
148.0
204.0
308.0
213.0
86.3
211.0
73.7
184.0
17.8
193.0
185.0
197.0
163.0
232.0
34.3
110.0
312.0
163.0
195.0
40.9
42.9
7.5
51.0
312.0
49.5
143.0
227.0
33.1
162.0
22.6
10.6
38.1
219.0
230.0
189.0
35.5
297.0
209.0
143.0
174.0
173.0
123.0
159.0
239.0
221.0
78.9
62.9
320.0
25.8
198.0
303.0
88.5
64.9
238.0
196.0
231.0
207.0
275.0
122.0
42.7
189.0
158.0
168.0
229.0
103.0
198.0
53.4
242.0
0.0
133.0
38.1
58.2
79.4
41.2
147.0
201.0
24.4
224.0
230.0
71.9
64.1
223.0
225.0
68.6
141.0
306.0
26.0
196.0
29.2
35.7
217.0
35.6
206.0
100.0
95.0
166.0
39.7
150.0
151.0
107.0
154.0
225.0
31.7
235.0
242.0
218.0
137.0
47.8
187.0
64.3
128.0
57.8
125.0
37.2
185.0
44.9
183.0
147.0
58.5
169.0
62.2
132.0
206.0
205.0
199.0
233.0
188.0
215.0
248.0
154.0
232.0
276.0
238.0
157.0
173.0
198.0
165.0
205.0
154.0
207.0
186.0
217.0
42.8
196.0
158.0
126.0
169.0
152.0
202.0
52.3
80.7
38.4
73.9
37.2
101.0
210.0
332.0
166.0
178.0
60.0
230.0
74.4
93.2
56.8
224.0
218.0
176.0
175.0
46.1
184.0
180.0
75.9
208.0
20.9
145.0
138.0
60.0
192.0
224.0
190.0
294.0
83.1
73.0
314.0
62.9
126.0
73.9
95.5
216.0
41.8
233.0
154.0
30.2
74.6
91.0
45.7
15.0
179.0
240.0
229.0
123.0
356.0
204.0
203.0
201.0
201.0
195.0
198.0
61.6
236.0
219.0
248.0
39.9
209.0
94.5
37.6
93.0
219.0
217.0
78.3
262.0
206.0
26.9
232.0
189.0
196.0
89.6
30.7
168.0
136.0
137.0
46.6
211.0
186.0
35.9
28.1
151.0
106.0
49.4
84.0
52.9
137.0
69.1
201.0
201.0
166.0
100.0
165.0
28.9
132.0
208.0
202.0
204.0
96.2
173.0
293.0
65.2
225.0
137.0
341.0
180.0
72.4
142.0
146.0
202.0
89.5
193.0
176.0
58.2
238.0
86.6
72.0
44.0
178.0
167.0
134.0
169.0
335.0
52.2
224.0
140.0
216.0
69.0
208.0
50.3
63.6
303.0
140.0
40.7
156.0
21.2
110.0
177.0
225.0
187.0
209.0
22.1
219.0
70.3
8.4
56.4
191.0
108.0
195.0
26.4
198.0
195.0
127.0
17.5
178.0
292.0
