97.2
53.4
101.0
171.0
95.6
170.0
112.0
94.5
82.9
186.0
70.8
74.6
71.0
149.0
24.9
95.2
60.3
20.1
87.4
57.1
151.0
47.8
141.0
70.5
78.6
24.5
70.8
85.2
27.2
153.0
104.0
72.4
25.4
117.0
34.5
71.1
120.0
42.9
109.0
23.6
85.1
175.0
80.6
49.2
92.5
53.3
65.3
162.0
74.0
66.1
72.2
62.7
99.5
167.0
29.9
179.0
62.5
76.7
180.0
130.0
134.0
87.3
179.0
200.0
27.2
109.0
154.0
61.5
138.0
142.0
173.0
100.0
109.0
69.9
136.0
164.0
76.5
22.8
55.3
71.9
37.6
68.5
120.0
88.6
42.5
86.7
187.0
103.0
65.5
170.0
173.0
111.0
119.0
76.9
109.0
85.7
142.0
58.9
184.0
55.9
38.8
35.8
96.0
75.0
96.9
128.0
124.0
132.0
0.0
86.4
124.0
164.0
142.0
60.9
100.0
113.0
90.8
111.0
77.6
189.0
104.0
94.6
53.2
44.9
173.0
119.0
95.7
173.0
169.0
98.2
149.0
86.8
29.2
48.2
28.3
88.7
17.0
18.1
48.2
30.1
107.0
119.0
116.0
109.0
85.4
32.4
172.0
86.6
146.0
28.8
153.0
52.5
103.0
66.1
155.0
64.5
48.0
95.2
68.2
75.8
58.5
87.3
86.5
79.8
114.0
55.0
95.9
115.0
24.5
114.0
143.0
119.0
45.8
40.7
79.1
32.4
86.4
17.2
106.0
85.2
84.7
134.0
93.7
18.1
6.9
36.3
30.1
83.0
193.0
60.2
139.0
161.0
108.0
185.0
91.0
199.0
46.8
59.3
183.0
108.0
43.6
153.0
108.0
127.0
117.0
57.4
42.8
178.0
83.4
58.4
43.5
88.8
111.0
15.9
7.9
124.0
58.9
106.0
71.8
161.0
40.0
104.0
181.0
133.0
26.8
63.5
25.5
97.3
91.9
114.0
68.5
150.0
59.6
88.6
164.0
147.0
46.4
108.0
96.7
43.5
224.0
85.7
84.6
68.5
82.7
73.7
79.3
163.0
103.0
99.8
129.0
181.0
122.0
100.0
113.0
32.7
100.0
117.0
143.0
129.0
87.1
159.0
114.0
67.0
63.4
174.0
149.0
34.7
58.3
11.1
101.0
89.0
67.3
89.1
107.0
19.5
44.9
108.0
33.9
90.4
30.6
154.0
81.9
69.8
40.8
39.5
33.2
130.0
10.1
89.5
80.1
71.4
80.9
72.5
160.0
129.0
106.0
67.7
208.0
79.7
152.0
9.4
17.2
83.2
55.1
60.1
57.7
75.7
106.0
54.3
111.0
146.0
59.6
48.5
34.9
49.9
203.0
117.0
106.0
22.1
83.6
57.7
107.0
90.7
158.0
170.0
10.2
99.6
55.6
118.0
53.1
58.3
104.0
68.0
90.6
124.0
91.7
74.2
123.0
213.0
81.1
88.2
76.2
158.0
79.4
75.8
13.4
135.0
45.7
159.0
