170.0
122.0
188.0
78.6
30.7
101.0
192.0
15.3
163.0
273.0
144.0
82.9
95.0
50.9
110.0
51.6
147.0
72.9
160.0
109.0
238.0
51.4
65.3
143.0
10.4
119.0
144.0
172.0
105.0
60.4
177.0
153.0
111.0
48.3
114.0
144.0
207.0
123.0
182.0
102.0
158.0
262.0
167.0
40.4
165.0
42.4
138.0
56.9
147.0
139.0
152.0
142.0
186.0
74.9
64.6
266.0
142.0
150.0
80.1
51.7
40.9
16.0
266.0
88.6
106.0
181.0
62.1
145.0
45.4
49.7
77.3
173.0
185.0
143.0
43.2
251.0
163.0
96.7
128.0
152.0
77.2
127.0
193.0
175.0
47.6
24.7
274.0
19.3
152.0
257.0
104.0
55.6
192.0
150.0
185.0
161.0
229.0
90.5
91.1
143.0
112.0
123.0
183.0
70.9
177.0
50.3
197.0
39.2
86.9
0.0
55.2
95.2
49.3
116.0
180.0
15.6
178.0
184.0
29.5
120.0
177.0
179.0
37.3
110.0
260.0
26.4
175.0
80.7
76.3
171.0
70.9
160.0
68.9
49.1
120.0
11.5
104.0
105.0
62.9
108.0
179.0
40.5
189.0
196.0
172.0
105.0
86.9
166.0
77.4
60.5
84.4
92.9
25.0
139.0
62.2
137.0
115.0
30.4
148.0
14.0
100.0
160.0
159.0
153.0
187.0
142.0
169.0
202.0
108.0
187.0
230.0
192.0
125.0
128.0
152.0
119.0
159.0
108.0
186.0
165.0
172.0
56.6
167.0
112.0
80.6
123.0
106.0
156.0
101.0
34.8
36.9
91.8
30.3
117.0
164.0
286.0
120.0
132.0
99.2
184.0
43.1
84.2
37.0
200.0
197.0
130.0
130.0
85.2
163.0
134.0
44.6
162.0
20.7
98.8
91.7
56.5
146.0
178.0
145.0
248.0
51.8
48.1
268.0
63.8
79.7
28.0
64.2
170.0
21.9
187.0
123.0
63.7
54.8
59.4
95.7
54.1
133.0
194.0
184.0
71.5
310.0
159.0
157.0
155.0
156.0
150.0
152.0
94.5
190.0
173.0
202.0
88.3
194.0
62.1
43.8
61.7
173.0
196.0
73.9
216.0
160.0
66.0
187.0
143.0
150.0
105.0
56.7
123.0
104.0
91.2
31.1
165.0
140.0
5.1
22.6
105.0
60.1
39.6
52.7
28.0
104.0
84.9
155.0
155.0
121.0
54.6
119.0
28.7
85.9
162.0
156.0
158.0
64.6
152.0
247.0
60.0
179.0
106.0
295.0
159.0
83.3
96.3
100.0
156.0
43.6
147.0
131.0
26.9
192.0
39.8
60.5
70.3
132.0
121.0
87.7
123.0
289.0
44.6
178.0
94.2
170.0
37.7
187.0
25.3
88.9
257.0
93.8
30.9
135.0
31.4
78.2
131.0
179.0
141.0
163.0
31.7
173.0
20.8
30.8
95.6
154.0
76.2
149.0
65.5
152.0
149.0
81.1
52.4
133.0
246.0
