207.0
170.0
225.0
78.4
33.9
54.6
229.0
68.5
200.0
310.0
181.0
143.0
173.0
69.9
147.0
112.0
184.0
110.0
197.0
165.0
275.0
102.0
38.2
181.0
68.9
157.0
181.0
209.0
142.0
101.0
214.0
191.0
148.0
13.7
151.0
181.0
245.0
160.0
219.0
139.0
195.0
299.0
205.0
77.6
203.0
87.8
175.0
75.9
184.0
176.0
189.0
180.0
223.0
79.4
102.0
303.0
179.0
187.0
70.1
28.7
52.2
47.5
303.0
90.8
143.0
219.0
103.0
182.0
86.2
55.4
59.5
210.0
222.0
180.0
83.9
288.0
201.0
134.0
165.0
189.0
114.0
185.0
230.0
213.0
106.0
46.2
311.0
44.1
189.0
294.0
56.9
114.0
229.0
187.0
222.0
199.0
266.0
161.0
88.8
180.0
149.0
160.0
220.0
131.0
214.0
102.0
234.0
58.2
124.0
55.1
0.0
47.8
90.1
172.0
217.0
61.8
215.0
221.0
55.1
90.4
214.0
217.0
89.4
162.0
297.0
67.1
213.0
77.2
93.9
208.0
52.4
197.0
131.0
86.3
157.0
43.8
141.0
142.0
113.0
145.0
217.0
26.5
226.0
233.0
209.0
154.0
64.8
203.0
45.4
119.0
51.5
155.0
79.5
176.0
103.0
175.0
165.0
41.7
185.0
53.5
161.0
197.0
196.0
190.0
224.0
179.0
206.0
239.0
146.0
224.0
267.0
229.0
163.0
165.0
189.0
156.0
196.0
145.0
223.0
202.0
209.0
37.0
204.0
149.0
118.0
160.0
143.0
193.0
99.7
72.0
87.6
35.0
28.6
69.3
201.0
323.0
157.0
169.0
77.0
221.0
92.7
34.0
97.2
237.0
234.0
167.0
167.0
87.6
200.0
171.0
89.9
199.0
59.0
136.0
129.0
109.0
183.0
216.0
182.0
285.0
102.0
122.0
305.0
24.6
117.0
65.2
121.0
207.0
82.1
224.0
179.0
49.6
106.0
116.0
57.8
63.0
170.0
232.0
221.0
146.0
348.0
196.0
195.0
192.0
193.0
187.0
189.0
64.4
227.0
210.0
239.0
90.7
232.0
122.0
20.5
127.0
210.0
233.0
23.7
253.0
197.0
74.2
224.0
180.0
187.0
49.8
97.5
160.0
160.0
128.0
85.1
202.0
177.0
51.7
37.0
142.0
97.2
19.4
109.0
40.5
141.0
53.2
192.0
192.0
158.0
91.8
156.0
78.1
123.0
200.0
193.0
195.0
125.0
189.0
284.0
9.9
216.0
170.0
332.0
197.0
37.9
134.0
137.0
193.0
80.8
184.0
168.0
77.4
230.0
77.9
121.0
43.2
170.0
159.0
125.0
160.0
327.0
101.0
216.0
131.0
208.0
83.1
224.0
35.8
58.8
294.0
131.0
24.4
173.0
41.3
155.0
168.0
217.0
178.0
201.0
72.5
210.0
53.7
54.2
91.2
191.0
136.0
186.0
65.6
189.0
186.0
118.0
48.2
170.0
283.0
