247.0
210.0
265.0
57.3
94.3
7.2
269.0
108.0
240.0
350.0
221.0
183.0
213.0
84.3
187.0
152.0
224.0
150.0
237.0
205.0
315.0
142.0
35.1
220.0
109.0
196.0
221.0
249.0
182.0
141.0
254.0
230.0
188.0
41.2
191.0
221.0
284.0
200.0
259.0
179.0
235.0
339.0
244.0
117.0
242.0
128.0
215.0
90.3
224.0
216.0
229.0
219.0
263.0
84.6
142.0
343.0
219.0
227.0
49.0
45.5
79.5
86.4
343.0
69.6
183.0
258.0
143.0
222.0
126.0
69.1
41.8
250.0
262.0
220.0
124.0
328.0
240.0
174.0
205.0
229.0
154.0
225.0
270.0
252.0
146.0
98.4
351.0
84.8
229.0
334.0
9.2
154.0
269.0
227.0
262.0
238.0
306.0
201.0
77.1
220.0
189.0
200.0
260.0
171.0
254.0
142.0
274.0
79.5
164.0
94.9
47.9
0.0
130.0
212.0
257.0
102.0
255.0
261.0
107.0
49.1
254.0
256.0
129.0
202.0
337.0
107.0
252.0
78.9
97.4
248.0
44.7
237.0
171.0
126.0
197.0
83.7
181.0
182.0
153.0
185.0
256.0
55.9
266.0
273.0
249.0
194.0
41.6
243.0
17.9
159.0
21.2
194.0
119.0
216.0
143.0
214.0
205.0
93.9
225.0
93.3
200.0
237.0
236.0
230.0
264.0
219.0
246.0
279.0
185.0
264.0
307.0
269.0
202.0
205.0
229.0
196.0
236.0
185.0
263.0
242.0
249.0
43.0
244.0
189.0
158.0
200.0
183.0
233.0
78.5
112.0
127.0
14.1
56.1
21.6
241.0
363.0
197.0
209.0
51.8
261.0
133.0
19.0
137.0
277.0
274.0
207.0
207.0
66.4
240.0
211.0
130.0
239.0
98.9
176.0
169.0
149.0
223.0
255.0
222.0
325.0
142.0
162.0
345.0
25.7
157.0
105.0
161.0
247.0
122.0
264.0
219.0
51.9
146.0
156.0
33.5
72.1
210.0
271.0
261.0
185.0
387.0
236.0
235.0
232.0
233.0
227.0
229.0
22.4
267.0
250.0
279.0
91.6
271.0
162.0
48.1
166.0
250.0
273.0
24.2
293.0
237.0
60.1
264.0
220.0
227.0
10.3
137.0
200.0
200.0
168.0
125.0
242.0
217.0
91.5
77.7
182.0
137.0
62.3
149.0
88.4
181.0
12.6
232.0
232.0
198.0
132.0
196.0
118.0
163.0
239.0
233.0
235.0
165.0
229.0
324.0
38.1
256.0
210.0
372.0
236.0
22.6
173.0
177.0
233.0
121.0
224.0
208.0
117.0
269.0
118.0
161.0
40.1
209.0
198.0
165.0
200.0
366.0
141.0
255.0
171.0
247.0
123.0
264.0
82.8
16.8
334.0
171.0
70.2
212.0
70.8
195.0
208.0
256.0
218.0
240.0
112.0
250.0
101.0
87.9
65.9
231.0
176.0
226.0
53.2
229.0
226.0
158.0
66.3
210.0
323.0
