184.0
111.0
212.0
66.3
68.9
136.0
171.0
34.4
141.0
297.0
137.0
72.2
84.3
32.5
130.0
41.7
171.0
129.0
174.0
98.7
264.0
60.0
83.3
126.0
53.4
144.0
137.0
196.0
108.0
14.7
175.0
131.0
167.0
83.3
99.6
158.0
232.0
111.0
154.0
104.0
172.0
287.0
192.0
96.3
179.0
84.1
152.0
23.7
140.0
142.0
165.0
121.0
210.0
29.2
120.0
292.0
121.0
164.0
68.1
69.7
42.8
61.0
290.0
61.7
101.0
195.0
16.3
119.0
22.6
45.9
72.4
171.0
240.0
156.0
5.8
276.0
188.0
153.0
152.0
130.0
133.0
117.0
207.0
192.0
85.6
72.9
299.0
43.4
177.0
281.0
139.0
22.6
190.0
148.0
241.0
217.0
253.0
79.8
45.4
167.0
133.0
147.0
207.0
60.3
155.0
11.1
194.0
41.2
143.0
48.5
90.2
130.0
0.0
105.0
159.0
34.8
201.0
182.0
81.9
90.9
191.0
193.0
63.1
99.0
285.0
27.3
154.0
35.0
30.6
185.0
69.8
173.0
83.7
105.0
144.0
49.7
137.0
129.0
64.6
107.0
193.0
58.5
170.0
209.0
196.0
94.5
76.6
145.0
112.0
90.6
119.0
82.3
22.6
130.0
14.3
125.0
104.0
68.5
127.0
72.2
89.8
169.0
157.0
160.0
185.0
166.0
177.0
226.0
115.0
200.0
255.0
230.0
115.0
152.0
141.0
143.0
157.0
164.0
164.0
144.0
196.0
74.5
154.0
136.0
136.0
147.0
162.0
169.0
54.9
90.7
11.8
127.0
65.3
152.0
174.0
311.0
145.0
146.0
82.1
240.0
73.1
119.0
40.5
181.0
175.0
144.0
154.0
59.3
142.0
163.0
79.0
152.0
32.6
129.0
148.0
22.3
170.0
192.0
158.0
272.0
70.6
30.8
294.0
98.8
136.0
83.9
82.2
168.0
42.3
200.0
112.0
64.5
48.3
48.7
79.9
44.4
157.0
215.0
208.0
80.3
336.0
172.0
171.0
179.0
154.0
205.0
167.0
129.0
214.0
186.0
200.0
42.5
166.0
55.4
78.8
78.6
171.0
175.0
109.0
240.0
165.0
53.7
200.0
199.0
169.0
140.0
11.0
147.0
93.7
122.0
29.0
221.0
142.0
46.4
50.0
124.0
116.0
74.5
88.8
62.9
95.1
120.0
153.0
169.0
114.0
111.0
122.0
19.2
142.0
171.0
212.0
182.0
53.9
131.0
271.0
95.0
159.0
94.9
321.0
138.0
118.0
133.0
156.0
154.0
99.5
172.0
135.0
68.7
217.0
96.6
34.3
78.3
138.0
130.0
144.0
144.0
315.0
24.6
176.0
91.8
187.0
79.5
165.0
60.3
124.0
281.0
123.0
65.8
114.0
45.2
67.6
137.0
235.0
154.0
177.0
19.0
187.0
80.4
32.7
67.7
149.0
65.5
143.0
60.6
167.0
146.0
118.0
54.3
157.0
271.0
