96.6
24.4
139.0
172.0
149.0
223.0
74.7
105.0
45.3
224.0
50.1
34.8
22.7
139.0
57.0
67.2
98.0
67.2
86.8
6.5
177.0
68.7
194.0
40.0
108.0
70.2
50.1
123.0
34.9
103.0
76.4
32.2
78.6
170.0
28.9
68.9
158.0
23.1
58.2
39.9
84.5
200.0
118.0
102.0
91.9
90.1
64.6
130.0
41.2
55.3
78.1
22.8
137.0
135.0
81.0
204.0
24.9
69.9
174.0
183.0
139.0
140.0
217.0
168.0
27.6
108.0
122.0
32.4
129.0
152.0
179.0
72.4
154.0
69.3
107.0
189.0
114.0
86.5
64.8
27.1
87.4
11.8
120.0
105.0
84.3
140.0
212.0
156.0
103.0
208.0
226.0
82.7
90.8
65.3
154.0
141.0
180.0
20.6
152.0
93.6
59.8
73.5
134.0
47.0
59.3
99.8
95.7
147.0
59.4
117.0
177.0
217.0
105.0
0.0
62.8
112.0
114.0
82.9
131.0
242.0
104.0
106.0
84.0
13.6
198.0
120.0
58.1
141.0
137.0
97.6
176.0
86.2
47.4
101.0
71.0
142.0
64.1
56.1
52.2
33.5
106.0
172.0
73.8
122.0
123.0
25.4
183.0
49.0
199.0
71.5
206.0
24.4
98.9
45.6
115.0
38.2
13.1
148.0
30.6
129.0
13.6
69.8
58.4
61.7
86.2
92.7
77.9
153.0
42.0
113.0
168.0
157.0
27.9
78.4
59.9
70.1
58.3
67.7
68.3
47.6
122.0
187.0
57.9
62.9
68.5
74.1
78.0
82.4
161.0
113.0
99.4
214.0
161.0
238.0
75.7
224.0
71.3
58.7
188.0
152.0
73.2
206.0
79.7
85.3
79.4
56.8
80.5
165.0
45.8
89.5
73.2
56.1
118.0
42.9
66.4
96.3
96.7
105.0
71.1
199.0
63.7
76.0
207.0
186.0
76.7
117.0
55.0
69.3
94.7
113.0
7.5
171.0
67.5
60.5
217.0
151.0
84.1
128.0
134.0
46.0
249.0
85.1
84.0
106.0
57.5
113.0
69.0
216.0
141.0
99.2
101.0
149.0
70.2
72.1
166.0
54.0
72.2
78.9
196.0
167.0
66.5
160.0
113.0
125.0
82.4
227.0
117.0
74.2
12.3
50.7
90.4
135.0
64.7
122.0
160.0
50.8
90.5
161.0
79.3
143.0
33.0
207.0
53.9
81.5
27.3
92.6
34.5
108.0
73.8
71.8
138.0
109.0
52.8
34.9
198.0
182.0
63.2
12.8
234.0
17.3
205.0
59.6
72.9
55.2
108.0
85.0
47.7
92.7
143.0
107.0
83.4
199.0
51.3
43.0
84.7
56.7
228.0
88.6
77.5
42.4
100.0
80.0
69.2
144.0
211.0
208.0
50.1
153.0
13.5
132.0
39.0
49.6
157.0
67.3
90.0
115.0
99.5
127.0
129.0
174.0
52.5
46.8
50.7
167.0
75.5
47.8
58.7
150.0
83.4
184.0
