87.3
65.1
161.0
225.0
189.0
264.0
20.2
158.0
15.9
212.0
58.7
99.6
86.0
192.0
95.9
120.0
125.0
108.0
86.9
62.8
165.0
122.0
235.0
58.2
161.0
111.0
70.9
118.0
75.7
156.0
28.4
47.2
119.0
211.0
69.7
54.6
147.0
63.9
13.3
80.7
73.3
189.0
125.0
143.0
92.0
131.0
59.4
183.0
51.5
57.0
85.4
50.6
130.0
188.0
122.0
193.0
42.2
48.1
227.0
224.0
192.0
181.0
205.0
221.0
76.8
96.7
176.0
66.7
182.0
205.0
232.0
27.4
169.0
89.4
160.0
178.0
126.0
127.0
84.9
32.1
128.0
55.6
109.0
105.0
125.0
181.0
201.0
197.0
119.0
196.0
267.0
136.0
29.6
45.1
150.0
157.0
169.0
83.9
205.0
110.0
86.1
114.0
149.0
100.0
5.7
153.0
62.1
200.0
100.0
180.0
218.0
258.0
158.0
63.3
0.0
165.0
114.0
26.2
172.0
283.0
92.4
94.7
137.0
65.1
187.0
173.0
4.4
194.0
190.0
86.4
229.0
81.7
100.0
142.0
98.0
183.0
105.0
96.9
105.0
74.3
94.9
212.0
21.0
111.0
120.0
76.6
236.0
15.4
240.0
112.0
247.0
77.5
152.0
58.4
168.0
65.7
55.4
189.0
40.8
170.0
81.2
39.6
37.5
44.1
52.7
115.0
44.3
149.0
82.7
102.0
157.0
153.0
68.7
95.2
54.5
111.0
41.9
108.0
10.9
19.1
139.0
228.0
23.8
104.0
109.0
99.9
119.0
68.2
214.0
154.0
152.0
254.0
202.0
279.0
47.8
213.0
88.3
78.8
241.0
167.0
126.0
247.0
133.0
18.0
16.5
76.9
113.0
218.0
13.1
130.0
129.0
24.1
171.0
83.6
107.0
149.0
124.0
93.8
91.2
188.0
117.0
129.0
195.0
226.0
117.0
157.0
111.0
35.7
148.0
102.0
65.0
224.0
120.0
114.0
258.0
204.0
123.0
117.0
120.0
99.1
238.0
68.5
80.1
128.0
40.5
143.0
45.9
257.0
158.0
88.0
67.8
202.0
16.7
125.0
206.0
107.0
38.6
20.1
236.0
146.0
38.9
213.0
102.0
152.0
102.0
268.0
170.0
91.2
71.0
91.5
143.0
151.0
59.3
183.0
201.0
91.5
131.0
202.0
120.0
184.0
86.0
247.0
45.5
88.8
68.1
133.0
80.1
161.0
115.0
41.7
137.0
134.0
106.0
33.5
187.0
223.0
16.8
76.1
222.0
52.8
246.0
100.0
114.0
39.0
149.0
105.0
67.7
146.0
140.0
148.0
136.0
240.0
72.1
74.9
126.0
76.8
217.0
142.0
24.1
95.9
100.0
135.0
6.1
185.0
251.0
197.0
90.9
193.0
48.1
212.0
92.0
69.7
152.0
87.4
78.8
168.0
90.8
168.0
182.0
227.0
39.9
113.0
50.7
220.0
53.2
49.6
99.4
229.0
114.0
173.0
