198.0
118.0
215.0
63.7
40.5
108.0
177.0
6.7
147.0
300.0
171.0
78.3
90.4
36.0
137.0
47.1
175.0
100.0
188.0
105.0
266.0
61.9
55.9
132.0
19.4
147.0
171.0
200.0
133.0
45.5
205.0
137.0
138.0
54.9
106.0
171.0
235.0
117.0
160.0
130.0
185.0
289.0
195.0
67.9
193.0
50.1
166.0
42.0
174.0
167.0
179.0
127.0
214.0
60.0
92.1
293.0
127.0
177.0
65.2
42.3
26.0
32.6
293.0
73.7
107.0
209.0
47.2
126.0
30.5
34.8
62.4
201.0
212.0
170.0
28.3
278.0
191.0
124.0
156.0
136.0
105.0
123.0
221.0
203.0
55.3
44.5
301.0
15.0
180.0
284.0
111.0
40.8
219.0
177.0
212.0
189.0
257.0
86.0
76.2
170.0
139.0
150.0
210.0
66.4
162.0
46.5
224.0
24.3
114.0
14.5
61.8
102.0
34.4
111.0
165.0
0.0
205.0
211.0
53.5
88.3
205.0
207.0
45.0
105.0
287.0
11.5
160.0
65.8
61.4
199.0
56.0
187.0
76.6
76.6
148.0
21.3
131.0
133.0
70.7
136.0
207.0
31.1
217.0
223.0
200.0
101.0
72.0
151.0
84.0
68.1
91.0
88.4
17.7
166.0
47.3
131.0
111.0
40.1
133.0
28.5
95.9
188.0
187.0
180.0
215.0
169.0
196.0
229.0
136.0
214.0
257.0
219.0
121.0
155.0
179.0
147.0
187.0
135.0
170.0
150.0
199.0
47.1
160.0
140.0
108.0
151.0
133.0
183.0
85.8
62.3
25.4
98.4
36.9
123.0
191.0
313.0
147.0
160.0
84.3
211.0
50.8
90.7
32.4
188.0
182.0
158.0
157.0
70.3
148.0
162.0
52.3
189.0
5.8
126.0
119.0
53.2
173.0
206.0
172.0
276.0
59.4
43.5
296.0
70.4
107.0
55.5
71.9
198.0
17.4
214.0
118.0
48.8
50.2
54.9
70.0
39.2
161.0
222.0
211.0
86.5
338.0
186.0
185.0
183.0
183.0
177.0
180.0
101.0
218.0
200.0
230.0
73.4
172.0
57.5
50.4
69.4
201.0
181.0
80.5
244.0
187.0
51.1
214.0
170.0
178.0
112.0
41.8
150.0
99.8
119.0
23.2
192.0
168.0
12.3
18.9
133.0
87.6
46.1
60.4
34.5
101.0
91.4
182.0
182.0
121.0
82.1
146.0
15.2
113.0
190.0
183.0
186.0
60.1
137.0
275.0
66.6
206.0
101.0
323.0
144.0
89.8
124.0
128.0
184.0
71.1
174.0
158.0
34.6
220.0
47.4
65.1
60.9
160.0
149.0
115.0
150.0
317.0
35.6
206.0
122.0
198.0
45.4
171.0
31.9
95.4
285.0
121.0
37.4
120.0
19.5
73.7
159.0
207.0
168.0
191.0
16.8
201.0
35.2
15.9
80.7
155.0
71.7
177.0
50.6
180.0
176.0
109.0
37.5
160.0
273.0
