17.0
90.9
40.6
261.0
185.0
259.0
134.0
184.0
98.3
115.0
82.5
141.0
138.0
238.0
80.8
162.0
41.8
110.0
31.4
110.0
68.5
147.0
231.0
82.3
168.0
60.3
82.5
32.3
97.7
198.0
104.0
92.3
66.7
207.0
101.0
61.4
49.7
109.0
101.0
103.0
31.8
92.1
10.4
139.0
18.8
143.0
69.2
251.0
85.7
68.1
39.2
90.0
16.9
257.0
119.0
96.3
103.0
67.1
269.0
219.0
223.0
177.0
108.0
289.0
105.0
32.9
244.0
83.5
227.0
232.0
262.0
100.0
55.6
49.2
225.0
81.1
39.7
94.7
59.0
106.0
127.0
116.0
20.4
10.2
132.0
176.0
104.0
193.0
24.5
98.8
263.0
177.0
119.0
67.3
56.0
50.8
71.1
126.0
273.0
44.6
79.4
54.6
43.1
142.0
109.0
194.0
124.0
221.0
89.4
176.0
213.0
254.0
200.0
127.0
115.0
203.0
0.0
111.0
167.0
279.0
17.0
12.2
153.0
111.0
90.0
208.0
117.0
263.0
258.0
31.8
239.0
25.9
121.0
138.0
72.8
178.0
68.9
74.3
140.0
94.8
43.4
208.0
108.0
12.2
25.0
107.0
262.0
108.0
236.0
118.0
243.0
118.0
193.0
77.8
209.0
76.2
101.0
185.0
102.0
165.0
123.0
77.6
86.5
70.1
114.0
39.8
86.2
43.6
90.6
21.0
60.2
48.0
91.6
62.5
69.5
61.1
75.9
68.0
127.0
106.0
15.5
224.0
93.8
67.8
103.0
61.3
70.3
44.9
283.0
150.0
194.0
250.0
198.0
275.0
81.3
116.0
66.4
56.1
272.0
53.6
144.0
242.0
174.0
119.0
120.0
63.2
54.3
267.0
105.0
55.6
133.0
88.9
200.0
92.3
87.4
191.0
32.7
22.4
51.1
90.1
140.0
171.0
98.5
222.0
116.0
153.0
126.0
97.3
181.0
12.0
126.0
239.0
162.0
155.0
254.0
236.0
48.9
20.1
7.1
126.0
141.0
47.6
29.0
21.8
82.7
40.4
69.6
253.0
31.7
19.7
129.0
270.0
113.0
167.0
202.0
130.0
100.0
125.0
232.0
48.7
77.5
248.0
30.0
69.7
39.5
264.0
239.0
68.0
114.0
97.0
185.0
44.8
66.2
179.0
197.0
87.2
134.0
198.0
123.0
180.0
115.0
243.0
76.9
32.8
107.0
129.0
80.4
219.0
101.0
79.8
51.6
25.9
147.0
98.3
89.2
218.0
97.4
140.0
125.0
113.0
242.0
80.7
75.7
83.3
145.0
55.8
69.4
165.0
34.3
144.0
178.0
236.0
71.8
75.2
124.0
65.7
120.0
183.0
106.0
111.0
13.9
147.0
128.0
180.0
247.0
99.1
88.4
189.0
109.0
208.0
134.0
70.0
66.0
54.7
29.7
214.0
14.0
164.0
213.0
302.0
86.6
155.0
74.2
248.0
69.7
79.1
109.0
225.0
47.5
76.1
