78.8
66.0
150.0
247.0
192.0
266.0
37.1
180.0
33.4
204.0
47.9
122.0
105.0
214.0
85.1
142.0
114.0
116.0
75.1
84.7
157.0
144.0
237.0
47.4
175.0
111.0
60.0
110.0
97.6
178.0
11.0
53.2
119.0
213.0
91.6
46.1
138.0
71.9
18.7
103.0
64.8
180.0
96.0
145.0
101.0
149.0
50.9
205.0
40.6
50.1
87.3
55.1
122.0
210.0
126.0
185.0
63.4
39.6
249.0
226.0
230.0
183.0
197.0
243.0
98.8
88.2
197.0
55.8
204.0
238.0
269.0
12.1
158.0
78.6
182.0
170.0
117.0
130.0
74.0
67.0
134.0
77.1
100.0
96.6
138.0
183.0
192.0
199.0
90.2
188.0
269.0
158.0
6.4
36.6
141.0
128.0
160.0
106.0
227.0
98.8
75.3
114.0
120.0
122.0
20.7
175.0
18.7
228.0
109.0
182.0
220.0
260.0
180.0
82.4
26.1
209.0
101.0
0.0
174.0
285.0
83.9
86.1
159.0
87.0
178.0
215.0
30.6
216.0
212.0
77.9
245.0
73.1
122.0
144.0
87.1
185.0
105.0
96.6
127.0
96.2
86.3
215.0
5.6
103.0
129.0
98.6
268.0
36.8
242.0
125.0
249.0
99.4
174.0
47.6
190.0
54.8
77.4
191.0
62.8
172.0
103.0
26.4
26.7
35.5
12.7
105.0
21.4
141.0
90.3
93.4
149.0
163.0
66.7
84.4
43.6
94.7
33.4
108.0
43.2
60.6
110.0
230.0
19.5
103.0
109.0
89.0
119.0
59.6
236.0
156.0
174.0
257.0
204.0
281.0
32.2
204.0
77.5
67.9
279.0
138.0
148.0
249.0
155.0
20.7
23.5
66.0
102.0
240.0
32.2
119.0
139.0
34.4
207.0
97.8
107.0
171.0
113.0
85.2
80.4
179.0
139.0
151.0
187.0
229.0
123.0
160.0
133.0
17.5
170.0
93.6
86.6
246.0
142.0
135.0
260.0
225.0
113.0
109.0
112.0
121.0
229.0
60.0
71.6
117.0
29.7
132.0
37.4
259.0
147.0
79.4
24.5
224.0
11.3
147.0
209.0
129.0
16.2
26.8
239.0
137.0
30.3
235.0
93.3
142.0
91.6
270.0
192.0
80.4
92.9
102.0
165.0
140.0
48.4
185.0
203.0
85.2
141.0
204.0
130.0
186.0
108.0
250.0
34.6
90.8
73.4
135.0
69.2
183.0
117.0
22.2
147.0
123.0
128.0
52.9
178.0
225.0
13.5
95.2
214.0
74.4
248.0
100.0
113.0
28.2
151.0
94.2
56.9
172.0
131.0
150.0
158.0
242.0
61.3
64.0
131.0
66.0
208.0
164.0
5.7
118.0
91.6
154.0
27.6
187.0
254.0
188.0
93.9
196.0
70.0
214.0
114.0
58.8
143.0
76.6
70.2
190.0
82.2
170.0
220.0
249.0
41.2
135.0
39.8
254.0
44.7
38.8
115.0
231.0
103.0
165.0
