160.0
123.0
178.0
112.0
21.8
112.0
182.0
43.7
153.0
263.0
134.0
103.0
126.0
89.0
100.0
71.6
137.0
63.3
151.0
118.0
229.0
53.9
83.8
134.0
28.7
110.0
134.0
162.0
95.6
93.0
168.0
144.0
101.0
59.7
105.0
134.0
198.0
113.0
172.0
92.5
148.0
252.0
158.0
22.0
156.0
37.4
128.0
102.0
137.0
129.0
142.0
133.0
177.0
107.0
44.0
256.0
133.0
140.0
113.0
72.4
73.8
26.9
256.0
140.0
96.1
172.0
94.7
135.0
78.0
82.7
110.0
164.0
175.0
133.0
75.8
241.0
154.0
87.0
118.0
142.0
50.2
139.0
184.0
166.0
41.9
9.4
264.0
43.3
143.0
247.0
116.0
75.6
182.0
140.0
175.0
152.0
219.0
114.0
124.0
133.0
102.0
113.0
173.0
76.4
167.0
94.0
187.0
72.1
77.2
29.5
55.6
107.0
81.9
125.0
170.0
53.7
168.0
174.0
0.0
132.0
167.0
170.0
41.5
115.0
250.0
59.0
166.0
113.0
109.0
161.0
89.2
150.0
84.4
30.7
110.0
32.8
94.2
95.5
65.4
98.6
170.0
61.2
179.0
186.0
163.0
107.0
115.0
157.0
88.8
58.8
95.8
108.0
52.7
129.0
94.8
128.0
118.0
15.8
138.0
16.7
114.0
150.0
150.0
143.0
177.0
132.0
159.0
192.0
98.7
177.0
220.0
182.0
116.0
118.0
142.0
110.0
150.0
98.1
176.0
155.0
162.0
74.0
157.0
102.0
70.9
113.0
96.2
146.0
133.0
11.3
79.4
103.0
47.8
128.0
154.0
276.0
110.0
122.0
125.0
174.0
44.8
84.6
57.0
191.0
187.0
121.0
120.0
118.0
153.0
125.0
42.0
152.0
50.9
89.1
82.1
101.0
136.0
169.0
135.0
239.0
53.8
68.1
258.0
75.2
70.0
14.6
63.5
160.0
41.9
177.0
132.0
89.4
58.0
68.0
107.0
87.0
124.0
185.0
174.0
98.7
301.0
149.0
148.0
146.0
146.0
140.0
142.0
106.0
180.0
163.0
193.0
121.0
185.0
82.1
55.2
63.5
163.0
187.0
74.3
207.0
150.0
98.9
177.0
133.0
141.0
117.0
89.3
113.0
113.0
81.5
51.1
155.0
130.0
32.2
45.0
95.3
39.1
36.2
51.0
20.0
93.9
96.2
145.0
145.0
111.0
33.6
109.0
69.9
76.2
153.0
146.0
149.0
69.9
143.0
238.0
60.4
169.0
123.0
285.0
150.0
94.6
86.7
90.4
146.0
21.5
137.0
121.0
29.5
183.0
30.0
80.5
88.8
123.0
112.0
78.0
113.0
280.0
64.6
169.0
84.5
161.0
35.1
177.0
23.2
100.0
247.0
84.1
42.2
126.0
55.4
78.8
121.0
170.0
131.0
154.0
64.3
163.0
8.9
63.7
155.0
144.0
96.2
139.0
98.4
143.0
139.0
71.5
75.0
123.0
236.0
