273.0
236.0
290.0
29.8
120.0
42.9
295.0
94.0
265.0
375.0
246.0
165.0
177.0
62.7
212.0
135.0
250.0
176.0
263.0
231.0
341.0
167.0
42.6
246.0
134.0
222.0
246.0
275.0
208.0
103.0
280.0
256.0
214.0
65.9
217.0
246.0
310.0
225.0
285.0
205.0
261.0
364.0
270.0
143.0
268.0
153.0
241.0
68.7
249.0
242.0
254.0
245.0
289.0
60.4
167.0
369.0
245.0
252.0
21.5
56.1
62.9
112.0
369.0
35.1
208.0
284.0
80.2
247.0
73.5
52.5
25.2
276.0
287.0
245.0
86.4
353.0
266.0
199.0
231.0
254.0
180.0
251.0
296.0
278.0
172.0
124.0
376.0
110.0
255.0
360.0
51.8
116.0
294.0
252.0
287.0
264.0
332.0
226.0
45.6
245.0
214.0
225.0
285.0
153.0
279.0
104.0
299.0
62.9
189.0
120.0
90.1
48.9
92.1
237.0
283.0
87.3
280.0
286.0
133.0
0.0
280.0
282.0
155.0
227.0
362.0
88.9
278.0
54.7
73.2
274.0
30.7
262.0
197.0
152.0
223.0
109.0
206.0
208.0
179.0
211.0
282.0
66.5
292.0
298.0
275.0
219.0
13.5
269.0
46.4
184.0
34.0
220.0
95.8
242.0
92.0
240.0
230.0
120.0
251.0
119.0
226.0
263.0
262.0
255.0
290.0
244.0
271.0
304.0
211.0
289.0
333.0
294.0
228.0
230.0
255.0
222.0
262.0
210.0
288.0
268.0
274.0
45.5
269.0
215.0
183.0
226.0
208.0
258.0
47.0
137.0
96.9
60.8
71.8
66.2
266.0
388.0
222.0
235.0
12.0
286.0
158.0
65.5
115.0
303.0
299.0
233.0
232.0
31.8
266.0
237.0
155.0
264.0
83.8
201.0
194.0
111.0
248.0
281.0
247.0
351.0
167.0
124.0
371.0
65.5
182.0
131.0
187.0
273.0
105.0
289.0
244.0
37.3
142.0
142.0
22.3
47.9
236.0
297.0
286.0
211.0
413.0
261.0
260.0
258.0
258.0
252.0
255.0
26.1
293.0
275.0
305.0
59.7
297.0
145.0
72.5
192.0
276.0
299.0
71.2
319.0
263.0
35.9
289.0
245.0
253.0
61.4
81.6
225.0
226.0
194.0
105.0
267.0
243.0
117.0
103.0
208.0
163.0
105.0
174.0
114.0
206.0
39.2
257.0
258.0
223.0
157.0
221.0
87.5
188.0
265.0
259.0
261.0
147.0
255.0
350.0
84.4
281.0
235.0
398.0
262.0
52.2
199.0
203.0
259.0
146.0
250.0
233.0
143.0
295.0
143.0
123.0
38.6
235.0
224.0
190.0
225.0
392.0
118.0
281.0
197.0
273.0
148.0
289.0
108.0
32.4
360.0
196.0
95.8
238.0
78.1
161.0
234.0
282.0
243.0
266.0
85.0
276.0
127.0
71.3
23.4
257.0
159.0
252.0
36.6
255.0
251.0
184.0
53.9
235.0
348.0
