9.3
81.7
52.0
262.0
187.0
261.0
113.0
185.0
77.5
124.0
52.6
133.0
129.0
240.0
80.0
154.0
69.3
111.0
17.7
101.0
77.0
155.0
232.0
73.1
170.0
79.0
54.3
42.0
102.0
190.0
83.7
83.1
85.4
208.0
105.0
40.7
58.2
87.5
79.9
107.0
21.5
101.0
20.1
140.0
16.0
144.0
41.9
216.0
65.9
47.3
39.0
80.8
30.5
222.0
121.0
105.0
93.3
46.3
271.0
221.0
225.0
178.0
117.0
254.0
110.0
19.7
209.0
74.3
229.0
233.0
264.0
79.7
72.8
40.0
193.0
89.6
49.4
113.0
49.8
91.7
129.0
107.0
20.2
15.7
133.0
178.0
113.0
194.0
29.3
108.0
264.0
169.0
98.1
46.5
75.0
60.5
80.1
117.0
238.0
53.7
70.2
73.3
52.8
133.0
88.3
186.0
103.0
223.0
104.0
177.0
215.0
255.0
192.0
105.0
93.8
204.0
17.1
90.2
169.0
280.0
0.0
5.8
150.0
98.5
98.5
210.0
96.4
228.0
223.0
15.8
240.0
16.4
125.0
139.0
64.8
180.0
87.7
91.6
139.0
99.0
27.3
209.0
86.9
22.8
36.5
112.0
263.0
87.2
237.0
120.0
244.0
111.0
185.0
68.6
201.0
67.0
91.4
186.0
92.7
167.0
115.0
56.8
65.7
49.4
93.5
59.6
65.5
62.6
85.3
12.9
68.8
67.0
82.4
53.3
48.7
65.2
55.2
86.8
106.0
85.2
30.6
225.0
73.0
86.5
104.0
58.0
96.2
32.7
247.0
151.0
186.0
251.0
199.0
276.0
60.6
125.0
57.2
46.9
274.0
77.3
144.0
244.0
166.0
98.2
99.4
53.9
56.9
252.0
84.0
73.9
134.0
68.1
202.0
92.7
102.0
183.0
42.4
9.2
41.9
99.2
137.0
162.0
107.0
223.0
118.0
154.0
123.0
76.6
181.0
8.7
116.0
241.0
154.0
147.0
255.0
238.0
67.6
28.6
20.7
132.0
149.0
25.3
18.2
31.5
62.0
50.1
48.8
254.0
46.8
6.7
109.0
235.0
92.3
158.0
203.0
134.0
79.5
105.0
234.0
57.2
56.7
250.0
16.8
96.5
46.6
265.0
204.0
58.7
104.0
97.3
177.0
54.5
45.4
180.0
198.0
80.1
136.0
199.0
125.0
181.0
119.0
245.0
56.1
24.4
81.7
130.0
71.2
221.0
112.0
59.1
61.3
35.6
139.0
77.6
98.3
220.0
76.7
118.0
134.0
104.0
243.0
95.1
104.0
62.5
146.0
49.2
60.2
167.0
51.9
145.0
170.0
237.0
51.0
66.0
126.0
56.5
128.0
175.0
84.8
115.0
20.2
149.0
107.0
182.0
249.0
108.0
88.8
191.0
99.9
209.0
125.0
60.8
75.7
45.5
19.7
215.0
10.7
165.0
214.0
303.0
65.9
147.0
53.5
249.0
48.9
58.3
110.0
226.0
57.8
84.6
