8.0
84.9
46.3
265.0
190.0
264.0
116.0
189.0
80.7
121.0
55.7
136.0
133.0
243.0
83.1
157.0
45.7
114.0
18.3
104.0
74.0
158.0
235.0
76.2
173.0
64.2
57.4
36.3
105.0
193.0
86.8
86.2
70.6
211.0
108.0
43.8
55.2
90.7
83.1
110.0
24.6
97.5
14.3
143.0
13.2
147.0
45.0
219.0
69.0
50.5
42.1
83.9
25.6
225.0
124.0
102.0
96.5
49.5
274.0
224.0
228.0
181.0
114.0
257.0
113.0
25.5
212.0
77.5
232.0
237.0
267.0
82.8
67.1
43.1
196.0
86.6
43.7
98.6
52.9
94.9
132.0
110.0
21.3
10.0
137.0
181.0
109.0
197.0
25.1
105.0
267.0
172.0
101.0
49.7
64.7
54.8
77.1
120.0
241.0
48.6
73.3
58.5
47.0
137.0
91.4
189.0
106.0
226.0
93.4
181.0
218.0
258.0
195.0
108.0
96.9
208.0
12.2
93.3
172.0
283.0
7.0
0.0
153.0
102.0
95.5
213.0
99.5
231.0
226.0
21.3
244.0
17.1
129.0
142.0
68.0
183.0
72.9
78.3
142.0
102.0
32.9
213.0
90.1
17.7
30.8
115.0
267.0
90.4
240.0
123.0
247.0
114.0
188.0
71.8
204.0
70.2
94.5
189.0
95.9
170.0
118.0
60.0
68.9
52.5
96.7
32.8
68.6
52.4
88.4
18.7
65.7
56.8
85.6
56.4
51.9
65.0
58.3
72.0
110.0
88.4
25.3
228.0
76.1
71.7
107.0
61.1
74.3
35.8
251.0
154.0
189.0
255.0
202.0
279.0
63.7
121.0
60.4
50.1
277.0
67.0
147.0
247.0
169.0
101.0
103.0
57.1
60.1
255.0
87.1
59.6
138.0
71.3
205.0
95.9
91.4
186.0
36.7
15.0
45.0
96.1
140.0
166.0
104.0
227.0
121.0
158.0
126.0
79.7
184.0
7.3
120.0
244.0
157.0
150.0
258.0
241.0
52.8
25.6
15.8
136.0
146.0
28.5
19.0
25.7
65.1
44.4
52.0
257.0
41.5
7.6
112.0
238.0
95.5
162.0
207.0
137.0
82.6
108.0
237.0
54.2
59.9
253.0
22.6
73.7
30.7
268.0
207.0
61.9
108.0
100.0
180.0
48.8
48.6
183.0
201.0
83.2
139.0
202.0
128.0
184.0
122.0
248.0
59.3
23.9
84.8
134.0
74.3
224.0
105.0
62.2
55.6
29.9
142.0
80.7
95.3
223.0
79.8
121.0
131.0
107.0
246.0
84.7
79.7
65.7
149.0
52.3
63.3
170.0
43.1
148.0
173.0
240.0
54.2
69.1
129.0
59.6
125.0
178.0
88.0
119.0
14.5
152.0
111.0
185.0
252.0
105.0
92.0
194.0
103.0
212.0
129.0
63.9
70.0
48.7
22.8
218.0
5.9
168.0
218.0
307.0
69.0
150.0
56.6
252.0
52.1
61.5
113.0
229.0
51.4
81.6
