142.0
89.5
160.0
109.0
60.9
135.0
149.0
42.6
119.0
250.0
115.0
50.3
62.4
85.0
82.0
31.3
110.0
45.7
132.0
76.8
216.0
15.0
106.0
104.0
28.0
91.4
115.0
144.0
58.4
61.7
153.0
109.0
81.2
82.3
64.0
116.0
185.0
88.7
132.0
53.7
130.0
239.0
145.0
31.2
138.0
22.7
110.0
88.4
118.0
111.0
124.0
99.2
158.0
93.9
38.5
238.0
99.1
122.0
111.0
95.0
71.4
52.6
244.0
126.0
51.0
153.0
81.0
97.6
74.0
80.2
108.0
149.0
155.0
115.0
65.2
228.0
130.0
68.9
100.0
108.0
51.1
94.8
165.0
153.0
24.2
47.7
246.0
68.4
130.0
229.0
138.0
41.3
168.0
122.0
155.0
132.0
207.0
57.9
110.0
120.0
83.8
94.7
155.0
37.7
133.0
58.4
172.0
69.7
53.2
38.4
89.2
129.0
63.9
83.3
137.0
46.1
155.0
160.0
40.9
154.0
149.0
151.0
0.0
77.1
232.0
56.9
132.0
99.7
95.3
143.0
101.0
132.0
32.5
40.1
97.7
49.9
81.2
77.3
26.4
67.1
152.0
83.8
148.0
168.0
144.0
58.9
138.0
123.0
111.0
36.2
118.0
60.3
51.8
108.0
73.3
103.0
82.5
60.5
105.0
41.1
67.8
147.0
135.0
138.0
163.0
114.0
155.0
179.0
68.6
159.0
202.0
162.0
93.1
105.0
120.0
91.3
135.0
78.0
142.0
122.0
149.0
99.5
132.0
89.6
50.8
101.0
76.2
128.0
120.0
32.6
58.0
126.0
73.3
151.0
136.0
258.0
91.7
104.0
148.0
154.0
10.2
118.0
32.6
159.0
154.0
102.0
107.0
124.0
120.0
104.0
17.5
130.0
51.2
57.6
62.0
54.8
118.0
151.0
117.0
220.0
15.3
33.8
246.0
97.8
52.2
26.8
27.8
146.0
40.0
159.0
90.2
94.2
16.6
26.6
130.0
84.6
105.0
167.0
161.0
35.1
288.0
131.0
130.0
127.0
132.0
120.0
124.0
128.0
162.0
145.0
178.0
107.0
144.0
40.6
77.8
25.3
149.0
153.0
108.0
188.0
143.0
96.5
159.0
113.0
122.0
139.0
75.7
94.6
71.8
49.9
43.4
135.0
120.0
43.5
72.4
77.4
41.9
73.6
26.5
55.7
44.4
119.0
131.0
127.0
73.3
36.5
79.9
60.1
56.1
149.0
126.0
130.0
31.2
109.0
225.0
94.0
137.0
72.9
273.0
116.0
117.0
67.1
70.4
132.0
38.2
119.0
103.0
11.5
165.0
20.1
46.2
111.0
105.0
85.5
54.9
94.9
262.0
40.6
154.0
40.7
143.0
18.0
143.0
56.0
123.0
235.0
64.3
64.8
92.2
64.9
39.8
103.0
150.0
113.0
136.0
62.2
145.0
37.2
61.3
132.0
127.0
46.3
121.0
96.0
124.0
125.0
40.5
82.9
105.0
218.0
