89.9
17.7
123.0
167.0
133.0
207.0
77.0
99.6
47.6
208.0
43.4
40.7
37.2
133.0
41.1
61.4
82.1
51.3
80.1
8.0
173.0
62.9
178.0
32.3
102.0
54.3
43.4
107.0
19.0
97.3
81.3
37.1
62.7
154.0
8.6
64.6
142.0
6.7
60.5
17.6
77.8
197.0
102.0
86.3
85.2
74.1
58.0
124.0
46.1
48.6
71.4
27.4
121.0
129.0
65.0
201.0
27.2
70.3
168.0
167.0
133.0
124.0
201.0
162.0
14.2
101.0
117.0
25.7
123.0
146.0
173.0
77.3
138.0
62.6
101.0
186.0
98.3
70.5
58.1
36.5
71.5
24.8
113.0
98.4
68.4
124.0
209.0
140.0
87.3
192.0
210.0
76.9
95.7
54.2
138.0
125.0
164.0
25.1
146.0
77.7
43.9
57.5
118.0
41.2
61.6
94.0
101.0
142.0
43.5
111.0
161.0
201.0
99.5
13.7
65.0
106.0
113.0
87.8
115.0
226.0
96.9
99.2
78.2
0.0
195.0
114.0
60.4
135.0
131.0
90.9
170.0
79.5
41.6
85.3
55.1
126.0
48.2
40.2
46.4
17.6
99.3
156.0
76.0
116.0
107.0
12.0
177.0
51.3
183.0
55.6
190.0
18.6
93.1
35.9
109.0
31.6
8.2
132.0
32.9
113.0
22.4
74.7
63.3
66.6
91.1
76.8
82.8
137.0
26.0
106.0
165.0
141.0
21.2
62.5
47.7
54.2
63.2
51.7
70.6
49.9
106.0
171.0
60.2
47.0
52.5
58.1
62.1
75.7
155.0
97.3
93.6
198.0
145.0
223.0
80.6
221.0
55.3
52.0
182.0
136.0
67.4
190.0
73.9
87.6
81.7
50.1
64.6
160.0
48.1
73.6
67.3
58.4
112.0
26.9
50.4
90.5
80.7
98.3
64.4
183.0
57.9
70.2
203.0
170.0
60.7
101.0
49.2
74.2
88.9
107.0
21.4
165.0
61.6
54.7
202.0
145.0
68.2
122.0
118.0
40.2
245.0
78.4
77.3
90.3
59.8
96.9
72.8
200.0
125.0
92.5
106.0
143.0
72.5
66.3
150.0
48.2
77.1
81.2
180.0
151.0
71.4
154.0
106.0
109.0
75.7
211.0
111.0
58.2
12.2
34.7
84.6
120.0
48.3
126.0
144.0
34.8
74.5
145.0
63.3
128.0
19.2
191.0
58.8
74.8
12.6
76.6
23.0
102.0
57.8
76.7
122.0
93.2
47.0
37.2
182.0
166.0
65.5
25.8
230.0
44.4
189.0
43.7
57.0
60.1
92.2
78.3
41.0
86.9
127.0
91.5
77.6
183.0
44.6
36.3
68.8
50.0
224.0
82.8
82.4
24.7
93.4
78.3
71.5
128.0
195.0
192.0
34.1
137.0
20.3
155.0
33.2
42.9
141.0
60.6
83.3
109.0
92.8
111.0
123.0
168.0
54.8
54.4
48.8
161.0
72.9
52.7
42.7
144.0
67.5
181.0
