109.0
176.0
94.1
346.0
271.0
345.0
208.0
270.0
172.0
122.0
147.0
228.0
224.0
324.0
166.0
248.0
127.0
195.0
125.0
195.0
25.8
233.0
316.0
168.0
254.0
146.0
149.0
118.0
183.0
284.0
178.0
178.0
152.0
292.0
186.0
135.0
56.2
182.0
175.0
188.0
116.0
11.2
105.0
224.0
120.0
228.0
136.0
311.0
160.0
142.0
134.0
175.0
83.7
316.0
205.0
9.6
188.0
141.0
355.0
305.0
309.0
262.0
115.0
349.0
191.0
111.0
303.0
169.0
313.0
318.0
348.0
174.0
105.0
135.0
311.0
17.7
125.0
180.0
144.0
186.0
213.0
202.0
86.7
101.0
218.0
262.0
23.6
278.0
119.0
106.0
348.0
264.0
193.0
141.0
97.4
117.0
59.5
212.0
333.0
130.0
165.0
140.0
102.0
228.0
183.0
281.0
198.0
307.0
175.0
262.0
299.0
339.0
286.0
199.0
188.0
289.0
91.1
185.0
253.0
364.0
99.9
96.6
238.0
197.0
0.0
294.0
191.0
322.0
318.0
113.0
325.0
121.0
207.0
223.0
158.0
264.0
154.0
160.0
226.0
180.0
125.0
294.0
182.0
79.0
96.4
193.0
348.0
182.0
321.0
204.0
328.0
205.0
280.0
163.0
296.0
162.0
186.0
270.0
187.0
251.0
209.0
151.0
160.0
144.0
188.0
125.0
160.0
85.0
176.0
89.9
44.6
89.4
177.0
148.0
143.0
147.0
150.0
154.0
201.0
180.0
95.5
309.0
168.0
153.0
188.0
147.0
156.0
127.0
342.0
235.0
280.0
336.0
283.0
360.0
155.0
71.2
152.0
142.0
358.0
99.7
230.0
328.0
261.0
193.0
194.0
149.0
140.0
353.0
179.0
141.0
219.0
163.0
286.0
178.0
173.0
277.0
118.0
100.0
136.0
97.2
225.0
257.0
18.1
308.0
202.0
239.0
212.0
171.0
267.0
91.7
211.0
325.0
248.0
242.0
339.0
322.0
134.0
74.0
88.7
212.0
60.2
120.0
123.0
108.0
157.0
121.0
143.0
338.0
88.2
107.0
203.0
330.0
187.0
253.0
288.0
216.0
174.0
199.0
318.0
44.2
151.0
334.0
106.0
136.0
138.0
349.0
298.0
153.0
199.0
183.0
271.0
126.0
140.0
264.0
282.0
173.0
220.0
283.0
209.0
266.0
200.0
329.0
151.0
126.0
192.0
215.0
166.0
305.0
187.0
154.0
124.0
107.0
234.0
172.0
96.3
304.0
171.0
212.0
45.0
199.0
327.0
166.0
161.0
157.0
230.0
144.0
155.0
251.0
66.9
229.0
264.0
321.0
146.0
161.0
210.0
151.0
39.3
270.0
179.0
197.0
113.0
233.0
202.0
266.0
333.0
106.0
174.0
275.0
195.0
293.0
220.0
155.0
124.0
140.0
114.0
299.0
102.0
249.0
299.0
388.0
160.0
241.0
148.0
333.0
144.0
153.0
194.0
310.0
133.0
19.2
