203.0
126.0
221.0
65.4
46.3
113.0
186.0
18.5
156.0
306.0
177.0
86.9
99.0
33.9
143.0
56.5
180.0
106.0
194.0
113.0
272.0
69.0
58.7
141.0
30.5
153.0
177.0
205.0
139.0
37.9
211.0
146.0
144.0
60.7
114.0
177.0
241.0
125.0
169.0
135.0
191.0
295.0
201.0
73.7
199.0
61.2
171.0
46.9
180.0
172.0
185.0
136.0
220.0
52.4
97.9
299.0
136.0
183.0
66.9
45.1
27.7
38.4
299.0
84.9
115.0
215.0
39.6
134.0
22.9
36.6
64.1
207.0
218.0
176.0
20.7
284.0
197.0
130.0
161.0
145.0
111.0
131.0
227.0
209.0
66.4
50.3
307.0
20.8
186.0
290.0
117.0
37.4
225.0
183.0
218.0
195.0
262.0
94.5
68.7
176.0
145.0
156.0
216.0
75.0
170.0
39.0
230.0
26.0
120.0
25.6
67.6
108.0
26.8
120.0
174.0
11.9
211.0
217.0
59.3
90.1
210.0
213.0
56.1
114.0
293.0
0.0
169.0
58.3
53.8
204.0
57.7
193.0
98.4
82.4
153.0
27.1
137.0
139.0
79.3
142.0
213.0
33.8
222.0
229.0
206.0
109.0
73.8
160.0
89.8
115.0
96.8
97.0
20.3
172.0
39.7
140.0
119.0
45.9
141.0
49.6
104.0
193.0
193.0
186.0
220.0
175.0
202.0
235.0
142.0
220.0
263.0
225.0
130.0
161.0
185.0
153.0
193.0
141.0
179.0
158.0
205.0
49.9
169.0
145.0
114.0
156.0
139.0
189.0
78.2
68.1
21.5
104.0
42.7
129.0
197.0
319.0
153.0
165.0
86.0
217.0
61.9
96.6
39.5
196.0
190.0
164.0
163.0
72.1
157.0
168.0
63.4
195.0
9.2
132.0
125.0
45.6
179.0
212.0
178.0
282.0
70.5
45.5
301.0
76.2
113.0
61.3
117.0
203.0
29.3
220.0
127.0
50.6
57.3
63.5
71.7
41.0
167.0
228.0
217.0
95.0
344.0
192.0
191.0
189.0
189.0
183.0
185.0
107.0
223.0
206.0
236.0
65.8
181.0
70.1
56.2
93.3
206.0
190.0
86.3
250.0
193.0
52.9
220.0
176.0
184.0
118.0
34.3
156.0
108.0
124.0
29.7
198.0
173.0
23.4
27.4
138.0
93.4
51.9
105.0
40.3
110.0
97.2
188.0
188.0
154.0
87.9
152.0
12.0
119.0
196.0
189.0
192.0
68.6
146.0
281.0
72.4
212.0
110.0
328.0
153.0
95.6
130.0
133.0
189.0
76.9
180.0
164.0
45.7
226.0
74.0
57.5
66.2
166.0
155.0
121.0
156.0
323.0
35.3
212.0
127.0
204.0
56.5
180.0
37.7
101.0
290.0
127.0
43.2
129.0
21.3
82.3
164.0
213.0
174.0
197.0
9.8
206.0
57.8
17.6
82.4
163.0
80.2
182.0
52.4
186.0
182.0
114.0
39.2
166.0
279.0
