92.4
60.8
146.0
221.0
185.0
259.0
18.4
154.0
15.4
217.0
54.9
95.2
81.6
187.0
93.4
116.0
122.0
104.0
88.6
58.4
170.0
117.0
231.0
50.6
157.0
107.0
67.3
135.0
71.3
152.0
33.1
42.8
115.0
207.0
65.3
58.9
152.0
59.5
17.4
76.4
78.4
194.0
110.0
139.0
108.0
126.0
64.5
178.0
47.9
57.2
90.4
46.3
136.0
184.0
117.0
198.0
37.8
52.8
223.0
219.0
187.0
177.0
210.0
216.0
72.5
102.0
171.0
54.4
177.0
201.0
227.0
32.0
154.0
85.9
155.0
183.0
131.0
123.0
81.3
27.7
124.0
51.2
114.0
100.0
121.0
176.0
206.0
193.0
115.0
201.0
263.0
131.0
34.3
56.1
155.0
142.0
174.0
79.6
200.0
106.0
82.6
110.0
134.0
95.6
10.3
148.0
66.8
196.0
95.9
176.0
213.0
253.0
154.0
58.9
4.7
161.0
119.0
30.8
167.0
279.0
97.5
99.7
133.0
60.8
192.0
169.0
0.0
190.0
185.0
91.4
225.0
86.7
96.1
138.0
107.0
178.0
101.0
92.5
101.0
69.9
99.9
208.0
25.7
116.0
136.0
72.3
231.0
14.9
236.0
108.0
243.0
73.1
148.0
54.9
163.0
62.1
51.1
185.0
36.4
165.0
76.9
44.3
42.2
52.5
57.3
112.0
49.0
166.0
78.4
107.0
162.0
158.0
64.3
91.6
50.7
107.0
49.1
104.0
12.0
14.7
124.0
224.0
25.9
99.3
105.0
96.3
114.0
73.2
210.0
150.0
148.0
250.0
197.0
275.0
52.5
218.0
84.8
75.2
237.0
152.0
122.0
242.0
128.0
23.0
23.1
73.3
109.0
214.0
11.2
126.0
124.0
25.9
167.0
79.3
103.0
145.0
121.0
98.8
87.7
193.0
112.0
125.0
200.0
222.0
113.0
153.0
107.0
40.4
143.0
107.0
60.7
219.0
116.0
109.0
254.0
199.0
121.0
122.0
125.0
94.7
243.0
73.5
85.1
113.0
40.6
133.0
50.6
253.0
154.0
93.0
72.5
197.0
21.4
121.0
202.0
103.0
43.3
22.6
232.0
151.0
43.5
209.0
107.0
149.0
98.9
264.0
166.0
87.7
66.7
87.1
139.0
136.0
55.5
179.0
197.0
87.2
127.0
198.0
116.0
180.0
81.6
243.0
44.7
91.2
63.7
129.0
71.0
157.0
110.0
46.3
142.0
130.0
101.0
29.2
192.0
218.0
21.5
71.7
227.0
48.5
242.0
96.1
109.0
46.5
145.0
101.0
64.2
141.0
145.0
144.0
132.0
236.0
68.6
71.3
121.0
73.3
222.0
137.0
28.8
91.6
105.0
131.0
10.2
180.0
247.0
202.0
86.5
189.0
43.7
208.0
87.6
66.1
157.0
83.9
83.8
164.0
95.8
164.0
177.0
222.0
35.6
109.0
46.9
215.0
66.3
46.0
95.1
225.0
120.0
178.0
