220.0
148.0
275.0
31.4
99.7
76.2
207.0
65.3
177.0
360.0
173.0
108.0
120.0
23.3
197.0
77.8
234.0
160.0
210.0
135.0
325.0
96.1
55.1
162.0
84.3
206.0
173.0
259.0
144.0
46.1
211.0
167.0
198.0
63.9
136.0
194.0
294.0
147.0
190.0
140.0
208.0
349.0
254.0
127.0
215.0
115.0
188.0
14.2
176.0
178.0
201.0
157.0
273.0
5.9
151.0
353.0
157.0
200.0
33.2
52.9
32.7
91.9
353.0
33.4
137.0
231.0
25.6
156.0
33.0
21.8
37.5
207.0
271.0
192.0
40.5
338.0
250.0
183.0
188.0
166.0
164.0
153.0
243.0
228.0
120.0
104.0
360.0
54.9
239.0
344.0
87.8
58.7
226.0
184.0
272.0
248.0
316.0
116.0
17.1
229.0
198.0
209.0
270.0
96.3
191.0
47.2
230.0
29.2
174.0
79.4
77.6
78.8
35.0
141.0
195.0
65.7
264.0
218.0
113.0
55.9
227.0
229.0
99.2
135.0
346.0
58.2
190.0
0.0
18.7
221.0
40.6
209.0
120.0
136.0
207.0
80.6
191.0
192.0
101.0
143.0
229.0
51.1
206.0
246.0
259.0
131.0
41.6
181.0
63.6
127.0
57.1
118.0
58.5
166.0
37.4
161.0
140.0
99.4
163.0
103.0
126.0
205.0
193.0
196.0
221.0
229.0
213.0
288.0
151.0
236.0
317.0
279.0
151.0
214.0
178.0
206.0
193.0
195.0
200.0
180.0
258.0
43.6
190.0
199.0
167.0
210.0
193.0
206.0
26.6
122.0
46.8
80.3
56.5
100.0
210.0
372.0
206.0
182.0
51.9
270.0
109.0
92.5
76.5
217.0
212.0
180.0
216.0
31.0
178.0
221.0
115.0
188.0
63.5
165.0
179.0
53.8
233.0
228.0
194.0
335.0
107.0
66.8
355.0
74.0
166.0
115.0
118.0
204.0
73.2
236.0
148.0
31.1
84.4
84.8
45.0
14.3
220.0
251.0
270.0
116.0
397.0
208.0
207.0
242.0
190.0
236.0
203.0
60.9
277.0
222.0
236.0
15.1
202.0
88.3
57.0
115.0
207.0
211.0
89.4
303.0
201.0
18.8
236.0
230.0
206.0
89.0
24.5
209.0
130.0
158.0
67.8
252.0
178.0
77.2
57.3
160.0
147.0
77.2
125.0
93.8
131.0
68.4
189.0
205.0
150.0
141.0
158.0
50.1
173.0
207.0
243.0
245.0
90.0
167.0
334.0
88.8
195.0
131.0
382.0
174.0
71.7
183.0
187.0
190.0
130.0
208.0
171.0
99.5
279.0
128.0
65.8
50.6
174.0
166.0
174.0
180.0
376.0
60.7
212.0
128.0
223.0
110.0
201.0
91.2
62.9
344.0
181.0
68.0
150.0
48.0
104.0
173.0
266.0
190.0
213.0
49.9
223.0
111.0
37.6
39.4
185.0
102.0
179.0
27.8
203.0
183.0
168.0
32.9
219.0
333.0
