215.0
143.0
270.0
49.7
95.1
94.5
202.0
60.7
173.0
355.0
169.0
104.0
116.0
26.9
192.0
73.2
229.0
155.0
205.0
130.0
320.0
91.5
73.4
158.0
79.7
202.0
169.0
254.0
140.0
41.5
206.0
162.0
193.0
80.0
131.0
190.0
290.0
142.0
186.0
135.0
203.0
344.0
250.0
123.0
210.0
110.0
183.0
18.0
171.0
174.0
197.0
153.0
268.0
12.6
147.0
348.0
152.0
196.0
51.5
78.5
43.0
87.3
348.0
45.1
132.0
226.0
13.1
151.0
28.4
40.2
55.8
203.0
267.0
188.0
35.9
333.0
246.0
179.0
183.0
162.0
159.0
148.0
238.0
224.0
116.0
99.2
356.0
69.7
234.0
339.0
106.0
54.1
221.0
179.0
267.0
244.0
311.0
111.0
28.8
225.0
194.0
205.0
265.0
91.7
187.0
42.6
226.0
35.5
169.0
74.8
93.7
97.1
30.4
137.0
190.0
61.1
260.0
213.0
108.0
74.3
222.0
224.0
94.6
130.0
342.0
53.6
186.0
18.4
0.0
216.0
59.0
205.0
115.0
131.0
202.0
76.0
186.0
187.0
96.0
138.0
225.0
67.2
201.0
241.0
254.0
126.0
60.0
177.0
81.9
122.0
75.5
114.0
53.9
161.0
25.0
157.0
136.0
94.8
158.0
98.5
121.0
200.0
189.0
192.0
216.0
224.0
208.0
284.0
147.0
232.0
312.0
274.0
146.0
210.0
173.0
201.0
188.0
190.0
196.0
175.0
254.0
62.0
185.0
194.0
163.0
205.0
188.0
201.0
26.2
117.0
42.2
98.6
72.7
119.0
206.0
368.0
202.0
177.0
65.5
266.0
105.0
111.0
71.9
213.0
207.0
175.0
212.0
42.7
173.0
216.0
110.0
184.0
58.9
161.0
174.0
49.2
228.0
224.0
190.0
330.0
102.0
62.2
350.0
92.3
162.0
110.0
114.0
199.0
68.6
232.0
144.0
49.4
79.8
80.2
63.4
32.6
215.0
247.0
266.0
112.0
393.0
204.0
203.0
237.0
185.0
232.0
198.0
79.3
272.0
218.0
232.0
12.6
198.0
83.8
73.2
110.0
202.0
206.0
108.0
298.0
197.0
37.1
232.0
225.0
201.0
107.0
19.9
205.0
125.0
153.0
63.2
247.0
174.0
72.6
76.3
156.0
142.0
101.0
120.0
89.2
127.0
86.7
184.0
200.0
146.0
137.0
153.0
45.5
168.0
202.0
238.0
240.0
85.4
162.0
329.0
121.0
191.0
126.0
377.0
170.0
90.1
179.0
182.0
185.0
126.0
203.0
166.0
94.9
275.0
123.0
61.2
69.0
170.0
162.0
170.0
175.0
372.0
56.1
208.0
123.0
219.0
106.0
197.0
86.6
81.3
339.0
176.0
92.1
146.0
56.8
99.0
168.0
262.0
186.0
209.0
45.3
218.0
107.0
44.0
51.1
180.0
97.0
174.0
46.2
198.0
178.0
163.0
53.0
215.0
328.0
