18.4
78.4
85.6
259.0
183.0
257.0
110.0
182.0
74.2
139.0
49.2
130.0
126.0
236.0
76.6
150.0
66.0
108.0
20.6
97.2
92.0
152.0
229.0
69.7
166.0
75.7
50.9
68.3
98.5
186.0
80.3
79.7
82.1
205.0
101.0
37.3
73.2
84.2
76.6
104.0
12.7
116.0
31.5
137.0
25.1
141.0
38.5
213.0
62.5
44.0
35.6
77.4
57.0
218.0
118.0
120.0
90.0
43.0
267.0
217.0
221.0
175.0
132.0
251.0
106.0
7.7
206.0
71.0
225.0
230.0
260.0
76.4
107.0
36.6
190.0
105.0
75.8
110.0
46.4
88.4
125.0
104.0
35.1
26.5
130.0
174.0
127.0
191.0
56.8
123.0
261.0
166.0
94.8
43.2
90.0
94.6
95.1
114.0
235.0
50.4
66.9
70.0
79.1
130.0
84.9
183.0
99.6
219.0
101.0
174.0
211.0
252.0
188.0
101.0
90.4
201.0
31.8
86.8
165.0
277.0
15.6
20.3
147.0
95.1
113.0
206.0
93.0
224.0
220.0
0.0
237.0
17.2
122.0
136.0
61.5
176.0
84.3
88.2
135.0
95.7
11.6
206.0
83.6
37.7
70.1
108.0
260.0
83.9
234.0
116.0
241.0
107.0
182.0
65.3
198.0
63.7
88.0
183.0
89.4
163.0
111.0
53.5
62.4
46.0
90.2
56.2
62.1
77.6
81.9
26.3
83.7
82.0
79.1
49.9
45.4
61.8
51.8
83.4
103.0
81.9
60.6
222.0
69.7
83.2
101.0
54.6
92.8
29.3
244.0
148.0
182.0
248.0
196.0
273.0
57.2
140.0
53.9
43.6
270.0
97.2
141.0
240.0
163.0
94.8
96.0
50.6
53.6
248.0
80.7
70.5
131.0
64.8
198.0
89.4
98.5
179.0
65.0
14.9
38.5
114.0
134.0
159.0
122.0
220.0
114.0
151.0
119.0
73.2
178.0
23.8
113.0
237.0
150.0
144.0
252.0
234.0
64.3
43.6
46.8
129.0
164.0
10.1
19.1
66.2
58.6
78.2
45.5
251.0
76.8
14.2
105.0
232.0
89.0
155.0
200.0
131.0
76.1
101.0
230.0
72.2
53.4
246.0
16.1
93.2
43.3
262.0
200.0
55.4
101.0
94.0
173.0
80.9
42.1
177.0
195.0
76.7
133.0
196.0
121.0
178.0
116.0
241.0
52.8
36.4
78.3
127.0
67.8
217.0
109.0
55.7
87.6
71.5
136.0
74.2
113.0
216.0
73.3
114.0
149.0
101.0
240.0
91.8
100.0
59.2
143.0
45.8
56.8
163.0
66.8
142.0
166.0
234.0
47.7
62.6
122.0
53.1
143.0
172.0
81.5
112.0
50.4
145.0
104.0
178.0
245.0
123.0
85.5
187.0
96.6
206.0
122.0
57.4
102.0
42.2
5.9
212.0
21.8
162.0
211.0
300.0
62.5
143.0
50.1
246.0
45.6
55.0
107.0
223.0
54.5
99.6
