233.0
182.0
251.0
29.2
68.0
48.1
255.0
62.8
226.0
336.0
207.0
143.0
155.0
40.4
173.0
113.0
210.0
136.0
224.0
170.0
302.0
118.0
14.6
207.0
74.8
183.0
207.0
235.0
169.0
81.0
241.0
217.0
174.0
39.6
178.0
207.0
271.0
186.0
245.0
165.0
221.0
325.0
231.0
104.0
229.0
114.0
201.0
46.4
210.0
202.0
215.0
206.0
250.0
46.4
128.0
329.0
206.0
213.0
21.0
24.5
30.1
67.9
329.0
41.6
169.0
245.0
61.7
208.0
51.2
25.2
6.5
237.0
248.0
206.0
66.5
314.0
227.0
160.0
191.0
215.0
141.0
188.0
257.0
239.0
133.0
79.9
337.0
57.2
216.0
320.0
53.7
93.5
255.0
213.0
248.0
225.0
292.0
151.0
41.2
206.0
175.0
186.0
246.0
131.0
240.0
82.0
260.0
35.6
150.0
69.9
53.6
44.6
69.8
176.0
243.0
56.2
241.0
247.0
88.8
31.9
240.0
243.0
100.0
170.0
323.0
57.8
239.0
40.6
59.2
234.0
0.0
223.0
157.0
112.0
183.0
60.6
167.0
169.0
135.0
172.0
243.0
34.7
252.0
259.0
236.0
180.0
15.6
230.0
29.5
145.0
23.0
153.0
69.0
202.0
73.5
201.0
175.0
75.4
211.0
79.6
161.0
223.0
223.0
216.0
250.0
205.0
232.0
265.0
172.0
250.0
293.0
255.0
189.0
191.0
215.0
183.0
223.0
171.0
249.0
228.0
235.0
15.3
230.0
175.0
144.0
186.0
169.0
219.0
44.8
98.1
70.1
44.5
41.7
66.1
227.0
349.0
183.0
195.0
27.8
247.0
106.0
58.4
88.6
264.0
260.0
194.0
193.0
39.2
226.0
198.0
116.0
225.0
52.7
162.0
155.0
88.6
209.0
242.0
208.0
312.0
115.0
102.0
331.0
33.5
143.0
91.3
147.0
233.0
73.6
250.0
183.0
7.2
106.0
120.0
11.9
33.9
197.0
258.0
247.0
151.0
374.0
222.0
221.0
219.0
219.0
213.0
215.0
27.9
253.0
236.0
266.0
53.3
258.0
123.0
41.0
125.0
236.0
260.0
48.9
280.0
223.0
21.8
250.0
206.0
214.0
54.8
59.3
186.0
165.0
154.0
78.3
228.0
203.0
67.7
55.7
168.0
123.0
61.1
135.0
69.9
167.0
34.3
218.0
218.0
184.0
118.0
182.0
60.7
149.0
226.0
219.0
222.0
125.0
216.0
311.0
48.3
242.0
166.0
358.0
223.0
37.3
160.0
163.0
219.0
107.0
210.0
194.0
90.0
256.0
104.0
101.0
10.1
196.0
185.0
151.0
186.0
353.0
84.0
242.0
157.0
234.0
109.0
250.0
64.6
30.0
320.0
157.0
54.0
199.0
48.6
138.0
194.0
243.0
204.0
227.0
53.9
236.0
87.8
40.2
42.0
217.0
136.0
212.0
14.9
216.0
212.0
144.0
21.6
196.0
309.0
