9.7
67.6
63.9
248.0
172.0
247.0
101.0
171.0
65.7
143.0
40.8
119.0
115.0
226.0
65.9
139.0
55.2
96.9
4.0
86.4
94.9
141.0
218.0
58.9
155.0
64.9
59.2
40.9
87.7
175.0
71.9
69.0
71.3
194.0
90.6
28.9
77.6
73.4
68.1
92.8
7.9
118.0
21.0
126.0
8.8
130.0
30.1
202.0
62.4
35.5
15.3
66.7
56.5
208.0
107.0
123.0
79.2
34.6
257.0
207.0
210.0
164.0
136.0
240.0
95.4
25.3
195.0
60.2
215.0
219.0
249.0
67.9
71.7
25.9
179.0
107.0
48.4
98.8
35.6
82.2
114.0
92.9
38.0
14.9
119.0
164.0
130.0
180.0
21.6
127.0
250.0
155.0
86.4
34.8
72.4
59.4
99.4
103.0
224.0
39.6
56.1
59.2
51.7
119.0
76.5
172.0
91.2
209.0
89.9
163.0
201.0
241.0
178.0
90.7
82.0
190.0
25.0
78.4
154.0
266.0
16.4
17.2
136.0
84.3
116.0
196.0
84.6
213.0
209.0
17.2
226.0
0.0
111.0
125.0
50.7
166.0
73.5
77.5
125.0
84.9
28.8
195.0
75.1
40.6
42.4
97.6
249.0
75.4
223.0
106.0
230.0
96.7
171.0
54.5
187.0
52.9
77.3
172.0
78.6
153.0
100.0
45.1
54.0
37.6
81.7
29.3
53.7
71.9
71.1
31.3
86.6
76.3
68.3
39.1
36.9
51.1
43.4
72.7
94.7
73.5
41.8
211.0
61.2
72.4
89.8
43.8
82.1
14.8
233.0
137.0
172.0
237.0
185.0
262.0
48.8
142.0
43.1
32.8
259.0
69.8
130.0
230.0
152.0
86.4
87.6
39.8
42.8
238.0
72.2
59.7
120.0
56.3
187.0
78.6
87.7
169.0
41.3
21.9
27.7
118.0
123.0
148.0
125.0
209.0
104.0
140.0
108.0
64.8
167.0
23.4
102.0
226.0
140.0
133.0
241.0
224.0
53.5
46.5
31.1
118.0
167.0
14.4
4.8
31.1
50.2
50.8
37.0
240.0
60.4
10.7
96.9
221.0
80.5
144.0
189.0
120.0
67.7
92.9
219.0
75.1
44.9
236.0
30.0
78.3
17.4
251.0
189.0
44.6
90.2
83.2
163.0
53.5
33.6
166.0
184.0
66.0
122.0
185.0
111.0
167.0
105.0
230.0
44.3
10.8
67.6
116.0
57.1
207.0
98.2
47.3
60.2
36.3
125.0
65.8
118.0
206.0
64.9
103.0
152.0
90.1
229.0
81.0
89.5
50.7
132.0
35.1
46.1
153.0
62.7
131.0
156.0
223.0
39.3
51.8
112.0
42.4
146.0
161.0
73.0
101.0
23.0
135.0
95.6
168.0
234.0
127.0
74.7
176.0
85.8
195.0
111.0
46.7
74.6
31.4
13.4
201.0
12.9
151.0
200.0
289.0
54.1
132.0
41.7
235.0
37.1
46.6
95.8
212.0
43.7
102.0
