116.0
52.6
133.0
151.0
104.0
178.0
112.0
71.8
82.5
218.0
78.4
35.4
47.7
117.0
51.3
45.8
82.8
22.5
106.0
39.9
183.0
26.3
150.0
67.3
57.2
64.5
78.4
117.0
31.8
81.8
116.0
72.0
54.1
125.0
33.8
89.9
153.0
49.1
95.4
21.0
104.0
207.0
113.0
45.4
111.0
31.2
84.1
108.0
81.0
84.9
97.5
62.3
132.0
114.0
33.1
211.0
62.2
95.5
153.0
138.0
101.0
95.6
211.0
146.0
18.6
127.0
101.0
60.7
107.0
109.0
181.0
112.0
128.0
88.7
85.3
196.0
109.0
41.7
74.1
71.5
42.6
57.9
139.0
121.0
25.5
95.0
219.0
111.0
97.5
202.0
181.0
61.4
131.0
95.7
128.0
105.0
174.0
35.6
130.0
87.9
54.1
67.8
128.0
31.8
96.6
78.4
136.0
98.9
30.2
67.6
132.0
172.0
83.9
46.4
100.0
75.3
123.0
123.0
85.9
198.0
123.0
125.0
31.8
40.2
205.0
98.6
95.4
120.0
115.0
117.0
158.0
106.0
0.0
48.6
65.4
97.0
54.0
50.4
19.1
34.7
125.0
127.0
111.0
142.0
117.0
28.7
181.0
86.3
154.0
15.5
161.0
29.1
74.9
70.9
93.4
66.5
45.6
104.0
67.9
84.1
35.1
110.0
98.3
102.0
126.0
87.0
118.0
147.0
36.3
133.0
175.0
135.0
56.2
72.8
82.7
64.4
98.2
50.9
106.0
84.9
117.0
143.0
95.2
57.2
23.7
68.4
49.0
102.0
140.0
60.5
78.0
169.0
116.0
194.0
110.0
231.0
65.6
78.1
191.0
127.0
28.1
161.0
55.8
123.0
117.0
76.2
74.8
144.0
83.0
77.3
28.0
93.4
80.4
25.2
34.9
74.9
91.0
124.0
90.5
193.0
18.5
54.7
213.0
141.0
31.9
71.8
7.9
109.0
70.7
133.0
53.3
158.0
38.1
37.5
173.0
129.0
78.4
140.0
129.0
12.5
256.0
105.0
103.0
101.0
94.8
92.6
98.1
172.0
135.0
119.0
141.0
127.0
107.0
50.2
121.0
8.8
112.0
116.0
151.0
162.0
106.0
138.0
132.0
85.9
95.4
182.0
95.8
68.5
34.9
17.6
66.5
108.0
83.3
72.7
115.0
45.1
40.0
117.0
19.0
98.7
14.1
162.0
93.8
101.0
47.0
39.0
47.6
86.7
29.0
112.0
99.1
103.0
29.8
72.2
193.0
137.0
100.0
44.3
240.0
79.4
160.0
40.0
43.2
95.1
55.4
92.1
76.5
40.7
138.0
40.2
62.0
155.0
78.4
53.2
39.9
68.7
235.0
67.2
117.0
8.1
116.0
34.8
106.0
99.0
166.0
202.0
31.9
108.0
55.3
126.0
25.2
58.0
122.0
86.8
109.0
93.5
119.0
82.5
90.5
152.0
89.8
46.6
83.8
125.0
98.2
87.6
12.7
143.0
77.7
191.0
