56.2
64.6
85.3
206.0
130.0
204.0
123.0
129.0
75.1
170.0
47.3
86.2
82.7
183.0
9.1
107.0
44.7
54.8
46.5
68.2
136.0
92.6
176.0
47.1
113.0
14.8
47.3
69.6
42.8
143.0
80.9
57.1
23.2
152.0
45.6
47.6
105.0
54.1
85.7
47.8
44.2
159.0
64.9
83.8
51.6
87.9
32.7
196.0
50.5
42.7
32.0
54.8
83.8
202.0
64.6
164.0
73.7
53.2
214.0
164.0
168.0
122.0
164.0
234.0
50.5
67.6
189.0
34.4
172.0
177.0
207.0
76.9
100.0
27.2
170.0
148.0
60.9
33.2
16.0
83.0
72.2
79.7
79.5
73.0
77.1
121.0
171.0
138.0
49.9
154.0
208.0
122.0
95.4
53.4
101.0
88.1
127.0
70.6
218.0
23.5
9.8
14.4
80.4
86.7
94.1
140.0
100.0
167.0
28.4
121.0
159.0
199.0
145.0
72.1
112.0
148.0
75.2
87.4
112.0
224.0
63.3
65.5
98.0
56.1
157.0
153.0
107.0
208.0
203.0
57.3
184.0
45.8
66.4
82.8
0.0
123.0
13.5
10.2
85.3
39.9
65.7
153.0
92.8
82.1
69.7
52.6
207.0
97.7
181.0
63.4
188.0
62.7
139.0
42.6
154.0
31.4
59.1
130.0
79.4
110.0
68.5
63.8
63.0
56.3
90.8
39.4
72.5
99.2
22.6
72.8
127.0
104.0
29.9
11.9
55.6
7.8
62.9
16.1
117.0
96.4
69.1
169.0
70.2
11.3
47.6
8.1
26.4
42.1
228.0
94.8
139.0
195.0
143.0
220.0
67.5
183.0
11.8
21.1
217.0
98.5
89.4
188.0
119.0
104.0
105.0
26.7
13.9
213.0
94.5
36.2
78.1
65.4
145.0
37.4
26.4
136.0
43.3
64.7
23.6
146.0
84.7
116.0
166.0
167.0
61.5
98.1
71.4
73.8
127.0
73.0
79.6
184.0
107.0
100.0
199.0
181.0
30.8
92.0
81.1
71.0
208.0
44.8
43.7
52.9
59.2
59.5
55.8
198.0
87.7
58.9
106.0
215.0
98.2
112.0
147.0
75.1
76.7
110.0
177.0
114.0
63.6
193.0
72.8
71.9
26.4
209.0
184.0
7.0
72.1
42.1
130.0
82.1
43.8
124.0
142.0
17.4
79.6
143.0
68.5
125.0
59.8
188.0
58.5
32.9
52.0
74.1
23.1
164.0
34.9
66.0
85.0
55.8
92.5
83.7
145.0
163.0
82.5
84.9
193.0
90.9
187.0
19.7
23.5
59.8
89.7
18.6
34.2
110.0
90.0
89.0
123.0
181.0
36.1
22.2
69.5
16.7
187.0
128.0
82.1
56.3
68.0
92.3
118.0
125.0
192.0
155.0
20.9
134.0
66.8
153.0
78.7
25.5
103.0
19.9
49.6
159.0
59.2
109.0
158.0
247.0
57.6
99.9
52.7
193.0
55.9
52.3
53.6
170.0
21.0
143.0
