131.0
94.0
149.0
134.0
58.4
132.0
153.0
54.1
123.0
234.0
104.0
100.0
96.8
112.0
70.7
71.8
108.0
33.8
121.0
89.0
199.0
44.9
104.0
104.0
38.3
80.2
104.0
133.0
66.2
116.0
138.0
114.0
71.8
79.8
75.1
105.0
168.0
83.5
143.0
63.0
119.0
223.0
128.0
8.7
126.0
19.3
99.0
125.0
108.0
99.9
112.0
103.0
147.0
130.0
20.4
227.0
103.0
110.0
143.0
92.5
96.3
50.1
227.0
163.0
66.6
142.0
117.0
106.0
101.0
105.0
135.0
134.0
145.0
104.0
98.3
212.0
124.0
57.5
89.0
112.0
26.3
109.0
154.0
136.0
23.8
39.1
235.0
65.9
113.0
218.0
136.0
81.1
153.0
111.0
146.0
122.0
190.0
84.7
146.0
104.0
72.5
83.5
144.0
68.3
138.0
117.0
157.0
94.6
47.8
49.2
86.7
127.0
104.0
95.5
141.0
76.2
138.0
145.0
30.7
152.0
138.0
140.0
39.9
85.5
221.0
81.5
136.0
136.0
131.0
132.0
112.0
120.0
47.9
0.0
81.0
51.5
64.8
66.1
55.5
69.1
140.0
81.3
150.0
157.0
133.0
77.8
135.0
127.0
109.0
35.2
116.0
78.3
62.3
99.8
117.0
98.2
88.5
58.0
109.0
38.5
84.2
121.0
120.0
113.0
148.0
103.0
130.0
163.0
69.3
147.0
191.0
153.0
86.3
88.4
113.0
80.1
120.0
68.6
146.0
126.0
132.0
97.0
127.0
72.9
41.4
84.0
66.8
117.0
156.0
19.7
73.4
123.0
70.7
148.0
125.0
247.0
80.5
93.0
145.0
145.0
32.9
116.0
66.6
161.0
158.0
91.1
90.5
141.0
124.0
95.1
25.8
123.0
73.4
59.6
52.6
123.0
107.0
139.0
105.0
209.0
37.6
73.6
229.0
95.3
40.5
21.6
39.9
131.0
51.5
148.0
102.0
112.0
57.0
64.9
127.0
110.0
94.1
155.0
144.0
69.3
271.0
119.0
118.0
116.0
116.0
110.0
113.0
126.0
151.0
134.0
163.0
143.0
155.0
81.1
75.3
45.3
134.0
157.0
105.0
177.0
121.0
121.0
147.0
104.0
111.0
137.0
112.0
83.4
84.0
52.0
60.7
126.0
101.0
51.9
69.8
65.9
15.2
71.0
27.4
53.2
64.5
116.0
116.0
116.0
81.4
10.1
79.8
92.5
46.7
123.0
117.0
119.0
60.8
113.0
208.0
91.5
140.0
93.5
256.0
120.0
115.0
57.2
61.0
117.0
7.9
108.0
91.4
28.5
153.0
20.3
86.1
109.0
93.3
82.2
31.4
83.7
250.0
74.2
139.0
55.0
131.0
23.7
147.0
53.5
120.0
218.0
54.7
62.3
96.2
80.8
78.9
92.0
140.0
102.0
124.0
86.8
134.0
30.6
86.3
175.0
115.0
77.7
110.0
121.0
113.0
110.0
42.0
97.9
93.4
207.0
