172.0
135.0
190.0
78.5
19.6
91.5
194.0
23.2
164.0
275.0
145.0
93.8
106.0
55.9
112.0
62.5
149.0
74.8
162.0
130.0
240.0
62.3
54.1
145.0
21.3
121.0
145.0
174.0
107.0
59.9
179.0
155.0
113.0
38.8
116.0
146.0
209.0
124.0
184.0
104.0
160.0
264.0
169.0
42.2
167.0
52.4
140.0
68.9
149.0
141.0
153.0
144.0
188.0
74.4
66.4
268.0
144.0
151.0
79.9
40.6
40.7
7.6
268.0
107.0
108.0
183.0
61.6
146.0
44.9
49.6
77.1
175.0
186.0
145.0
42.7
253.0
165.0
98.5
130.0
153.0
79.1
150.0
195.0
177.0
71.0
23.7
276.0
9.7
154.0
259.0
94.8
72.5
194.0
152.0
187.0
163.0
231.0
101.0
90.7
145.0
114.0
124.0
185.0
81.8
178.0
61.0
198.0
39.0
88.7
11.0
45.6
85.7
48.8
136.0
182.0
20.6
179.0
186.0
32.6
111.0
179.0
181.0
48.2
126.0
262.0
25.9
177.0
80.3
75.8
173.0
60.6
161.0
96.0
50.9
122.0
0.0
106.0
107.0
73.8
110.0
181.0
29.3
191.0
198.0
174.0
119.0
94.2
168.0
67.9
83.5
74.9
119.0
38.3
141.0
61.7
139.0
130.0
19.3
150.0
18.2
125.0
162.0
161.0
154.0
189.0
144.0
171.0
204.0
110.0
188.0
232.0
194.0
127.0
129.0
154.0
121.0
161.0
110.0
187.0
167.0
173.0
45.4
168.0
114.0
82.4
125.0
108.0
158.0
100.0
36.6
46.4
82.3
19.2
107.0
166.0
288.0
121.0
134.0
104.0
186.0
54.1
74.6
47.9
202.0
199.0
132.0
131.0
85.1
165.0
136.0
54.6
164.0
17.8
101.0
93.6
67.6
148.0
180.0
146.0
250.0
62.7
59.0
270.0
54.3
81.5
29.9
85.9
172.0
32.8
189.0
143.0
59.3
65.7
70.3
86.1
54.0
135.0
196.0
185.0
110.0
312.0
160.0
159.0
157.0
157.0
151.0
154.0
85.0
192.0
174.0
204.0
87.8
196.0
73.0
34.3
72.6
175.0
198.0
64.4
218.0
162.0
65.9
188.0
145.0
152.0
95.9
56.3
124.0
125.0
93.0
42.0
167.0
142.0
7.6
13.1
107.0
61.9
30.0
73.4
13.7
105.0
75.3
157.0
157.0
122.0
56.4
121.0
36.9
87.7
164.0
158.0
160.0
75.5
154.0
249.0
50.5
181.0
134.0
297.0
161.0
73.7
98.2
102.0
158.0
45.4
149.0
132.0
37.8
194.0
42.6
79.5
59.1
134.0
123.0
89.5
125.0
291.0
60.2
180.0
96.0
172.0
47.7
188.0
12.9
79.3
259.0
95.6
21.3
137.0
21.9
89.1
133.0
181.0
143.0
165.0
31.2
175.0
26.3
30.6
95.4
156.0
87.1
151.0
65.4
154.0
150.0
83.0
44.9
134.0
248.0
