74.2
58.2
81.1
188.0
113.0
187.0
117.0
111.0
87.6
166.0
66.3
79.9
76.3
166.0
20.7
100.0
40.5
37.1
70.1
61.8
132.0
75.5
158.0
66.1
95.6
9.0
66.3
65.4
36.4
136.0
99.9
77.2
11.6
134.0
39.3
66.6
101.0
47.7
105.0
41.4
67.8
155.0
60.8
66.2
70.9
70.3
60.8
179.0
69.5
61.7
52.4
67.4
79.7
184.0
46.9
159.0
67.3
72.3
197.0
147.0
151.0
104.0
159.0
217.0
44.1
91.2
171.0
66.2
155.0
159.0
190.0
95.9
96.2
60.6
153.0
144.0
56.7
20.6
29.1
76.6
37.9
73.3
97.0
68.8
59.5
104.0
167.0
120.0
45.7
150.0
190.0
116.0
114.0
72.5
96.9
76.3
122.0
64.2
201.0
36.1
22.4
16.0
76.2
80.3
102.0
133.0
119.0
149.0
17.0
103.0
141.0
181.0
139.0
65.7
105.0
130.0
71.0
106.0
94.6
206.0
87.0
74.9
80.9
49.7
153.0
136.0
101.0
190.0
186.0
80.9
166.0
69.5
53.7
65.2
13.5
106.0
0.0
13.9
72.7
33.6
89.3
136.0
112.0
89.3
65.6
46.2
189.0
91.4
163.0
45.8
170.0
56.3
132.0
61.6
148.0
60.0
52.7
112.0
73.0
92.8
62.1
82.8
82.0
75.3
110.0
35.2
91.5
95.0
29.3
96.4
123.0
99.4
50.5
22.0
74.6
13.7
81.9
3.4
111.0
90.0
64.9
151.0
89.2
2.7
23.1
17.6
13.8
65.7
210.0
77.2
133.0
178.0
125.0
202.0
86.5
179.0
25.0
34.2
200.0
94.3
71.3
170.0
113.0
123.0
122.0
52.9
23.0
195.0
88.1
32.0
60.5
84.4
128.0
26.0
14.2
130.0
39.1
88.3
53.7
142.0
67.7
109.0
162.0
150.0
33.7
80.5
53.2
92.8
109.0
96.6
73.2
167.0
87.3
93.8
181.0
164.0
26.6
87.8
76.9
68.0
204.0
68.4
67.3
48.7
78.2
55.3
74.8
180.0
83.5
82.5
125.0
198.0
117.0
105.0
130.0
62.4
95.7
121.0
160.0
110.0
82.6
176.0
96.4
57.7
43.6
191.0
166.0
20.1
65.7
28.1
124.0
77.9
62.8
106.0
124.0
25.9
61.9
125.0
50.9
107.0
53.4
171.0
77.5
50.0
45.6
56.5
41.6
147.0
24.9
85.0
70.8
51.6
86.1
77.3
141.0
146.0
101.0
78.5
189.0
84.5
169.0
7.8
10.8
78.8
72.1
40.3
53.2
92.7
85.8
71.3
117.0
163.0
55.1
44.1
33.7
29.8
183.0
122.0
101.0
49.9
63.8
74.7
112.0
108.0
175.0
150.0
19.6
117.0
60.4
135.0
72.3
53.8
99.1
30.1
73.3
141.0
71.9
91.2
141.0
230.0
76.6
93.5
71.7
175.0
74.9
71.3
40.5
152.0
25.9
139.0
