82.9
48.4
89.0
190.0
114.0
188.0
107.0
113.0
77.9
174.0
56.5
70.1
66.5
167.0
6.9
90.7
48.4
38.6
73.2
52.1
139.0
76.4
160.0
56.3
97.1
20.6
56.5
73.3
26.6
127.0
90.1
67.4
29.0
136.0
29.5
56.8
109.0
37.9
95.0
31.7
70.9
163.0
68.6
67.7
78.8
71.8
51.0
180.0
59.7
51.9
60.3
57.7
87.5
186.0
48.4
167.0
57.5
62.5
198.0
148.0
152.0
106.0
167.0
218.0
34.3
94.3
173.0
56.5
156.0
161.0
191.0
86.2
104.0
55.7
154.0
152.0
64.6
28.5
24.2
66.9
56.1
63.5
106.0
76.7
61.0
105.0
175.0
122.0
53.6
158.0
192.0
106.0
105.0
62.7
105.0
91.8
130.0
54.4
202.0
44.0
11.4
23.8
84.1
70.5
91.9
123.0
109.0
150.0
18.1
105.0
142.0
182.0
129.0
55.9
95.4
132.0
78.9
96.7
96.1
208.0
90.0
82.7
81.9
39.9
161.0
137.0
90.7
192.0
187.0
84.0
168.0
72.5
50.2
66.7
10.8
107.0
13.9
0.0
69.2
23.8
92.4
137.0
102.0
97.1
73.4
36.4
191.0
81.6
165.0
47.3
172.0
46.5
122.0
51.9
138.0
50.3
43.0
114.0
63.2
94.3
52.3
73.1
72.2
65.5
100.0
43.1
81.7
103.0
19.5
99.5
131.0
107.0
40.8
22.6
64.9
20.5
72.1
17.1
101.0
80.2
72.8
153.0
79.5
13.3
31.5
18.9
27.5
68.8
212.0
78.7
123.0
179.0
126.0
204.0
76.8
187.0
19.9
45.0
201.0
102.0
73.3
171.0
103.0
113.0
112.0
43.2
30.9
196.0
78.4
39.9
62.0
74.6
129.0
17.0
16.1
120.0
47.0
91.4
57.5
149.0
68.6
99.6
169.0
151.0
45.3
82.0
55.2
83.1
110.0
99.7
63.5
168.0
91.0
84.1
183.0
165.0
34.5
95.7
84.8
54.9
212.0
71.5
70.4
56.6
68.4
63.2
65.0
182.0
91.4
85.6
115.0
199.0
107.0
95.6
131.0
58.9
86.0
112.0
161.0
118.0
72.8
177.0
99.5
75.6
51.5
193.0
168.0
17.1
55.9
25.9
114.0
85.8
53.0
108.0
126.0
9.4
63.4
127.0
52.4
109.0
43.6
172.0
67.7
57.9
35.8
58.0
24.5
148.0
24.6
75.3
88.7
59.5
76.4
67.5
149.0
147.0
91.7
68.7
196.0
74.7
170.0
9.4
22.6
69.0
73.6
29.3
43.4
94.2
93.7
72.8
107.0
165.0
45.3
34.3
53.4
26.7
191.0
112.0
91.3
40.2
71.7
76.2
102.0
109.0
176.0
158.0
10.6
118.0
50.6
137.0
62.5
44.0
107.0
30.7
76.4
143.0
79.8
92.7
142.0
231.0
66.8
83.7
61.9
177.0
65.1
61.6
37.5
154.0
33.7
147.0
