130.0
57.7
152.0
132.0
84.9
159.0
117.0
64.9
87.6
237.0
83.4
22.5
34.6
98.2
70.3
26.7
102.0
41.5
120.0
45.0
202.0
11.5
130.0
72.3
52.0
83.5
83.5
136.0
41.0
62.7
121.0
77.1
73.1
106.0
45.9
105.0
172.0
56.9
101.0
36.9
118.0
226.0
132.0
50.3
125.0
36.8
98.0
89.3
86.1
88.7
111.0
67.4
151.0
94.8
42.8
230.0
67.3
110.0
134.0
119.0
98.1
76.6
230.0
127.0
33.4
141.0
82.0
65.8
88.2
112.0
138.0
117.0
147.0
103.0
66.2
215.0
128.0
60.7
93.1
76.6
55.5
63.0
153.0
140.0
33.8
71.7
238.0
86.6
117.0
221.0
162.0
42.3
136.0
94.2
147.0
124.0
193.0
25.2
111.0
107.0
73.1
86.8
147.0
12.7
102.0
59.3
141.0
107.0
49.2
62.4
113.0
153.0
64.8
51.4
105.0
71.6
142.0
128.0
64.9
157.0
137.0
139.0
26.6
45.3
224.0
79.5
100.0
101.0
96.3
131.0
135.0
120.0
19.1
56.8
84.4
73.9
73.0
69.4
0.0
53.7
139.0
108.0
116.0
156.0
136.0
33.7
142.0
91.3
135.0
28.8
142.0
28.5
58.4
76.0
74.2
71.6
50.7
84.5
73.0
65.1
36.0
115.0
103.0
107.0
131.0
106.0
123.0
166.0
55.3
146.0
194.0
154.0
61.3
91.8
87.8
83.4
103.0
69.9
111.0
90.0
136.0
123.0
100.0
76.2
42.7
87.4
68.0
116.0
121.0
56.6
58.9
150.0
97.3
175.0
121.0
250.0
84.6
92.0
148.0
146.0
24.2
142.0
39.2
128.0
122.0
90.1
93.8
125.0
88.1
96.3
30.1
98.5
77.4
44.2
53.9
55.8
110.0
138.0
104.0
212.0
22.1
35.6
232.0
122.0
50.9
50.8
20.4
114.0
54.2
147.0
58.4
130.0
18.2
18.4
146.0
110.0
97.4
162.0
148.0
13.4
275.0
118.0
117.0
120.0
99.9
112.0
113.0
152.0
154.0
133.0
146.0
108.0
113.0
31.1
102.0
14.0
117.0
121.0
132.0
181.0
111.0
119.0
146.0
105.0
114.0
163.0
76.7
87.5
40.0
36.6
49.9
127.0
88.3
67.5
96.4
64.1
51.1
97.6
29.9
79.7
24.7
143.0
98.9
115.0
60.7
47.3
67.9
67.6
48.0
117.0
118.0
122.0
10.7
77.3
212.0
118.0
106.0
41.1
259.0
84.5
141.0
59.0
62.2
100.0
57.3
111.0
81.0
35.5
157.0
39.2
42.9
135.0
84.7
76.4
58.9
90.1
254.0
48.1
122.0
27.4
135.0
33.7
112.0
80.0
147.0
221.0
50.9
88.9
60.4
91.1
13.5
83.0
141.0
101.0
123.0
74.4
133.0
61.2
88.1
133.0
94.9
27.5
88.8
126.0
113.0
92.7
31.7
110.0
96.7
210.0
