91.7
26.2
109.0
174.0
118.0
193.0
85.1
106.0
55.7
194.0
52.0
47.6
44.1
140.0
27.1
68.3
68.1
37.0
82.0
29.9
159.0
61.1
164.0
40.9
101.0
40.3
52.0
93.0
6.6
104.0
89.4
45.2
48.7
140.0
7.0
65.6
128.0
15.7
68.6
11.7
79.6
183.0
88.4
72.0
87.1
59.8
59.8
131.0
54.2
60.7
73.2
35.5
107.0
136.0
50.7
187.0
35.3
71.3
203.0
153.0
156.0
110.0
187.0
169.0
14.4
103.0
124.0
34.3
130.0
165.0
195.0
85.4
124.0
64.5
108.0
172.0
84.3
56.2
49.9
44.7
57.1
41.3
115.0
96.4
54.1
110.0
195.0
126.0
73.3
178.0
196.0
83.8
104.0
71.5
124.0
111.0
150.0
32.0
153.0
63.7
29.9
43.6
104.0
48.1
69.8
101.0
109.0
155.0
31.2
109.0
147.0
187.0
106.0
33.7
73.2
136.0
98.6
95.9
100.0
212.0
98.8
101.0
66.6
17.7
181.0
142.0
68.5
142.0
138.0
92.8
172.0
81.3
34.9
71.0
41.1
112.0
34.2
26.2
53.9
0.0
101.0
141.0
84.2
118.0
93.2
14.0
195.0
59.4
169.0
41.2
176.0
24.0
100.0
44.5
116.0
25.0
20.8
118.0
41.0
98.6
29.9
82.9
71.4
74.7
99.2
62.8
90.9
123.0
6.7
108.0
151.0
127.0
13.3
48.5
72.9
40.2
71.4
37.7
78.7
58.0
92.5
157.0
68.3
33.0
38.2
44.1
63.5
77.6
162.0
83.0
100.0
183.0
131.0
208.0
85.6
207.0
41.3
53.8
205.0
122.0
58.0
176.0
80.8
95.7
89.8
52.0
50.6
167.0
56.2
59.6
57.8
66.5
133.0
12.6
36.4
97.4
66.7
100.0
66.3
169.0
53.3
77.1
189.0
155.0
46.4
86.3
39.9
82.3
95.7
108.0
41.3
172.0
68.5
61.6
187.0
152.0
54.2
115.0
104.0
32.4
231.0
80.3
79.2
76.3
67.9
82.9
73.8
186.0
111.0
94.4
114.0
150.0
80.6
73.2
135.0
43.6
85.2
89.3
165.0
137.0
79.5
161.0
108.0
95.3
71.2
197.0
118.0
44.2
33.7
20.4
91.5
106.0
61.8
112.0
130.0
11.3
60.2
131.0
49.0
113.0
21.2
176.0
66.9
76.7
8.5
62.3
13.1
109.0
43.5
84.9
108.0
79.2
53.9
45.3
168.0
152.0
73.6
46.6
216.0
52.6
175.0
29.7
57.7
68.2
77.9
67.9
29.4
74.7
113.0
77.1
84.4
169.0
54.1
18.7
54.4
44.5
210.0
89.7
90.5
24.9
91.4
63.9
79.6
114.0
180.0
178.0
20.1
122.0
28.4
141.0
40.1
23.5
127.0
62.5
85.1
147.0
94.7
97.0
146.0
175.0
62.9
61.3
63.8
181.0
73.9
60.8
28.4
158.0
53.5
167.0
