30.0
90.0
97.2
271.0
195.0
269.0
121.0
194.0
85.8
150.0
60.8
141.0
138.0
248.0
88.2
162.0
77.6
119.0
32.5
109.0
104.0
163.0
240.0
81.3
178.0
87.3
62.5
87.7
110.0
198.0
91.9
91.3
93.7
216.0
113.0
48.9
84.8
95.8
88.2
115.0
24.6
127.0
43.1
148.0
36.7
152.0
50.1
224.0
74.1
55.6
47.2
89.0
68.6
230.0
129.0
131.0
102.0
54.6
279.0
229.0
233.0
187.0
144.0
262.0
118.0
14.4
217.0
82.6
237.0
242.0
272.0
88.0
118.0
48.2
201.0
116.0
87.4
121.0
58.0
100.0
137.0
115.0
46.7
38.1
142.0
186.0
139.0
202.0
68.4
134.0
272.0
177.0
106.0
54.8
111.0
106.0
107.0
126.0
246.0
62.0
78.5
81.6
98.5
142.0
96.5
194.0
111.0
231.0
112.0
186.0
223.0
263.0
200.0
113.0
102.0
213.0
43.4
98.4
177.0
288.0
27.2
31.9
159.0
107.0
125.0
218.0
105.0
236.0
231.0
11.6
249.0
29.1
134.0
147.0
73.1
188.0
95.9
99.8
147.0
107.0
0.0
218.0
95.2
49.3
81.4
120.0
272.0
95.5
245.0
128.0
252.0
119.0
194.0
76.9
209.0
75.3
99.6
194.0
101.0
175.0
123.0
65.1
74.0
57.6
102.0
67.8
73.7
89.2
93.5
35.1
95.3
93.6
90.7
61.5
57.0
73.4
63.4
95.0
115.0
93.5
72.2
233.0
81.2
94.8
112.0
66.2
104.0
40.9
256.0
159.0
194.0
260.0
207.0
285.0
68.8
151.0
65.5
55.2
282.0
104.0
152.0
252.0
174.0
106.0
108.0
62.2
65.2
260.0
92.3
82.1
143.0
76.4
210.0
101.0
110.0
191.0
76.6
28.0
50.1
126.0
145.0
171.0
134.0
232.0
126.0
163.0
131.0
84.8
189.0
35.4
125.0
249.0
162.0
155.0
264.0
246.0
75.9
55.2
58.4
141.0
176.0
21.5
30.9
77.8
70.2
89.8
57.1
262.0
88.4
25.8
117.0
243.0
101.0
167.0
212.0
142.0
87.7
113.0
242.0
83.8
65.0
258.0
24.9
105.0
54.9
273.0
212.0
67.0
113.0
106.0
185.0
92.5
53.7
188.0
206.0
88.3
144.0
207.0
133.0
190.0
128.0
253.0
64.4
48.0
89.9
139.0
79.4
229.0
121.0
67.3
99.2
75.3
147.0
85.8
125.0
228.0
84.9
126.0
161.0
113.0
251.0
103.0
112.0
70.8
154.0
57.4
68.4
175.0
78.4
154.0
178.0
245.0
59.3
74.2
134.0
64.7
155.0
183.0
93.1
124.0
42.9
157.0
116.0
190.0
257.0
135.0
97.1
199.0
108.0
217.0
134.0
69.0
121.0
53.8
17.8
223.0
33.4
173.0
223.0
312.0
74.1
155.0
61.7
257.0
57.2
66.6
118.0
234.0
66.1
111.0
