202.0
165.0
220.0
58.8
35.6
59.3
224.0
37.7
194.0
305.0
175.0
109.0
122.0
43.4
142.0
78.1
179.0
105.0
192.0
160.0
270.0
96.5
24.8
175.0
50.1
151.0
175.0
204.0
137.0
67.8
209.0
185.0
143.0
12.8
146.0
176.0
239.0
154.0
214.0
134.0
190.0
294.0
199.0
72.2
197.0
82.4
170.0
49.4
179.0
171.0
183.0
174.0
218.0
52.9
96.4
298.0
174.0
181.0
53.7
11.3
25.7
36.5
298.0
68.9
138.0
213.0
64.8
176.0
44.1
28.9
40.5
205.0
216.0
175.0
50.6
283.0
195.0
128.0
160.0
183.0
109.0
180.0
225.0
207.0
101.0
48.4
305.0
23.4
184.0
289.0
64.9
80.4
224.0
182.0
217.0
193.0
261.0
156.0
62.3
175.0
143.0
154.0
215.0
97.5
208.0
68.8
228.0
31.7
119.0
39.7
26.5
55.9
56.7
166.0
212.0
31.1
209.0
216.0
57.3
67.8
209.0
211.0
84.0
156.0
291.0
33.8
207.0
50.7
67.4
203.0
34.5
191.0
126.0
80.9
152.0
29.1
136.0
137.0
108.0
140.0
211.0
0.0
221.0
228.0
204.0
149.0
51.4
198.0
37.7
113.0
43.8
149.0
48.8
171.0
69.6
169.0
159.0
43.9
180.0
48.1
155.0
192.0
191.0
184.0
219.0
174.0
201.0
233.0
140.0
218.0
262.0
224.0
157.0
159.0
184.0
151.0
191.0
140.0
217.0
197.0
203.0
19.3
198.0
144.0
112.0
155.0
138.0
188.0
71.1
66.6
54.2
42.3
10.2
77.3
196.0
318.0
151.0
164.0
63.7
215.0
87.3
56.3
63.5
232.0
229.0
162.0
161.0
65.5
195.0
166.0
84.5
193.0
27.1
131.0
124.0
75.5
178.0
210.0
176.0
280.0
96.4
88.5
300.0
31.3
111.0
59.8
116.0
202.0
48.5
219.0
173.0
31.9
81.3
86.0
44.4
36.5
165.0
226.0
215.0
140.0
342.0
190.0
189.0
187.0
187.0
181.0
184.0
56.7
222.0
204.0
234.0
64.2
226.0
88.6
6.0
121.0
205.0
228.0
46.7
248.0
192.0
48.1
218.0
175.0
182.0
62.2
62.4
154.0
155.0
123.0
54.3
197.0
172.0
36.3
19.3
137.0
91.9
26.1
103.0
38.4
135.0
45.5
187.0
187.0
152.0
86.4
151.0
44.8
118.0
194.0
188.0
190.0
91.1
184.0
279.0
33.5
211.0
164.0
327.0
191.0
43.9
128.0
132.0
188.0
75.4
179.0
162.0
72.0
224.0
72.5
87.4
29.8
164.0
153.0
120.0
155.0
321.0
68.1
210.0
126.0
202.0
77.7
218.0
32.2
51.1
289.0
126.0
19.0
167.0
14.8
105.0
163.0
211.0
173.0
195.0
36.7
205.0
56.3
27.7
75.8
186.0
103.0
181.0
39.1
184.0
180.0
113.0
21.7
164.0
278.0
