81.2
71.1
155.0
236.0
197.0
271.0
32.0
169.0
30.1
206.0
52.9
110.0
96.8
203.0
90.1
131.0
119.0
121.0
77.5
73.6
159.0
133.0
242.0
52.5
180.0
116.0
65.1
112.0
86.6
167.0
15.7
58.2
124.0
218.0
80.5
48.5
141.0
76.9
15.6
91.6
67.2
183.0
98.4
150.0
106.0
154.0
53.3
194.0
45.7
50.9
79.3
60.2
124.0
199.0
131.0
187.0
53.0
42.0
238.0
231.0
235.0
188.0
199.0
232.0
87.7
90.6
186.0
60.9
193.0
244.0
274.0
16.8
163.0
83.6
171.0
172.0
140.0
135.0
79.1
50.2
139.0
82.2
102.0
99.0
144.0
188.0
195.0
204.0
113.0
190.0
274.0
147.0
9.1
39.0
164.0
130.0
162.0
94.8
215.0
104.0
80.3
119.0
123.0
111.0
15.5
164.0
21.0
233.0
114.0
188.0
225.0
265.0
169.0
74.1
21.0
215.0
103.0
5.6
179.0
290.0
86.3
88.5
148.0
76.0
181.0
220.0
25.5
205.0
201.0
80.3
250.0
75.6
111.0
149.0
92.2
190.0
110.0
102.0
116.0
85.2
88.7
220.0
0.0
105.0
113.0
87.5
274.0
31.7
247.0
130.0
254.0
88.3
163.0
52.6
179.0
59.9
66.3
196.0
67.9
177.0
92.1
33.5
27.6
38.0
16.4
110.0
26.1
143.0
95.4
95.8
151.0
147.0
71.8
89.4
48.7
99.8
35.8
113.0
38.1
39.2
133.0
235.0
21.3
109.0
114.0
94.1
124.0
62.0
225.0
161.0
163.0
262.0
209.0
286.0
41.7
207.0
82.5
73.0
284.0
161.0
137.0
254.0
144.0
15.6
18.4
71.1
107.0
229.0
29.4
124.0
145.0
29.5
212.0
103.0
112.0
160.0
118.0
87.7
85.4
182.0
128.0
140.0
189.0
234.0
128.0
165.0
122.0
22.3
159.0
96.0
91.6
251.0
131.0
124.0
265.0
214.0
118.0
111.0
114.0
110.0
232.0
62.4
74.0
102.0
34.7
122.0
39.8
264.0
131.0
81.9
26.7
213.0
6.2
136.0
214.0
118.0
20.9
21.7
244.0
140.0
32.8
224.0
95.8
147.0
96.7
275.0
181.0
85.4
81.9
102.0
154.0
125.0
53.5
190.0
208.0
90.2
146.0
209.0
135.0
191.0
96.9
255.0
39.7
82.7
78.5
141.0
74.3
172.0
122.0
27.0
152.0
107.0
117.0
58.0
181.0
230.0
11.7
86.9
216.0
79.4
253.0
105.0
118.0
33.2
156.0
99.3
62.0
177.0
134.0
155.0
147.0
247.0
66.3
69.1
136.0
71.0
211.0
153.0
10.4
107.0
114.0
159.0
22.5
192.0
259.0
190.0
98.9
201.0
59.0
219.0
103.0
63.9
166.0
81.6
72.7
179.0
84.6
175.0
225.0
238.0
46.2
124.0
44.9
259.0
47.1
43.8
120.0
236.0
108.0
167.0
