25.6
100.0
50.0
281.0
205.0
279.0
131.0
204.0
95.9
103.0
70.9
151.0
148.0
258.0
98.3
172.0
60.2
129.0
58.8
119.0
56.4
173.0
250.0
91.4
188.0
78.7
72.6
44.0
116.0
208.0
102.0
101.0
85.1
226.0
119.0
59.0
37.6
106.0
98.3
121.0
39.9
79.9
22.6
158.0
31.0
163.0
60.2
235.0
84.2
65.7
57.3
99.1
17.9
240.0
139.0
84.1
112.0
64.7
289.0
239.0
243.0
197.0
96.3
273.0
124.0
34.6
227.0
92.7
247.0
252.0
282.0
98.1
65.0
58.3
211.0
69.0
51.4
113.0
68.1
110.0
147.0
125.0
8.3
22.4
152.0
196.0
91.9
212.0
51.9
87.3
282.0
187.0
117.0
64.9
54.4
62.5
59.5
136.0
256.0
63.0
88.6
73.0
50.2
152.0
107.0
205.0
121.0
241.0
108.0
196.0
233.0
273.0
210.0
123.0
112.0
223.0
12.2
109.0
187.0
299.0
23.7
17.7
171.0
117.0
77.9
228.0
115.0
246.0
241.0
36.8
259.0
44.3
140.0
157.0
91.2
198.0
87.3
92.7
157.0
113.0
48.3
228.0
105.0
0.0
34.5
126.0
282.0
106.0
255.0
138.0
262.0
129.0
204.0
87.0
219.0
85.4
110.0
205.0
111.0
185.0
133.0
75.2
84.1
67.8
112.0
58.3
83.8
42.0
109.0
13.7
48.1
46.4
101.0
71.6
67.1
79.5
73.5
86.5
125.0
104.0
24.9
244.0
91.4
86.2
122.0
76.3
88.7
51.0
266.0
169.0
204.0
270.0
217.0
295.0
78.9
104.0
75.6
65.3
292.0
56.6
162.0
262.0
184.0
117.0
118.0
72.3
72.8
270.0
102.0
74.0
153.0
86.5
220.0
111.0
106.0
201.0
51.1
24.0
60.2
78.6
158.0
181.0
86.3
242.0
136.0
173.0
145.0
94.9
199.0
12.9
135.0
259.0
172.0
165.0
274.0
256.0
67.3
8.0
9.7
144.0
129.0
43.7
46.8
40.9
80.3
53.4
67.2
273.0
41.1
31.1
127.0
253.0
111.0
177.0
222.0
148.0
97.8
123.0
252.0
36.6
75.1
268.0
29.4
81.4
65.0
283.0
222.0
77.1
123.0
115.0
195.0
56.5
63.8
198.0
216.0
98.4
154.0
218.0
143.0
200.0
133.0
263.0
74.5
60.8
100.0
149.0
89.5
239.0
119.0
77.4
63.3
39.0
158.0
95.9
77.7
238.0
95.0
136.0
113.0
123.0
261.0
99.1
94.1
80.9
164.0
67.5
78.5
185.0
31.2
164.0
188.0
255.0
69.4
84.3
144.0
74.9
108.0
193.0
103.0
130.0
26.1
167.0
126.0
200.0
267.0
87.5
107.0
209.0
118.0
227.0
144.0
79.1
77.7
63.9
38.0
233.0
22.8
184.0
233.0
322.0
84.2
165.0
71.8
268.0
67.3
76.7
128.0
244.0
65.9
64.0
