29.9
96.5
15.8
258.0
183.0
257.0
139.0
182.0
104.0
108.0
88.1
139.0
135.0
236.0
78.4
159.0
39.3
107.0
37.0
121.0
73.7
145.0
228.0
87.9
166.0
57.8
88.1
13.5
95.2
195.0
110.0
97.9
64.2
204.0
98.1
67.0
42.9
107.0
106.0
100.0
52.6
97.3
16.5
136.0
32.4
140.0
74.8
249.0
91.3
73.7
44.8
95.6
21.4
254.0
117.0
101.0
108.0
72.7
267.0
217.0
221.0
174.0
102.0
287.0
103.0
67.3
242.0
89.1
225.0
230.0
260.0
106.0
30.8
54.8
223.0
86.3
21.0
92.2
64.6
111.0
125.0
122.0
43.1
21.6
130.0
174.0
109.0
190.0
31.0
92.4
260.0
175.0
124.0
72.9
31.5
34.5
64.7
123.0
271.0
42.1
85.0
52.1
16.0
139.0
115.0
192.0
129.0
219.0
87.0
174.0
211.0
251.0
197.0
125.0
120.0
201.0
23.2
117.0
165.0
276.0
36.3
30.6
150.0
109.0
95.2
206.0
123.0
260.0
256.0
65.7
237.0
41.1
119.0
135.0
70.4
176.0
66.5
71.8
138.0
92.4
74.1
206.0
113.0
35.5
0.0
105.0
260.0
114.0
233.0
116.0
240.0
115.0
191.0
83.4
207.0
81.8
112.0
182.0
108.0
163.0
121.0
83.2
92.1
75.7
120.0
37.4
91.8
37.2
88.1
46.4
65.5
26.6
97.2
60.3
75.1
58.6
81.5
65.6
133.0
112.0
6.6
221.0
99.3
65.3
100.0
58.8
67.9
50.5
280.0
147.0
192.0
248.0
195.0
272.0
86.9
121.0
72.0
61.7
270.0
28.9
142.0
240.0
172.0
124.0
126.0
68.8
51.9
265.0
110.0
53.2
131.0
94.5
198.0
89.9
85.0
188.0
30.2
56.8
59.8
83.7
137.0
168.0
104.0
220.0
114.0
151.0
124.0
103.0
179.0
35.2
132.0
237.0
160.0
153.0
251.0
234.0
46.4
34.0
23.1
123.0
146.0
53.2
41.6
20.0
88.3
30.0
75.2
250.0
16.3
34.0
135.0
268.0
119.0
164.0
200.0
128.0
106.0
131.0
230.0
51.8
83.1
246.0
62.1
53.4
49.7
261.0
236.0
68.4
125.0
94.5
183.0
26.1
71.8
176.0
194.0
84.8
132.0
195.0
121.0
177.0
112.0
241.0
82.5
38.4
104.0
127.0
86.0
217.0
98.5
85.4
35.3
15.5
145.0
104.0
82.8
216.0
103.0
137.0
131.0
119.0
239.0
78.3
73.3
88.9
142.0
53.3
75.0
163.0
27.9
141.0
176.0
233.0
78.8
80.8
122.0
71.3
125.0
181.0
111.0
109.0
20.7
145.0
134.0
178.0
245.0
92.7
86.0
187.0
119.0
205.0
131.0
75.6
50.0
60.3
58.1
211.0
27.6
161.0
211.0
300.0
92.2
152.0
79.8
245.0
75.3
84.7
106.0
222.0
45.0
81.3
