103.0
32.1
119.0
161.0
125.0
199.0
88.3
94.2
58.9
205.0
57.9
35.3
31.7
127.0
37.9
55.9
78.9
43.2
92.8
19.4
170.0
45.1
170.0
46.7
96.7
51.1
57.9
104.0
10.9
91.9
92.6
48.4
59.5
146.0
7.2
76.4
139.0
18.9
71.8
8.8
90.4
194.0
99.2
78.2
97.9
53.9
70.6
119.0
57.4
63.1
84.0
38.7
118.0
124.0
56.9
198.0
38.5
82.1
163.0
159.0
127.0
116.0
198.0
157.0
5.2
114.0
111.0
40.2
117.0
141.0
167.0
88.6
135.0
75.3
95.4
183.0
95.1
62.4
60.7
47.9
63.4
37.4
126.0
107.0
48.2
116.0
205.0
132.0
84.1
189.0
202.0
71.5
107.0
81.6
135.0
122.0
161.0
19.7
140.0
74.5
40.7
54.4
115.0
35.7
73.0
88.6
112.0
136.0
32.3
105.0
153.0
193.0
94.0
25.9
76.4
101.0
109.0
99.1
107.0
218.0
110.0
112.0
52.6
11.6
191.0
109.0
71.8
130.0
125.0
104.0
165.0
92.1
23.0
77.2
51.9
118.0
45.0
37.0
33.6
14.1
112.0
148.0
87.4
128.0
104.0
0.0
171.0
62.6
175.0
47.5
182.0
11.7
87.6
50.4
103.0
46.0
25.1
124.0
44.2
105.0
17.5
86.1
74.6
78.0
102.0
73.6
94.1
133.0
22.8
119.0
162.0
138.0
21.4
59.3
62.2
51.0
74.6
48.5
81.9
61.3
103.0
163.0
71.5
43.8
44.4
54.9
69.8
88.4
150.0
89.2
88.1
190.0
137.0
214.0
91.9
217.0
52.1
64.6
177.0
133.0
48.9
182.0
68.5
98.9
93.0
62.8
61.4
154.0
59.4
70.4
48.8
69.7
107.0
23.7
47.2
85.0
77.5
111.0
77.1
180.0
39.3
64.8
200.0
162.0
52.6
92.5
30.6
85.5
83.4
119.0
32.8
159.0
56.2
49.3
193.0
139.0
65.0
126.0
115.0
20.2
242.0
91.1
90.0
87.1
71.1
93.7
84.6
192.0
122.0
105.0
118.0
137.0
83.8
60.8
142.0
29.6
88.4
92.5
172.0
148.0
82.7
149.0
119.0
106.0
82.0
203.0
106.0
55.0
14.1
21.5
79.2
116.0
62.7
118.0
136.0
31.6
66.4
137.0
41.6
119.0
8.9
183.0
70.1
87.5
16.5
68.5
26.9
96.8
49.7
88.1
119.0
90.0
41.6
48.6
179.0
158.0
76.8
28.4
227.0
55.8
181.0
40.5
64.0
71.4
84.1
78.7
55.4
61.5
124.0
61.0
72.1
175.0
64.9
32.5
60.7
55.3
221.0
77.4
93.7
14.7
102.0
55.6
82.8
120.0
187.0
189.0
30.9
129.0
31.6
147.0
27.7
37.3
138.0
73.3
95.9
104.0
106.0
103.0
117.0
163.0
66.1
48.9
63.2
156.0
84.7
64.0
34.6
139.0
64.3
178.0
