255.0
218.0
273.0
16.7
102.0
39.0
277.0
78.9
248.0
358.0
229.0
152.0
164.0
49.6
195.0
122.0
232.0
158.0
245.0
179.0
323.0
140.0
27.6
229.0
90.9
204.0
229.0
257.0
190.0
90.2
262.0
239.0
196.0
50.9
199.0
229.0
292.0
208.0
267.0
187.0
243.0
347.0
253.0
126.0
251.0
136.0
223.0
55.6
232.0
224.0
237.0
228.0
271.0
47.4
150.0
351.0
227.0
235.0
8.5
41.1
47.9
94.6
351.0
29.1
191.0
267.0
67.1
230.0
60.4
37.5
10.2
258.0
270.0
228.0
73.4
336.0
249.0
182.0
213.0
237.0
162.0
197.0
278.0
261.0
154.0
107.0
359.0
74.6
237.0
342.0
56.0
103.0
277.0
235.0
270.0
247.0
314.0
160.0
36.6
228.0
197.0
208.0
268.0
140.0
262.0
91.2
282.0
47.9
172.0
86.0
64.9
41.0
79.1
185.0
265.0
72.3
263.0
269.0
115.0
15.9
262.0
264.0
137.0
179.0
345.0
73.9
261.0
41.6
60.2
256.0
15.7
245.0
179.0
134.0
205.0
91.8
189.0
190.0
145.0
193.0
265.0
51.5
274.0
281.0
257.0
202.0
0.0
251.0
25.8
167.0
19.3
162.0
82.7
224.0
78.9
223.0
185.0
102.0
233.0
101.0
170.0
245.0
244.0
238.0
272.0
227.0
254.0
287.0
194.0
272.0
315.0
277.0
211.0
213.0
237.0
204.0
244.0
193.0
271.0
250.0
257.0
30.4
252.0
197.0
166.0
208.0
191.0
241.0
38.0
120.0
83.9
42.4
56.8
62.4
249.0
371.0
205.0
217.0
11.9
269.0
141.0
54.7
102.0
285.0
282.0
215.0
215.0
25.9
248.0
219.0
138.0
247.0
68.8
184.0
177.0
97.9
231.0
264.0
230.0
333.0
150.0
111.0
353.0
45.7
165.0
113.0
169.0
255.0
89.7
272.0
192.0
22.3
128.0
129.0
8.8
34.8
218.0
280.0
269.0
160.0
395.0
244.0
243.0
240.0
241.0
235.0
237.0
24.1
275.0
258.0
287.0
50.7
280.0
132.0
57.5
175.0
258.0
281.0
52.8
301.0
245.0
22.8
272.0
228.0
235.0
51.1
68.6
208.0
174.0
176.0
92.1
250.0
225.0
83.8
73.0
190.0
145.0
87.1
157.0
96.5
189.0
30.6
240.0
240.0
206.0
140.0
204.0
74.4
171.0
248.0
241.0
243.0
134.0
237.0
332.0
59.6
264.0
175.0
380.0
245.0
33.9
181.0
185.0
241.0
129.0
232.0
216.0
125.0
278.0
126.0
110.0
23.5
218.0
207.0
173.0
208.0
375.0
105.0
264.0
179.0
256.0
131.0
272.0
90.9
25.7
342.0
179.0
78.4
220.0
63.1
148.0
216.0
265.0
226.0
249.0
70.0
258.0
110.0
56.3
26.0
239.0
146.0
234.0
21.6
237.0
234.0
166.0
38.9
218.0
331.0
