79.1
47.6
144.0
208.0
172.0
246.0
31.8
141.0
6.6
204.0
41.7
82.0
68.4
174.0
80.2
103.0
108.0
90.4
78.7
45.2
157.0
104.0
217.0
37.4
143.0
93.4
54.1
110.0
58.1
139.0
54.4
29.6
102.0
193.0
52.1
46.4
138.0
46.3
16.1
63.1
65.1
181.0
96.3
125.0
95.2
113.0
51.2
165.0
34.7
44.0
77.2
33.0
122.0
171.0
104.0
185.0
24.6
47.5
210.0
206.0
174.0
164.0
197.0
203.0
59.3
88.5
158.0
41.1
164.0
187.0
214.0
26.2
152.0
72.6
142.0
170.0
129.0
110.0
68.1
14.8
111.0
38.0
100.0
87.0
108.0
163.0
193.0
179.0
90.6
188.0
249.0
118.0
39.9
42.9
153.0
140.0
160.0
66.3
187.0
92.8
69.3
96.7
132.0
82.4
16.2
135.0
73.7
183.0
82.6
163.0
200.0
240.0
141.0
45.7
16.4
148.0
106.0
36.5
154.0
265.0
84.2
86.4
119.0
47.5
179.0
155.0
15.2
177.0
172.0
78.2
211.0
73.5
82.8
124.0
94.2
165.0
87.3
79.3
87.7
56.7
86.6
195.0
31.3
103.0
111.0
59.0
218.0
0.0
222.0
94.7
229.0
59.9
134.0
41.6
150.0
48.9
37.8
172.0
23.2
152.0
63.6
47.9
36.5
39.3
64.3
98.7
37.1
141.0
65.2
93.7
149.0
157.0
51.1
78.4
37.4
93.3
35.9
90.8
25.3
3.6
111.0
210.0
17.6
86.1
91.6
83.1
101.0
59.9
197.0
136.0
135.0
237.0
184.0
262.0
53.7
205.0
71.5
62.0
224.0
139.0
109.0
229.0
115.0
30.2
36.5
60.1
96.0
201.0
3.2
113.0
111.0
17.6
153.0
66.0
89.5
132.0
107.0
85.6
74.4
179.0
99.1
111.0
187.0
209.0
99.9
140.0
93.4
28.5
130.0
93.9
47.4
206.0
103.0
96.0
241.0
186.0
107.0
109.0
112.0
81.5
229.0
60.3
71.9
100.0
27.3
120.0
46.5
239.0
141.0
79.8
79.5
184.0
27.0
108.0
189.0
89.4
31.4
36.0
219.0
137.0
44.6
195.0
93.7
136.0
85.7
250.0
153.0
74.4
53.4
73.9
126.0
122.0
42.2
165.0
183.0
73.9
114.0
185.0
102.0
167.0
68.4
230.0
31.4
80.6
50.5
116.0
57.7
143.0
97.0
49.9
129.0
105.0
88.3
15.9
179.0
205.0
21.1
58.5
214.0
35.2
228.0
82.8
96.1
33.3
131.0
88.3
51.0
128.0
143.0
131.0
119.0
222.0
55.3
58.1
108.0
60.0
208.0
124.0
28.7
78.4
103.0
117.0
26.2
167.0
234.0
188.0
73.3
176.0
30.5
194.0
74.4
52.9
144.0
70.6
70.6
150.0
82.5
151.0
164.0
209.0
22.3
95.6
33.6
202.0
53.1
32.8
81.8
211.0
107.0
165.0
