229.0
192.0
247.0
41.9
76.6
21.2
251.0
90.7
222.0
332.0
203.0
165.0
195.0
69.0
169.0
134.0
206.0
132.0
220.0
188.0
298.0
124.0
16.9
203.0
91.0
179.0
203.0
231.0
165.0
123.0
237.0
213.0
170.0
36.4
174.0
203.0
267.0
182.0
241.0
162.0
217.0
321.0
227.0
99.8
225.0
110.0
197.0
75.0
206.0
198.0
211.0
202.0
246.0
69.3
124.0
325.0
202.0
209.0
33.7
27.3
63.4
68.8
325.0
54.3
165.0
241.0
125.0
204.0
108.0
53.8
26.5
233.0
244.0
202.0
106.0
310.0
223.0
156.0
188.0
211.0
137.0
208.0
253.0
235.0
129.0
80.7
333.0
67.2
212.0
316.0
26.8
136.0
251.0
209.0
244.0
221.0
288.0
183.0
61.8
202.0
171.0
182.0
242.0
153.0
236.0
124.0
256.0
64.2
146.0
77.2
45.4
17.8
112.0
194.0
239.0
84.0
237.0
243.0
89.7
47.1
236.0
239.0
112.0
184.0
319.0
89.3
235.0
63.5
82.1
230.0
29.4
219.0
153.0
108.0
180.0
66.0
163.0
165.0
135.0
168.0
239.0
37.7
248.0
255.0
232.0
176.0
26.3
226.0
0.0
141.0
7.0
177.0
102.0
198.0
125.0
197.0
187.0
76.3
207.0
75.7
183.0
220.0
219.0
212.0
246.0
201.0
228.0
261.0
168.0
246.0
289.0
251.0
185.0
187.0
211.0
179.0
219.0
167.0
245.0
224.0
231.0
24.7
226.0
171.0
140.0
183.0
165.0
215.0
63.2
94.1
110.0
16.6
47.9
39.2
223.0
345.0
179.0
191.0
36.4
243.0
115.0
31.5
119.0
260.0
256.0
190.0
189.0
51.1
222.0
194.0
112.0
221.0
81.2
158.0
151.0
131.0
205.0
238.0
204.0
308.0
124.0
144.0
328.0
20.9
139.0
87.4
143.0
230.0
104.0
246.0
201.0
36.7
128.0
138.0
18.2
56.8
193.0
254.0
243.0
168.0
370.0
218.0
217.0
215.0
215.0
209.0
211.0
21.1
249.0
232.0
262.0
76.3
254.0
144.0
43.7
149.0
232.0
256.0
27.0
276.0
219.0
44.8
246.0
202.0
210.0
28.0
120.0
182.0
182.0
151.0
107.0
224.0
199.0
73.8
60.1
164.0
119.0
61.3
131.0
70.7
163.0
7.4
214.0
214.0
180.0
114.0
178.0
100.0
145.0
222.0
215.0
218.0
147.0
212.0
307.0
39.7
238.0
192.0
354.0
219.0
8.1
156.0
159.0
215.0
103.0
206.0
190.0
99.6
252.0
100.0
143.0
21.9
192.0
181.0
147.0
182.0
349.0
124.0
238.0
154.0
230.0
105.0
246.0
65.2
15.5
316.0
153.0
52.6
195.0
52.5
177.0
190.0
239.0
200.0
223.0
94.6
232.0
83.8
72.6
50.6
213.0
159.0
208.0
37.9
212.0
208.0
141.0
51.0
192.0
305.0
