113.0
66.3
130.0
163.0
87.3
161.0
125.0
64.6
95.7
215.0
86.2
51.4
69.1
140.0
52.4
57.3
76.9
11.1
103.0
61.3
181.0
30.8
133.0
85.9
50.0
61.9
86.2
115.0
38.5
89.3
120.0
85.3
48.2
109.0
47.4
86.4
150.0
55.8
109.0
35.3
100.0
204.0
110.0
32.7
108.0
18.5
80.7
116.0
89.4
81.5
94.1
75.5
129.0
121.0
17.7
208.0
75.4
92.1
172.0
121.0
125.0
79.0
209.0
154.0
38.9
124.0
109.0
74.4
129.0
134.0
164.0
116.0
122.0
85.3
92.8
193.0
106.0
35.4
70.7
84.7
26.9
81.4
136.0
118.0
12.8
78.4
216.0
94.8
94.9
199.0
165.0
68.9
134.0
92.3
122.0
98.7
172.0
57.0
138.0
85.2
54.2
65.1
125.0
41.6
110.0
85.9
139.0
124.0
29.4
60.4
116.0
156.0
91.4
67.8
113.0
68.1
120.0
126.0
58.8
181.0
120.0
122.0
36.2
57.8
202.0
110.0
109.0
127.0
123.0
114.0
141.0
102.0
15.5
35.9
62.7
80.4
48.1
47.7
28.8
41.4
122.0
110.0
132.0
138.0
115.0
50.1
164.0
99.5
138.0
0.0
145.0
50.6
79.4
81.5
101.0
79.9
60.8
86.9
81.1
67.5
56.5
103.0
102.0
95.2
130.0
84.3
111.0
144.0
43.0
129.0
172.0
129.0
58.6
70.1
94.5
61.8
102.0
44.9
119.0
98.1
114.0
126.0
109.0
54.6
17.8
65.7
43.1
98.4
147.0
47.9
85.5
152.0
99.7
177.0
106.0
228.0
62.2
74.7
174.0
121.0
24.5
145.0
60.2
136.0
130.0
72.8
72.1
152.0
96.2
71.4
17.4
104.0
102.0
31.9
28.9
82.4
88.3
121.0
87.1
191.0
22.9
61.4
211.0
124.0
16.1
55.2
8.5
113.0
62.0
129.0
74.7
141.0
42.6
50.4
156.0
139.0
75.7
137.0
126.0
27.5
253.0
101.0
100.0
97.8
98.1
86.7
94.7
155.0
133.0
115.0
145.0
135.0
137.0
59.9
104.0
15.7
116.0
129.0
134.0
159.0
102.0
150.0
129.0
80.0
92.8
166.0
103.0
65.1
56.3
24.3
70.9
102.0
82.7
80.8
98.8
47.6
24.6
100.0
7.8
82.1
29.2
145.0
97.3
97.5
53.7
26.3
54.3
79.6
23.1
105.0
93.2
101.0
39.5
85.4
190.0
120.0
121.0
65.8
238.0
92.6
144.0
38.9
37.3
98.6
42.8
89.5
73.0
33.5
135.0
28.1
73.8
138.0
74.9
63.9
26.4
65.3
232.0
68.2
121.0
23.5
113.0
22.7
120.0
82.4
149.0
200.0
36.3
91.3
68.5
110.0
42.3
73.6
117.0
83.4
106.0
116.0
116.0
65.9
115.0
204.0
96.5
56.4
91.6
150.0
94.7
91.2
10.0
127.0
75.0
188.0
