236.0
199.0
254.0
35.5
83.5
24.6
258.0
97.6
229.0
339.0
210.0
172.0
202.0
62.6
176.0
141.0
213.0
139.0
227.0
194.0
304.0
131.0
22.9
210.0
97.9
186.0
210.0
238.0
172.0
130.0
244.0
220.0
177.0
42.4
180.0
210.0
274.0
189.0
248.0
168.0
224.0
328.0
234.0
107.0
232.0
117.0
204.0
68.6
213.0
205.0
218.0
209.0
253.0
62.9
131.0
332.0
208.0
216.0
27.3
33.3
57.8
75.7
332.0
47.9
172.0
248.0
83.9
211.0
73.4
47.4
20.0
240.0
251.0
209.0
113.0
317.0
230.0
163.0
194.0
218.0
143.0
214.0
260.0
242.0
135.0
87.6
340.0
74.1
219.0
323.0
30.2
143.0
258.0
216.0
251.0
228.0
295.0
190.0
55.4
209.0
178.0
189.0
249.0
160.0
243.0
131.0
263.0
57.8
153.0
84.2
51.5
21.1
119.0
201.0
246.0
90.9
244.0
250.0
96.6
33.9
243.0
246.0
119.0
191.0
326.0
96.2
242.0
57.1
75.7
237.0
23.0
226.0
160.0
115.0
186.0
72.9
170.0
171.0
142.0
175.0
246.0
43.8
255.0
262.0
238.0
183.0
19.9
233.0
6.9
148.0
0.0
184.0
109.0
205.0
132.0
204.0
194.0
83.2
214.0
82.6
190.0
226.0
226.0
219.0
253.0
208.0
235.0
268.0
175.0
253.0
296.0
258.0
192.0
194.0
218.0
185.0
225.0
174.0
252.0
231.0
238.0
30.8
233.0
178.0
147.0
189.0
172.0
222.0
56.8
101.0
117.0
23.6
54.0
42.5
230.0
352.0
186.0
198.0
30.0
250.0
122.0
34.9
126.0
267.0
263.0
197.0
196.0
44.7
229.0
200.0
119.0
228.0
88.1
165.0
158.0
138.0
212.0
245.0
211.0
314.0
131.0
151.0
334.0
26.9
146.0
94.3
150.0
236.0
111.0
253.0
208.0
30.2
135.0
145.0
11.8
50.3
199.0
261.0
250.0
175.0
377.0
225.0
224.0
222.0
222.0
216.0
218.0
9.6
256.0
239.0
269.0
69.8
261.0
151.0
49.7
156.0
239.0
262.0
33.9
283.0
226.0
38.3
253.0
209.0
217.0
31.3
81.5
189.0
189.0
157.0
114.0
231.0
206.0
80.8
67.0
171.0
126.0
68.2
138.0
77.6
170.0
10.7
221.0
221.0
187.0
121.0
185.0
107.0
152.0
229.0
222.0
225.0
154.0
219.0
314.0
45.7
245.0
199.0
361.0
226.0
15.0
163.0
166.0
222.0
110.0
213.0
197.0
106.0
259.0
107.0
150.0
24.9
199.0
188.0
154.0
189.0
356.0
131.0
245.0
160.0
237.0
112.0
253.0
72.1
8.5
323.0
160.0
59.5
202.0
58.6
184.0
197.0
246.0
207.0
230.0
102.0
239.0
90.7
66.2
44.1
220.0
165.0
215.0
31.4
218.0
215.0
147.0
44.5
199.0
312.0
