103.0
30.4
129.0
150.0
127.0
201.0
89.8
83.0
60.3
214.0
56.2
24.1
20.3
116.0
47.8
44.8
88.8
45.5
92.9
17.7
180.0
46.3
173.0
45.1
85.5
61.0
56.2
114.0
23.2
80.7
94.0
49.9
77.1
148.0
17.1
77.4
149.0
29.6
73.2
19.1
90.6
203.0
109.0
80.5
98.0
59.2
70.7
107.0
58.8
61.4
84.1
40.1
128.0
113.0
59.2
208.0
40.0
83.1
152.0
161.0
116.0
119.0
208.0
145.0
15.6
114.0
100.0
38.5
106.0
130.0
156.0
90.1
145.0
75.4
84.2
192.0
105.0
64.7
70.9
49.3
65.6
35.8
126.0
111.0
53.5
118.0
215.0
134.0
94.0
199.0
204.0
60.3
109.0
67.0
151.0
128.0
171.0
8.4
129.0
84.4
50.6
64.3
124.0
24.6
74.4
77.4
113.0
125.0
53.2
94.2
155.0
195.0
82.9
24.2
77.8
89.7
119.0
101.0
109.0
221.0
110.0
112.0
61.6
18.0
201.0
97.6
73.2
119.0
114.0
104.0
154.0
92.2
28.4
79.5
61.8
120.0
54.9
46.9
29.8
24.1
112.0
150.0
88.8
128.0
114.0
12.0
160.0
64.1
177.0
49.8
184.0
0.0
76.5
48.7
92.3
44.3
23.4
127.0
45.7
107.0
9.3
87.5
76.1
79.4
104.0
83.5
95.6
143.0
32.7
119.0
172.0
148.0
34.0
69.2
60.5
60.9
76.0
58.4
83.3
62.7
113.0
166.0
73.0
53.7
46.7
64.8
72.1
88.5
139.0
91.5
77.0
192.0
139.0
217.0
93.3
227.0
62.0
64.7
166.0
150.0
46.6
184.0
57.3
100.0
94.5
62.9
71.3
143.0
60.8
80.3
46.5
71.2
95.5
33.6
57.9
73.9
87.5
111.0
77.2
190.0
37.0
53.6
210.0
164.0
54.9
94.8
36.0
87.0
72.3
119.0
26.2
148.0
45.0
38.1
196.0
128.0
74.9
134.0
125.0
16.1
252.0
91.2
90.1
97.0
72.6
104.0
85.6
195.0
132.0
105.0
119.0
126.0
85.3
49.7
144.0
28.6
89.8
94.0
174.0
158.0
84.2
137.0
119.0
109.0
88.5
205.0
94.7
64.9
12.7
40.6
68.0
131.0
61.1
99.3
138.0
41.5
68.7
140.0
47.0
122.0
11.0
185.0
71.6
87.6
26.4
70.8
40.6
85.6
52.0
89.5
122.0
100.0
30.4
50.0
189.0
160.0
78.3
18.5
237.0
57.2
183.0
50.4
66.3
72.9
86.4
91.0
53.7
70.3
134.0
58.8
61.0
178.0
57.4
49.1
63.0
62.8
231.0
66.2
95.2
23.4
106.0
53.4
84.3
122.0
189.0
199.0
40.9
131.0
33.1
109.0
16.6
55.7
146.0
73.4
96.1
92.4
106.0
106.0
106.0
151.0
67.6
37.8
61.6
144.0
85.7
65.4
36.9
128.0
74.2
187.0
