177.0
104.0
205.0
72.5
65.0
132.0
164.0
9.7
134.0
290.0
130.0
65.1
77.3
33.3
124.0
33.9
164.0
86.8
167.0
91.7
257.0
48.7
73.6
119.0
24.1
136.0
130.0
189.0
101.0
37.5
168.0
124.0
125.0
79.4
92.6
151.0
224.0
104.0
147.0
97.0
165.0
280.0
185.0
53.4
172.0
54.8
145.0
46.5
133.0
135.0
158.0
114.0
203.0
52.0
78.5
284.0
114.0
157.0
74.3
60.0
38.9
57.1
283.0
84.5
93.5
188.0
39.1
112.0
22.3
47.8
75.3
164.0
198.0
149.0
20.1
269.0
181.0
111.0
145.0
123.0
91.1
110.0
200.0
185.0
60.0
69.1
292.0
39.5
169.0
274.0
135.0
26.2
182.0
141.0
199.0
175.0
246.0
72.8
68.2
160.0
126.0
140.0
200.0
53.2
148.0
24.2
187.0
37.2
101.0
24.0
86.3
126.0
21.7
98.1
152.0
17.7
194.0
175.0
52.8
97.1
184.0
186.0
51.8
92.0
278.0
20.3
147.0
57.8
53.4
178.0
69.0
166.0
76.7
62.1
137.0
45.8
130.0
122.0
57.5
99.5
186.0
48.7
163.0
202.0
189.0
87.5
82.8
138.0
109.0
79.4
116.0
75.2
0.0
123.0
35.7
118.0
97.4
64.6
120.0
38.0
82.7
161.0
150.0
153.0
178.0
159.0
170.0
219.0
108.0
193.0
248.0
206.0
108.0
145.0
134.0
136.0
150.0
122.0
157.0
137.0
189.0
64.8
147.0
129.0
94.4
140.0
120.0
162.0
77.7
47.2
10.8
123.0
61.5
148.0
167.0
304.0
134.0
139.0
93.0
198.0
61.8
115.0
19.2
174.0
168.0
137.0
147.0
82.1
135.0
148.0
57.0
145.0
28.7
122.0
106.0
30.4
163.0
185.0
151.0
265.0
59.3
30.4
287.0
94.9
93.6
40.7
70.9
161.0
14.9
193.0
105.0
61.8
37.1
41.7
82.9
48.0
150.0
208.0
201.0
73.3
329.0
165.0
164.0
172.0
147.0
163.0
160.0
126.0
207.0
179.0
193.0
65.3
159.0
44.3
74.9
68.4
164.0
168.0
105.0
233.0
158.0
59.9
193.0
157.0
162.0
137.0
33.8
136.0
86.6
115.0
9.4
179.0
135.0
24.8
36.5
117.0
74.0
70.7
65.1
59.1
88.1
116.0
146.0
162.0
107.0
68.5
115.0
8.3
99.8
163.0
170.0
175.0
46.9
124.0
264.0
91.2
152.0
87.8
314.0
131.0
114.0
110.0
114.0
147.0
56.5
165.0
128.0
39.4
210.0
52.2
41.3
77.4
131.0
123.0
102.0
137.0
308.0
18.9
169.0
84.8
180.0
50.2
158.0
56.5
120.0
274.0
116.0
62.0
107.0
41.3
60.5
130.0
193.0
147.0
170.0
15.1
180.0
46.9
28.8
90.5
142.0
58.5
136.0
63.6
160.0
139.0
83.6
50.4
150.0
264.0
