61.7
19.6
106.0
197.0
147.0
222.0
69.8
130.0
34.9
185.0
7.9
70.8
67.2
163.0
40.9
91.4
70.2
72.0
51.9
38.4
142.0
93.0
193.0
6.5
130.0
66.6
8.3
83.1
47.3
127.0
40.7
16.9
75.0
169.0
41.3
33.2
120.0
25.4
45.5
52.4
49.6
165.0
69.5
101.0
57.0
105.0
29.8
154.0
10.3
15.3
43.2
14.2
98.7
160.0
81.8
170.0
27.1
34.3
198.0
182.0
185.0
139.0
178.0
192.0
48.5
73.0
147.0
10.9
153.0
194.0
224.0
36.7
114.0
34.4
131.0
154.0
90.6
86.0
29.9
30.1
89.5
40.8
84.9
70.2
94.3
139.0
177.0
155.0
63.8
169.0
225.0
107.0
55.2
29.7
115.0
102.0
142.0
55.2
176.0
54.6
31.1
69.9
93.9
71.2
53.9
124.0
60.0
184.0
65.0
138.0
176.0
216.0
130.0
46.1
59.4
165.0
79.2
47.2
130.0
241.0
68.8
71.0
108.0
36.3
163.0
171.0
53.7
165.0
161.0
62.7
201.0
51.3
71.6
100.0
43.0
141.0
60.6
52.5
76.5
45.9
71.1
170.0
52.5
87.5
84.6
48.3
224.0
44.6
198.0
80.7
205.0
48.7
123.0
0.0
139.0
8.5
29.3
147.0
26.5
128.0
52.5
34.2
22.7
26.1
50.5
60.5
42.2
114.0
46.2
78.2
134.0
119.0
20.3
40.2
24.2
50.6
22.7
64.1
63.8
42.6
84.0
186.0
30.0
59.3
64.9
44.9
74.4
47.5
185.0
112.0
124.0
212.0
160.0
237.0
40.0
189.0
33.3
23.8
234.0
112.0
97.5
205.0
104.0
63.7
65.0
21.9
57.9
190.0
41.3
74.8
95.3
25.1
163.0
53.7
62.8
121.0
69.3
70.1
36.3
161.0
87.9
100.0
172.0
184.0
78.7
115.0
79.2
33.6
119.0
78.5
50.2
201.0
91.7
84.8
216.0
175.0
68.5
93.4
96.6
70.3
214.0
50.2
49.1
73.3
19.0
87.7
33.3
215.0
103.0
64.3
65.7
173.0
57.9
96.3
164.0
78.3
36.5
70.2
195.0
122.0
30.8
184.0
78.2
97.4
47.5
226.0
141.0
36.2
42.2
58.3
115.0
95.7
15.0
141.0
159.0
41.0
96.8
160.0
85.8
142.0
57.2
205.0
18.2
46.6
27.0
91.4
25.1
132.0
73.2
36.2
102.0
78.5
77.1
23.9
160.0
181.0
42.2
58.9
199.0
38.0
204.0
56.1
69.3
19.5
107.0
50.1
8.3
128.0
105.0
106.0
108.0
198.0
10.8
19.9
86.8
21.9
193.0
113.0
41.8
66.7
65.2
110.0
65.3
143.0
209.0
170.0
49.8
151.0
33.7
170.0
63.2
14.7
117.0
32.5
55.1
139.0
64.7
126.0
175.0
198.0
17.4
84.4
8.6
210.0
44.7
7.9
70.8
187.0
58.7
149.0
