193.0
121.0
221.0
68.7
81.7
149.0
180.0
47.3
151.0
306.0
147.0
81.7
85.9
36.2
140.0
51.2
181.0
142.0
183.0
108.0
273.0
69.5
86.4
136.0
66.3
153.0
147.0
206.0
118.0
11.7
185.0
140.0
180.0
96.2
109.0
168.0
241.0
120.0
164.0
114.0
181.0
297.0
201.0
109.0
189.0
95.2
161.0
27.4
149.0
152.0
175.0
131.0
220.0
31.6
133.0
301.0
130.0
174.0
70.5
82.6
52.4
73.9
300.0
64.1
110.0
204.0
11.9
129.0
35.5
49.5
76.1
181.0
237.0
166.0
19.9
286.0
197.0
165.0
161.0
140.0
146.0
126.0
216.0
202.0
95.1
85.8
309.0
56.3
186.0
291.0
152.0
32.1
199.0
157.0
254.0
230.0
263.0
89.3
47.8
176.0
143.0
156.0
216.0
69.8
165.0
16.7
204.0
44.9
156.0
61.4
103.0
143.0
14.3
115.0
168.0
47.7
211.0
191.0
94.8
93.3
200.0
202.0
72.6
109.0
295.0
40.2
164.0
37.4
33.0
194.0
73.5
183.0
93.2
118.0
154.0
62.6
147.0
139.0
74.1
116.0
203.0
71.3
179.0
219.0
206.0
104.0
79.0
155.0
125.0
100.0
132.0
91.8
40.5
139.0
0.0
135.0
114.0
81.4
136.0
85.1
99.3
178.0
167.0
170.0
194.0
175.0
186.0
235.0
125.0
210.0
265.0
240.0
124.0
161.0
151.0
153.0
167.0
177.0
174.0
153.0
205.0
80.7
163.0
146.0
149.0
157.0
175.0
179.0
57.3
104.0
25.0
140.0
78.2
165.0
184.0
321.0
154.0
155.0
84.5
252.0
82.6
132.0
50.0
191.0
185.0
153.0
163.0
61.7
151.0
172.0
88.5
162.0
45.5
139.0
161.0
21.0
179.0
202.0
168.0
282.0
80.1
40.3
303.0
112.0
148.0
96.8
91.7
177.0
55.2
210.0
122.0
68.1
57.8
58.2
83.6
48.0
167.0
225.0
217.0
89.8
345.0
182.0
181.0
189.0
163.0
196.0
176.0
142.0
224.0
196.0
210.0
35.7
176.0
55.5
91.7
88.1
180.0
184.0
122.0
250.0
175.0
56.1
210.0
212.0
179.0
153.0
20.3
157.0
103.0
131.0
42.0
234.0
152.0
59.2
62.9
134.0
129.0
87.4
98.3
75.8
105.0
133.0
162.0
178.0
124.0
123.0
131.0
32.1
155.0
180.0
225.0
192.0
63.4
140.0
281.0
108.0
169.0
104.0
330.0
148.0
131.0
142.0
169.0
163.0
112.0
182.0
144.0
81.5
226.0
109.0
32.9
82.0
148.0
140.0
156.0
153.0
324.0
34.1
186.0
101.0
197.0
90.5
175.0
73.2
137.0
291.0
133.0
78.7
124.0
58.1
77.1
146.0
248.0
164.0
187.0
31.9
196.0
93.2
45.6
70.1
158.0
75.0
152.0
64.3
176.0
156.0
128.0
62.4
166.0
281.0
