66.1
14.5
111.0
192.0
152.0
226.0
82.6
125.0
47.6
190.0
19.6
65.7
62.1
158.0
45.4
86.3
74.6
76.4
56.4
33.2
146.0
87.9
197.0
12.9
127.0
71.1
19.6
87.6
42.2
122.0
53.5
29.6
79.5
173.0
36.2
40.9
124.0
20.3
58.3
47.2
54.0
170.0
74.0
105.0
61.5
110.0
34.2
149.0
23.1
24.8
47.6
16.0
103.0
154.0
86.2
174.0
39.1
46.5
193.0
186.0
158.0
144.0
183.0
187.0
43.3
77.4
142.0
7.0
148.0
171.0
198.0
49.5
118.0
38.9
126.0
159.0
95.0
90.4
34.3
42.9
93.9
53.6
89.3
74.6
98.8
143.0
182.0
159.0
68.2
174.0
229.0
102.0
67.9
30.4
119.0
106.0
146.0
50.0
171.0
59.1
22.7
74.3
98.3
66.1
66.7
119.0
72.8
166.0
69.4
143.0
180.0
220.0
124.0
37.5
72.2
131.0
83.6
60.0
134.0
246.0
73.2
75.4
103.0
31.2
168.0
139.0
66.5
160.0
156.0
67.2
206.0
55.7
66.5
104.0
33.2
145.0
65.0
56.9
71.4
26.0
75.5
175.0
65.3
91.9
89.1
43.1
229.0
57.3
202.0
78.8
209.0
43.5
118.0
12.2
134.0
0.0
24.1
152.0
39.3
132.0
47.3
46.9
35.5
38.8
63.3
64.9
55.0
119.0
28.1
82.7
138.0
123.0
14.6
44.7
23.9
39.9
35.5
68.5
76.6
55.4
88.4
191.0
42.8
63.8
69.3
49.3
78.9
52.0
180.0
116.0
119.0
217.0
164.0
242.0
52.8
194.0
21.5
28.2
239.0
116.0
92.4
209.0
98.8
76.5
77.8
26.3
62.3
185.0
54.1
79.2
92.3
37.9
167.0
50.1
67.2
115.0
73.7
74.5
40.7
165.0
82.8
95.2
176.0
189.0
83.2
120.0
74.1
46.4
114.0
82.9
45.1
206.0
86.6
79.6
221.0
170.0
73.0
97.8
101.0
65.2
218.0
54.6
53.6
77.7
31.8
92.1
49.1
220.0
107.0
68.7
78.5
168.0
70.7
91.2
169.0
73.1
49.3
83.0
199.0
126.0
43.6
179.0
82.6
102.0
51.9
230.0
136.0
26.4
37.1
58.0
110.0
100.0
24.5
145.0
163.0
45.4
101.0
165.0
86.5
147.0
52.1
210.0
31.0
51.1
19.3
95.8
13.7
127.0
77.7
49.0
107.0
83.0
71.9
36.7
164.0
185.0
55.0
50.3
203.0
50.8
208.0
60.5
73.7
32.3
111.0
54.5
17.2
132.0
109.0
111.0
102.0
203.0
20.9
11.4
91.2
26.3
197.0
108.0
54.6
61.5
69.6
114.0
78.1
147.0
214.0
174.0
54.2
156.0
32.2
174.0
58.1
11.9
121.0
36.9
59.5
134.0
69.1
131.0
148.0
193.0
30.2
79.3
25.0
186.0
49.2
24.9
65.9
191.0
63.1
154.0
