83.5
11.3
126.0
171.0
136.0
210.0
67.4
104.0
37.9
211.0
37.0
45.0
41.5
137.0
44.4
65.7
85.4
54.6
73.8
8.0
164.0
67.2
182.0
25.9
106.0
57.6
37.0
110.0
22.3
102.0
71.6
27.4
66.0
157.0
16.2
64.1
146.0
8.8
50.8
27.3
71.4
187.0
106.0
89.6
78.9
77.4
51.6
128.0
36.4
42.2
65.0
17.7
125.0
134.0
68.3
191.0
17.6
65.2
173.0
170.0
137.0
128.0
204.0
166.0
23.4
94.8
121.0
19.4
127.0
150.0
177.0
67.6
141.0
56.3
105.0
176.0
102.0
73.8
51.7
26.9
74.8
23.6
107.0
92.0
71.7
127.0
199.0
144.0
90.6
195.0
213.0
81.2
86.1
60.6
142.0
129.0
167.0
29.4
150.0
81.0
47.2
60.8
121.0
45.4
52.0
98.3
90.9
146.0
46.8
115.0
164.0
204.0
104.0
13.1
55.4
111.0
101.0
78.1
118.0
230.0
90.6
92.8
82.5
8.2
185.0
118.0
50.8
140.0
135.0
84.6
174.0
73.1
45.9
88.6
58.4
129.0
51.5
43.5
50.7
20.9
92.9
159.0
66.4
109.0
110.0
23.2
181.0
41.6
187.0
58.9
194.0
22.9
97.4
29.6
113.0
25.2
0.0
136.0
23.3
116.0
26.7
65.1
53.7
57.0
81.5
80.1
73.1
140.0
29.3
100.0
155.0
144.0
14.8
62.0
55.1
57.5
53.6
55.0
60.9
40.3
110.0
175.0
50.6
50.3
55.8
61.4
65.4
69.3
160.0
101.0
97.9
201.0
148.0
226.0
70.9
211.0
58.6
45.6
187.0
139.0
71.7
193.0
78.2
78.0
72.0
43.7
67.9
164.0
38.4
76.9
71.6
48.8
116.0
30.2
53.7
94.8
84.0
91.9
58.1
186.0
62.1
74.5
194.0
173.0
64.0
104.0
53.4
64.5
93.1
100.0
20.7
169.0
65.9
59.0
205.0
149.0
71.5
115.0
122.0
44.5
236.0
72.0
71.0
93.6
50.2
100.0
64.3
204.0
128.0
86.1
96.6
147.0
62.8
70.6
153.0
52.5
67.4
71.6
183.0
155.0
61.8
158.0
100.0
113.0
69.3
215.0
116.0
61.5
16.5
38.0
88.9
123.0
41.9
130.0
148.0
38.1
77.8
149.0
66.6
131.0
31.4
194.0
49.2
68.5
14.3
79.9
21.5
107.0
61.1
67.1
126.0
96.5
51.3
27.6
186.0
169.0
55.8
26.0
221.0
34.8
192.0
47.0
60.2
50.5
95.5
71.9
34.6
91.1
131.0
94.8
81.8
187.0
38.3
30.0
72.1
43.7
215.0
87.1
72.8
40.9
87.0
81.6
61.8
131.0
198.0
195.0
37.4
140.0
10.7
158.0
37.4
36.5
144.0
54.3
76.9
113.0
86.5
115.0
127.0
172.0
45.2
58.7
46.0
165.0
66.6
43.0
46.0
176.0
70.7
171.0
