179.0
142.0
196.0
97.7
8.0
98.6
201.0
46.6
171.0
281.0
152.0
109.0
145.0
75.2
119.0
77.3
156.0
81.6
169.0
137.0
247.0
73.4
70.1
152.0
36.2
128.0
152.0
181.0
114.0
79.2
186.0
162.0
120.0
45.9
123.0
153.0
216.0
131.0
191.0
111.0
167.0
270.0
176.0
49.1
174.0
59.3
147.0
88.2
156.0
148.0
160.0
151.0
195.0
93.7
73.2
275.0
151.0
158.0
99.2
58.6
60.0
13.1
275.0
126.0
114.0
190.0
80.9
153.0
64.2
68.9
96.4
182.0
193.0
151.0
62.0
259.0
172.0
105.0
137.0
160.0
85.9
157.0
202.0
184.0
77.9
6.3
282.0
29.5
161.0
266.0
102.0
91.8
200.0
158.0
194.0
170.0
238.0
132.0
110.0
151.0
120.0
131.0
191.0
96.7
185.0
80.2
205.0
58.3
95.6
29.8
41.8
92.8
68.1
143.0
189.0
39.9
186.0
192.0
15.6
118.0
186.0
188.0
60.9
133.0
268.0
45.2
184.0
99.6
95.1
180.0
75.5
168.0
103.0
57.8
129.0
19.1
113.0
114.0
84.8
117.0
188.0
47.4
198.0
205.0
181.0
126.0
101.0
175.0
75.0
90.3
82.0
126.0
57.6
148.0
81.0
146.0
136.0
0.0
157.0
21.8
132.0
169.0
168.0
161.0
196.0
150.0
177.0
210.0
117.0
195.0
239.0
201.0
134.0
136.0
161.0
128.0
168.0
116.0
194.0
174.0
180.0
60.2
175.0
121.0
89.2
132.0
115.0
165.0
119.0
26.9
65.6
89.4
34.0
114.0
173.0
294.0
128.0
141.0
111.0
192.0
64.2
70.8
62.7
209.0
205.0
139.0
138.0
104.0
172.0
143.0
61.4
170.0
37.1
107.0
100.0
86.9
154.0
187.0
153.0
257.0
73.2
73.8
277.0
61.4
88.4
36.7
92.7
179.0
47.6
195.0
150.0
75.6
77.4
85.1
93.2
73.3
142.0
203.0
192.0
117.0
319.0
167.0
166.0
164.0
164.0
158.0
161.0
92.1
199.0
181.0
211.0
107.0
203.0
87.8
41.4
98.1
182.0
205.0
60.5
225.0
169.0
85.2
195.0
151.0
159.0
103.0
75.6
131.0
132.0
99.8
63.1
174.0
149.0
25.8
31.2
114.0
68.7
22.4
80.3
6.2
112.0
82.5
163.0
164.0
129.0
63.3
128.0
56.2
94.6
171.0
165.0
167.0
90.3
161.0
256.0
46.6
187.0
141.0
304.0
168.0
80.9
105.0
109.0
165.0
37.1
156.0
139.0
48.9
201.0
49.4
98.8
75.1
141.0
130.0
96.4
131.0
298.0
79.5
187.0
103.0
179.0
54.6
195.0
9.4
86.5
266.0
102.0
28.4
144.0
41.7
127.0
140.0
188.0
150.0
172.0
50.5
182.0
16.8
49.9
141.0
163.0
102.0
158.0
84.7
161.0
157.0
89.8
61.2
141.0
254.0
