84.5
31.8
129.0
192.0
156.0
230.0
52.7
125.0
23.3
208.0
38.7
66.2
52.6
158.0
63.7
86.8
93.0
74.6
74.7
29.4
165.0
88.4
202.0
20.7
128.0
77.6
38.7
106.0
42.3
123.0
57.1
12.9
86.0
178.0
36.3
49.6
143.0
30.5
36.2
47.4
72.4
188.0
92.4
110.0
79.9
97.5
52.6
149.0
21.9
43.9
66.0
16.3
122.0
155.0
88.4
192.0
8.8
50.6
194.0
190.0
158.0
148.0
201.0
187.0
43.5
95.8
142.0
24.4
148.0
172.0
198.0
53.1
137.0
57.2
126.0
177.0
113.0
93.9
52.7
5.0
94.8
22.2
108.0
93.0
91.8
147.0
200.0
164.0
86.6
192.0
234.0
102.0
71.5
46.0
137.0
124.0
164.0
50.6
171.0
77.4
54.0
80.9
117.0
66.6
37.3
119.0
76.4
167.0
66.8
147.0
184.0
224.0
125.0
29.9
40.8
132.0
102.0
63.6
138.0
250.0
91.6
93.8
104.0
31.7
186.0
140.0
36.1
161.0
156.0
85.5
196.0
74.1
67.0
109.0
78.5
149.0
71.6
63.5
71.9
40.9
93.9
179.0
51.8
110.0
107.0
43.3
202.0
27.0
207.0
78.9
214.0
44.1
119.0
26.3
134.0
33.5
22.1
156.0
0.0
136.0
47.9
50.5
39.1
42.4
66.9
83.3
58.6
137.0
49.4
101.0
156.0
141.0
35.3
63.0
40.6
77.5
39.1
75.1
46.3
25.6
107.0
195.0
35.9
70.3
75.9
67.7
85.4
63.1
181.0
121.0
119.0
221.0
168.0
246.0
56.4
212.0
56.1
46.6
208.0
135.0
92.9
213.0
99.4
63.3
57.4
44.7
80.7
185.0
23.8
97.6
95.5
34.1
138.0
50.3
73.8
116.0
92.1
92.9
59.1
183.0
83.3
95.7
195.0
193.0
84.1
124.0
77.6
50.0
114.0
101.0
31.6
190.0
87.1
80.2
225.0
170.0
91.5
116.0
119.0
65.7
237.0
63.4
72.0
96.1
35.4
111.0
49.7
224.0
125.0
87.1
82.1
168.0
48.2
91.7
173.0
73.7
52.9
56.9
203.0
145.0
47.2
180.0
101.0
120.0
70.3
235.0
137.0
59.0
37.6
58.1
110.0
118.0
45.4
150.0
168.0
58.2
97.9
169.0
86.7
151.0
52.6
214.0
34.6
69.4
34.7
100.0
41.9
128.0
81.2
52.5
125.0
101.0
72.5
8.8
183.0
189.0
41.2
42.7
222.0
19.4
212.0
67.0
80.3
35.9
116.0
72.9
35.6
112.0
128.0
115.0
103.0
207.0
40.0
42.7
92.1
44.7
216.0
108.0
58.2
62.6
88.0
102.0
47.2
151.0
218.0
192.0
57.5
160.0
14.7
179.0
58.6
37.5
140.0
55.3
77.9
135.0
87.5
135.0
148.0
193.0
30.5
79.9
31.4
186.0
56.2
28.5
66.1
196.0
81.5
172.0
