159.0
122.0
177.0
99.7
24.0
98.1
181.0
28.3
152.0
262.0
133.0
93.0
125.0
77.1
99.2
61.8
136.0
62.3
150.0
117.0
228.0
54.0
69.5
133.0
18.8
109.0
133.0
161.0
94.6
81.1
167.0
143.0
100.0
45.4
104.0
133.0
197.0
112.0
171.0
91.5
147.0
251.0
157.0
29.7
155.0
39.9
127.0
90.1
136.0
128.0
141.0
132.0
176.0
95.6
53.9
255.0
132.0
139.0
108.0
58.1
61.9
15.7
255.0
128.0
95.1
171.0
82.8
134.0
66.2
70.8
101.0
163.0
174.0
132.0
63.9
240.0
153.0
86.0
118.0
141.0
66.6
138.0
183.0
165.0
58.5
12.3
263.0
31.5
142.0
246.0
101.0
65.7
181.0
139.0
174.0
151.0
218.0
113.0
112.0
132.0
101.0
112.0
172.0
81.1
166.0
82.2
186.0
60.2
76.2
14.0
52.3
92.3
70.0
124.0
169.0
41.8
167.0
173.0
16.7
118.0
166.0
169.0
41.6
114.0
249.0
47.1
165.0
101.0
97.1
160.0
77.8
149.0
83.4
38.4
109.0
17.1
93.2
94.5
65.4
97.6
169.0
46.9
178.0
185.0
162.0
106.0
101.0
156.0
74.5
71.0
81.5
107.0
38.0
128.0
82.9
127.0
117.0
23.6
137.0
0.0
113.0
149.0
149.0
142.0
176.0
131.0
158.0
191.0
97.7
176.0
219.0
181.0
115.0
117.0
141.0
109.0
149.0
97.1
175.0
154.0
161.0
62.6
156.0
101.0
69.9
112.0
95.2
145.0
121.0
18.8
67.6
88.9
36.3
114.0
153.0
275.0
109.0
121.0
111.0
173.0
44.9
81.2
47.1
190.0
186.0
120.0
119.0
106.0
152.0
124.0
42.1
151.0
39.0
88.1
81.1
88.8
135.0
168.0
134.0
238.0
53.9
58.3
257.0
60.9
69.0
17.3
73.4
159.0
32.1
176.0
131.0
77.9
58.1
69.6
92.7
75.2
123.0
184.0
173.0
97.7
300.0
148.0
147.0
145.0
145.0
139.0
141.0
91.6
179.0
162.0
192.0
109.0
184.0
72.2
40.9
78.8
162.0
186.0
71.0
206.0
149.0
87.1
176.0
132.0
140.0
102.0
77.5
112.0
112.0
80.5
41.3
154.0
129.0
16.7
35.4
94.4
49.4
36.6
60.9
18.8
92.9
81.9
144.0
144.0
110.0
43.9
108.0
58.1
75.2
152.0
145.0
148.0
74.8
142.0
237.0
57.1
168.0
122.0
284.0
149.0
80.3
85.7
89.4
145.0
32.9
136.0
120.0
29.5
182.0
30.0
70.7
74.6
122.0
111.0
77.0
112.0
279.0
54.8
168.0
83.5
160.0
35.2
176.0
19.1
86.0
246.0
83.1
27.9
125.0
46.4
88.4
120.0
169.0
130.0
153.0
52.4
162.0
9.6
51.8
141.0
143.0
86.4
138.0
86.6
142.0
138.0
70.5
63.5
122.0
235.0
