107.0
34.6
135.0
156.0
133.0
208.0
93.9
89.5
64.4
220.0
60.3
20.3
13.3
123.0
53.6
51.2
94.7
52.0
97.0
13.4
186.0
52.8
179.0
49.2
92.0
66.8
60.3
120.0
31.5
87.2
98.1
54.0
75.2
155.0
22.9
81.5
155.0
33.7
77.4
26.3
94.7
209.0
115.0
87.0
102.0
65.7
74.8
114.0
62.9
65.5
88.2
44.2
134.0
119.0
65.7
213.0
44.1
87.2
158.0
168.0
123.0
125.0
214.0
152.0
22.7
118.0
107.0
42.6
113.0
136.0
163.0
94.2
150.0
79.5
90.7
198.0
111.0
71.2
75.0
53.4
72.1
25.2
130.0
115.0
60.0
125.0
221.0
141.0
99.8
204.0
211.0
66.8
113.0
71.1
151.0
134.0
177.0
7.1
136.0
90.2
56.4
70.1
130.0
31.0
78.5
83.9
117.0
131.0
59.6
101.0
162.0
202.0
89.4
13.6
81.9
96.1
125.0
105.0
115.0
227.0
114.0
116.0
68.1
22.1
207.0
104.0
77.3
125.0
121.0
108.0
160.0
96.3
34.8
86.0
67.7
127.0
60.8
52.7
36.3
29.9
116.0
156.0
92.9
133.0
120.0
17.8
167.0
68.2
184.0
56.2
191.0
9.3
82.9
52.8
98.8
48.4
21.4
133.0
49.8
114.0
0.0
91.6
80.2
83.5
108.0
89.3
99.7
149.0
38.6
123.0
177.0
154.0
38.1
75.1
64.6
66.7
80.1
64.3
87.4
66.8
119.0
172.0
77.1
59.5
53.2
70.7
78.5
92.6
145.0
98.0
83.5
198.0
146.0
223.0
97.5
233.0
67.9
68.9
172.0
148.0
60.7
191.0
63.8
105.0
98.6
67.0
77.1
150.0
64.9
86.1
60.6
75.3
102.0
39.5
64.3
80.3
93.3
115.0
81.3
196.0
51.1
60.1
216.0
170.0
61.4
101.0
42.4
91.1
78.7
124.0
17.1
155.0
51.5
44.6
202.0
135.0
80.7
138.0
131.0
30.1
258.0
95.3
94.2
103.0
76.7
109.0
89.7
201.0
138.0
109.0
123.0
133.0
89.4
56.1
150.0
41.5
93.9
98.1
180.0
164.0
88.3
144.0
123.0
115.0
92.6
212.0
101.0
70.8
12.2
47.1
74.5
132.0
65.2
106.0
145.0
47.4
75.2
146.0
53.4
128.0
20.4
191.0
75.7
91.7
32.2
77.3
44.7
92.1
58.5
93.6
129.0
106.0
36.9
54.1
195.0
167.0
82.4
10.1
243.0
30.7
190.0
56.3
72.7
77.0
92.9
95.1
57.8
76.7
140.0
72.9
67.4
184.0
61.5
53.2
69.4
66.9
237.0
72.7
99.3
29.9
110.0
67.5
88.4
129.0
195.0
205.0
46.7
137.0
37.2
116.0
23.0
59.8
153.0
77.5
100.0
98.9
110.0
112.0
113.0
158.0
71.7
34.1
65.7
151.0
89.8
69.6
43.4
134.0
80.0
193.0
