51.5
54.1
105.0
235.0
169.0
243.0
51.3
168.0
40.9
176.0
35.9
110.0
93.2
202.0
62.3
130.0
79.9
93.4
47.8
72.8
130.0
132.0
214.0
35.5
152.0
88.0
48.1
90.1
85.7
166.0
22.2
41.3
96.4
190.0
79.7
21.1
111.0
59.9
27.0
90.7
37.5
153.0
76.5
122.0
56.2
127.0
26.6
193.0
28.7
24.3
49.6
43.2
94.7
198.0
103.0
157.0
51.5
13.8
253.0
203.0
207.0
161.0
170.0
231.0
86.8
60.9
186.0
43.9
192.0
216.0
246.0
18.2
113.0
50.6
170.0
142.0
89.7
107.0
62.1
55.1
111.0
65.2
72.8
59.5
116.0
160.0
165.0
176.0
63.0
161.0
246.0
146.0
36.6
13.2
122.0
109.0
133.0
93.9
215.0
64.3
52.5
83.9
93.1
110.0
35.4
163.0
41.5
205.0
86.3
160.0
197.0
237.0
168.0
70.5
40.9
187.0
73.3
28.7
151.0
262.0
56.6
58.9
147.0
75.1
151.0
192.0
45.3
204.0
200.0
50.6
223.0
45.9
110.0
121.0
64.4
162.0
81.9
73.9
115.0
84.3
59.1
192.0
34.0
75.4
83.8
86.6
246.0
50.6
219.0
102.0
226.0
87.4
162.0
35.7
178.0
42.9
65.4
168.0
50.9
149.0
91.2
0.0
13.3
13.6
32.0
70.2
9.1
121.0
67.6
66.1
121.0
118.0
54.8
72.4
31.7
87.9
11.5
85.4
57.3
48.6
90.9
207.0
18.3
80.7
86.2
77.1
107.0
32.4
224.0
133.0
162.0
234.0
181.0
259.0
6.0
177.0
54.7
56.0
256.0
119.0
126.0
226.0
143.0
45.2
46.5
33.5
67.6
228.0
47.4
84.5
117.0
22.5
184.0
75.0
84.1
159.0
79.0
58.0
52.5
152.0
127.0
139.0
160.0
206.0
100.0
137.0
105.0
8.5
158.0
66.3
74.6
223.0
130.0
124.0
238.0
214.0
78.2
81.3
84.5
109.0
202.0
32.7
44.3
72.4
17.8
97.4
9.7
236.0
102.0
52.2
47.2
212.0
39.4
135.0
186.0
117.0
8.1
51.7
216.0
110.0
5.8
223.0
66.1
107.0
57.2
247.0
180.0
57.6
81.0
79.6
153.0
103.0
22.4
162.0
180.0
62.4
118.0
182.0
107.0
164.0
96.0
227.0
14.3
50.4
61.5
113.0
57.3
171.0
94.6
3.4
109.0
85.4
116.0
41.0
151.0
202.0
23.7
83.3
187.0
62.4
225.0
77.4
90.7
12.3
128.0
59.8
45.0
149.0
104.0
128.0
146.0
219.0
31.5
52.1
108.0
54.0
181.0
152.0
23.3
106.0
64.4
131.0
46.8
164.0
231.0
161.0
71.1
173.0
58.1
191.0
102.0
46.9
124.0
64.7
43.0
197.0
54.9
147.0
197.0
237.0
29.2
123.0
27.9
231.0
13.2
26.8
92.2
208.0
68.4
137.0
