60.8
41.5
126.0
223.0
167.0
241.0
49.6
156.0
21.6
186.0
23.4
97.0
80.6
189.0
60.6
118.0
89.9
91.6
57.1
60.2
139.0
119.0
213.0
22.9
150.0
86.3
35.5
103.0
73.1
154.0
20.5
28.7
94.7
189.0
67.1
28.1
120.0
47.4
25.4
78.2
46.8
163.0
78.0
121.0
65.5
125.0
33.0
180.0
16.2
25.7
62.8
30.7
104.0
186.0
101.0
167.0
38.9
20.9
225.0
201.0
205.0
159.0
179.0
218.0
74.3
70.2
173.0
31.3
179.0
214.0
244.0
16.5
134.0
54.1
157.0
152.0
99.0
106.0
49.6
42.6
109.0
52.6
82.1
78.6
114.0
158.0
174.0
175.0
83.5
170.0
245.0
133.0
35.0
17.9
123.0
110.0
142.0
81.4
202.0
74.3
50.8
89.5
102.0
97.5
33.7
150.0
39.8
203.0
84.6
158.0
195.0
235.0
156.0
57.9
39.2
185.0
87.6
27.0
149.0
261.0
65.9
68.1
135.0
62.6
160.0
190.0
47.2
192.0
187.0
59.9
221.0
55.2
97.9
120.0
62.7
160.0
80.2
72.2
103.0
71.8
68.3
190.0
32.4
84.7
104.0
74.1
244.0
38.1
218.0
100.0
225.0
74.9
149.0
23.1
165.0
30.3
52.9
167.0
38.3
147.0
78.7
13.0
0.0
16.8
30.4
80.1
22.0
134.0
65.8
75.4
131.0
138.0
42.2
59.9
19.1
70.3
14.7
83.7
57.3
36.1
104.0
206.0
7.7
79.0
84.5
64.6
94.1
41.6
212.0
132.0
150.0
232.0
180.0
257.0
19.3
186.0
53.0
43.4
254.0
120.0
124.0
224.0
130.0
43.6
44.8
41.5
77.5
216.0
34.8
94.4
115.0
6.6
182.0
73.3
82.4
147.0
88.9
67.3
55.9
161.0
114.0
127.0
169.0
204.0
98.4
135.0
108.0
13.4
145.0
75.6
62.1
221.0
118.0
111.0
236.0
201.0
88.2
90.6
93.8
96.5
211.0
42.0
53.6
92.9
5.2
107.0
18.7
235.0
111.0
61.5
45.6
199.0
37.8
123.0
184.0
104.0
16.3
50.1
214.0
119.0
11.6
210.0
75.4
117.0
67.2
246.0
168.0
55.9
68.5
77.9
141.0
104.0
23.9
161.0
179.0
60.7
116.0
180.0
105.0
162.0
83.5
225.0
10.1
59.7
49.0
111.0
44.8
159.0
92.9
15.0
122.0
87.0
103.0
28.4
160.0
200.0
22.1
70.7
196.0
49.9
224.0
75.7
89.0
5.4
127.0
69.7
32.4
147.0
113.0
126.0
134.0
218.0
36.8
39.5
106.0
41.5
190.0
139.0
21.7
93.4
73.6
129.0
45.2
162.0
229.0
170.0
69.4
171.0
45.6
190.0
89.5
34.4
136.0
52.1
52.3
165.0
64.2
146.0
195.0
224.0
16.7
111.0
15.3
230.0
26.0
14.3
90.5
207.0
78.4
147.0
