44.2
46.1
98.0
228.0
162.0
236.0
55.3
160.0
32.4
169.0
8.8
102.0
85.2
194.0
55.1
122.0
72.6
86.2
43.7
64.8
122.0
124.0
207.0
27.5
145.0
80.8
11.6
82.7
77.7
158.0
28.9
33.3
89.2
183.0
71.7
9.0
104.0
52.0
31.0
82.8
30.2
146.0
69.1
115.0
56.6
119.0
16.0
185.0
20.8
8.8
42.2
35.2
87.3
190.0
96.0
150.0
43.5
6.3
246.0
196.0
200.0
153.0
162.0
223.0
78.9
53.6
178.0
35.9
184.0
209.0
239.0
24.6
113.0
43.2
162.0
135.0
82.4
100.0
45.4
46.6
104.0
57.2
65.4
52.1
109.0
153.0
158.0
169.0
55.6
153.0
239.0
138.0
43.3
2.5
106.0
93.4
125.0
86.0
207.0
57.0
45.3
76.6
93.5
102.0
39.4
155.0
48.2
198.0
79.2
153.0
190.0
230.0
160.0
62.5
44.9
180.0
71.0
35.4
144.0
255.0
49.3
51.5
139.0
67.2
144.0
185.0
51.2
196.0
192.0
43.3
215.0
38.5
102.0
114.0
57.2
155.0
74.7
66.7
107.0
76.3
51.7
185.0
38.0
68.0
76.4
78.7
239.0
42.1
212.0
94.9
219.0
79.5
154.0
27.7
170.0
34.9
57.5
161.0
42.9
142.0
83.3
13.5
17.4
0.0
38.7
62.8
23.3
114.0
60.4
58.8
114.0
110.0
46.8
56.5
4.6
68.5
4.0
78.2
61.4
40.1
83.5
200.0
23.6
73.5
79.1
61.2
99.5
25.0
216.0
126.0
154.0
227.0
174.0
251.0
18.4
170.0
47.5
39.2
249.0
112.0
119.0
219.0
135.0
49.2
50.5
26.4
60.2
221.0
38.9
77.1
110.0
23.0
177.0
67.8
76.9
151.0
71.6
50.6
45.1
144.0
119.0
131.0
152.0
199.0
92.9
130.0
97.7
21.8
150.0
59.0
66.7
216.0
123.0
116.0
230.0
206.0
70.9
73.9
77.2
101.0
194.0
25.4
36.9
72.8
16.8
84.8
5.8
229.0
94.4
44.8
53.9
204.0
43.4
127.0
179.0
109.0
24.7
55.7
209.0
103.0
7.8
215.0
58.7
99.8
49.9
240.0
172.0
50.4
73.0
72.5
145.0
87.5
7.2
155.0
173.0
55.2
111.0
174.0
99.9
156.0
88.0
220.0
8.8
43.0
53.5
106.0
49.3
163.0
87.4
16.9
102.0
70.3
108.0
32.4
144.0
195.0
27.7
75.3
179.0
54.4
218.0
70.2
83.5
9.8
121.0
52.4
17.1
142.0
96.7
120.0
138.0
212.0
14.8
44.1
101.0
36.3
174.0
144.0
30.0
90.5
57.0
124.0
50.8
157.0
224.0
153.0
63.9
166.0
50.1
184.0
94.0
38.9
109.0
48.8
35.6
190.0
47.6
140.0
190.0
229.0
20.7
115.0
8.4
224.0
12.3
13.2
85.0
201.0
61.1
130.0
