83.1
70.4
137.0
252.0
196.0
270.0
54.9
185.0
39.2
208.0
52.2
126.0
109.0
218.0
89.4
146.0
119.0
120.0
82.7
89.1
161.0
148.0
242.0
51.8
179.0
115.0
64.4
132.0
102.0
182.0
14.6
57.5
124.0
217.0
96.0
50.4
142.0
76.2
30.6
107.0
69.1
185.0
118.0
150.0
87.8
154.0
55.2
209.0
45.0
54.5
91.6
59.5
126.0
215.0
130.0
189.0
67.8
43.9
254.0
230.0
234.0
188.0
201.0
247.0
103.0
92.5
202.0
60.2
208.0
243.0
273.0
17.3
145.0
82.9
186.0
174.0
139.0
134.0
78.4
71.4
138.0
81.5
104.0
91.1
143.0
187.0
197.0
203.0
112.0
192.0
273.0
162.0
7.8
40.9
163.0
150.0
164.0
110.0
231.0
103.0
79.6
118.0
142.0
126.0
38.9
179.0
13.0
232.0
113.0
187.0
224.0
264.0
185.0
86.8
44.4
214.0
105.0
12.6
178.0
290.0
88.2
90.5
163.0
91.4
183.0
219.0
48.8
220.0
216.0
82.2
250.0
77.5
127.0
149.0
91.5
189.0
109.0
101.0
132.0
101.0
90.7
219.0
16.4
107.0
115.0
103.0
273.0
66.9
246.0
129.0
253.0
104.0
178.0
51.9
194.0
59.2
81.7
196.0
67.2
176.0
108.0
30.7
31.0
39.9
0.0
109.0
24.2
163.0
94.7
97.7
153.0
149.0
71.1
88.7
48.0
99.1
37.7
113.0
60.9
64.9
115.0
235.0
25.2
108.0
113.0
93.4
123.0
64.0
240.0
161.0
179.0
261.0
208.0
286.0
36.5
209.0
81.8
72.3
283.0
143.0
153.0
253.0
159.0
31.5
34.3
70.4
106.0
245.0
40.9
123.0
144.0
38.8
211.0
102.0
111.0
176.0
118.0
89.6
84.7
183.0
143.0
155.0
191.0
233.0
127.0
164.0
137.0
21.9
174.0
97.9
90.9
250.0
147.0
140.0
265.0
230.0
117.0
113.0
116.0
125.0
233.0
64.3
75.9
122.0
34.0
136.0
41.7
264.0
133.0
83.8
18.7
228.0
22.2
151.0
213.0
133.0
22.8
37.6
243.0
141.0
34.7
239.0
97.7
146.0
96.0
274.0
196.0
84.7
97.3
107.0
170.0
126.0
52.8
189.0
207.0
89.5
145.0
209.0
134.0
191.0
112.0
254.0
39.0
82.0
77.8
140.0
73.6
187.0
122.0
29.7
151.0
109.0
132.0
57.2
183.0
229.0
23.0
99.6
218.0
78.7
252.0
105.0
118.0
32.5
155.0
98.6
61.2
176.0
136.0
155.0
163.0
247.0
65.6
68.4
135.0
70.3
212.0
168.0
16.0
122.0
96.0
158.0
50.4
191.0
258.0
192.0
98.2
200.0
74.4
218.0
118.0
63.2
148.0
80.9
74.6
194.0
86.6
175.0
224.0
253.0
45.5
140.0
44.2
259.0
49.0
43.1
119.0
236.0
107.0
169.0
