27.4
72.8
50.7
227.0
152.0
226.0
125.0
151.0
89.5
136.0
64.3
108.0
104.0
205.0
47.4
128.0
17.2
76.2
25.2
89.7
101.0
114.0
197.0
64.1
135.0
26.9
64.3
35.0
64.3
164.0
97.9
74.1
33.2
173.0
67.1
52.7
70.3
75.6
103.0
69.3
38.2
125.0
30.4
105.0
20.4
109.0
51.0
218.0
67.5
61.6
22.8
71.8
49.3
223.0
86.0
129.0
84.4
58.3
236.0
186.0
190.0
143.0
129.0
256.0
72.0
61.6
211.0
65.3
194.0
199.0
229.0
94.0
65.8
31.0
192.0
114.0
26.4
60.7
29.6
87.4
78.0
98.1
73.5
23.4
98.6
143.0
137.0
159.0
7.9
120.0
229.0
144.0
112.0
58.5
66.5
53.5
92.1
92.1
240.0
5.5
48.3
21.2
45.8
108.0
111.0
161.0
117.0
188.0
56.0
143.0
180.0
220.0
166.0
93.6
117.0
170.0
32.3
104.0
134.0
245.0
57.4
32.8
120.0
77.6
123.0
175.0
111.0
229.0
225.0
51.4
206.0
29.3
87.8
104.0
39.4
145.0
35.5
40.9
107.0
61.4
59.7
175.0
110.0
58.9
35.2
74.1
229.0
99.2
202.0
84.9
209.0
84.1
160.0
59.6
176.0
58.1
80.6
151.0
83.8
132.0
90.0
68.9
80.0
61.4
108.0
0.0
77.5
64.7
57.2
66.8
92.9
69.1
73.4
24.7
60.7
27.6
67.2
34.6
118.0
99.8
34.5
190.0
87.3
34.3
68.9
21.5
44.0
36.1
249.0
116.0
161.0
217.0
164.0
242.0
72.6
149.0
37.8
37.9
239.0
63.9
111.0
209.0
141.0
121.0
122.0
45.0
14.6
234.0
96.0
21.7
99.6
82.4
167.0
58.9
54.0
157.0
8.8
58.7
24.2
111.0
106.0
137.0
131.0
189.0
83.0
120.0
92.8
90.9
148.0
67.1
101.0
206.0
129.0
122.0
221.0
203.0
10.8
57.4
46.5
92.5
173.0
38.8
37.8
18.3
76.2
24.9
60.8
219.0
53.1
52.9
123.0
237.0
115.0
133.0
169.0
96.6
93.7
127.0
199.0
79.3
68.7
215.0
66.8
44.3
11.7
230.0
205.0
32.8
93.6
63.6
152.0
35.2
57.4
145.0
163.0
53.8
101.0
164.0
90.0
147.0
81.3
210.0
68.1
17.9
73.5
95.6
62.2
186.0
67.0
71.1
54.3
21.3
114.0
81.2
110.0
185.0
99.5
106.0
158.0
95.3
208.0
47.3
51.4
76.8
111.0
17.7
51.2
132.0
55.4
110.0
145.0
202.0
55.0
57.0
73.8
47.5
152.0
150.0
99.1
77.8
18.4
114.0
123.0
147.0
214.0
120.0
55.0
156.0
88.2
174.0
100.0
51.8
68.7
28.5
43.7
180.0
29.3
130.0
180.0
269.0
74.6
121.0
65.5
214.0
60.9
69.4
75.1
191.0
11.4
109.0
