60.5
62.2
114.0
244.0
188.0
262.0
51.4
177.0
33.7
185.0
44.0
118.0
101.0
210.0
81.2
138.0
88.9
112.0
56.8
80.9
139.0
140.0
233.0
43.6
171.0
107.0
56.2
99.0
93.8
174.0
10.6
49.3
115.0
209.0
87.8
26.3
120.0
68.0
27.1
98.8
46.5
162.0
77.6
141.0
65.1
145.0
33.3
201.0
36.8
30.9
58.5
51.3
104.0
206.0
122.0
166.0
59.6
22.7
245.0
222.0
226.0
179.0
179.0
239.0
94.9
69.8
194.0
52.0
200.0
235.0
265.0
13.8
122.0
59.5
178.0
151.0
106.0
126.0
70.2
63.2
130.0
73.3
81.7
78.3
135.0
179.0
174.0
195.0
79.7
169.0
265.0
154.0
23.9
22.9
123.0
117.0
142.0
102.0
223.0
73.3
71.4
92.9
102.0
118.0
35.4
171.0
32.6
224.0
105.0
179.0
216.0
256.0
176.0
78.6
40.9
206.0
82.2
21.6
170.0
281.0
65.6
67.8
155.0
83.2
160.0
211.0
45.4
212.0
208.0
59.5
242.0
54.8
119.0
140.0
83.3
181.0
101.0
92.8
123.0
92.4
68.0
211.0
26.3
84.3
100.0
94.7
265.0
58.7
238.0
121.0
245.0
95.5
170.0
43.8
186.0
51.0
73.5
187.0
59.0
168.0
99.3
9.0
22.8
23.9
23.1
79.1
0.0
122.0
86.5
75.0
130.0
127.0
62.9
80.5
39.8
90.9
21.8
104.0
57.4
56.7
92.1
226.0
19.7
99.6
105.0
85.2
116.0
41.3
232.0
152.0
171.0
253.0
200.0
278.0
13.4
186.0
73.6
64.1
275.0
120.0
144.0
245.0
151.0
45.3
46.5
42.5
76.5
237.0
35.4
93.4
136.0
30.6
203.0
93.9
103.0
167.0
87.9
66.9
61.4
161.0
135.0
147.0
169.0
225.0
119.0
156.0
129.0
9.8
166.0
75.3
82.7
242.0
139.0
132.0
257.0
222.0
87.2
90.2
93.4
117.0
211.0
41.6
53.2
81.3
25.9
101.0
18.7
255.0
118.0
61.1
38.3
220.0
32.4
143.0
205.0
125.0
6.0
51.8
235.0
119.0
16.1
231.0
75.0
116.0
66.2
266.0
188.0
76.5
89.1
98.6
162.0
112.0
28.5
181.0
199.0
81.3
137.0
200.0
126.0
183.0
104.0
246.0
30.8
62.0
69.6
132.0
65.4
179.0
114.0
6.6
111.0
94.4
124.0
49.1
160.0
221.0
21.3
91.4
196.0
70.5
244.0
96.3
110.0
24.3
147.0
68.7
53.1
168.0
113.0
146.0
154.0
238.0
40.4
60.2
127.0
62.1
190.0
160.0
16.2
114.0
81.0
150.0
46.9
183.0
250.0
170.0
90.0
192.0
66.2
210.0
110.0
55.0
133.0
72.7
51.9
186.0
63.9
166.0
216.0
245.0
37.3
131.0
36.0
250.0
22.2
34.9
111.0
227.0
77.4
146.0
