60.2
126.0
18.3
288.0
212.0
286.0
169.0
211.0
133.0
95.7
118.0
168.0
165.0
265.0
108.0
189.0
68.8
137.0
66.5
150.0
61.1
175.0
258.0
117.0
195.0
87.3
118.0
58.8
125.0
225.0
140.0
127.0
93.7
234.0
128.0
96.5
30.2
136.0
136.0
130.0
82.1
84.7
46.8
166.0
61.9
170.0
104.0
278.0
121.0
103.0
74.3
125.0
27.1
284.0
146.0
88.9
138.0
102.0
296.0
246.0
250.0
204.0
88.9
316.0
132.0
74.6
271.0
119.0
254.0
259.0
289.0
136.0
30.2
84.3
252.0
73.7
63.4
115.0
94.1
141.0
132.0
151.0
50.4
51.9
159.0
203.0
96.6
220.0
60.5
79.8
290.0
204.0
154.0
102.0
16.6
42.2
52.0
153.0
300.0
71.6
115.0
81.6
42.8
169.0
144.0
221.0
159.0
248.0
116.0
203.0
240.0
281.0
227.0
154.0
150.0
230.0
43.0
146.0
194.0
306.0
63.7
52.4
180.0
138.0
82.6
235.0
152.0
290.0
285.0
76.8
266.0
70.6
148.0
165.0
99.9
205.0
96.0
101.0
167.0
122.0
88.3
235.0
143.0
42.7
37.8
135.0
289.0
143.0
263.0
145.0
270.0
145.0
221.0
113.0
236.0
111.0
141.0
212.0
137.0
192.0
150.0
113.0
122.0
105.0
149.0
66.9
121.0
0.0
118.0
53.7
52.8
8.6
127.0
89.8
105.0
88.1
111.0
95.1
162.0
141.0
34.2
251.0
129.0
94.8
123.0
88.3
98.2
80.0
310.0
177.0
221.0
277.0
225.0
302.0
116.0
109.0
102.0
91.2
299.0
25.0
171.0
269.0
201.0
154.0
155.0
98.2
81.4
295.0
140.0
82.7
160.0
124.0
227.0
119.0
114.0
218.0
59.7
64.0
89.3
71.1
167.0
198.0
91.1
249.0
143.0
180.0
153.0
132.0
208.0
50.9
162.0
266.0
189.0
182.0
281.0
263.0
75.9
37.8
36.5
153.0
133.0
82.7
71.0
49.5
118.0
62.3
105.0
280.0
12.4
64.3
165.0
297.0
148.0
194.0
229.0
157.0
135.0
160.0
259.0
39.2
113.0
275.0
69.4
61.8
79.2
291.0
266.0
97.9
154.0
124.0
212.0
51.8
101.0
206.0
224.0
114.0
162.0
225.0
150.0
207.0
142.0
270.0
112.0
67.9
134.0
156.0
115.0
246.0
121.0
115.0
49.6
48.2
174.0
133.0
70.2
245.0
132.0
167.0
118.0
149.0
269.0
108.0
106.0
118.0
172.0
82.8
104.0
192.0
10.2
171.0
205.0
263.0
107.0
110.0
128.0
101.0
112.0
210.0
141.0
138.0
54.8
174.0
163.0
207.0
274.0
80.0
115.0
216.0
149.0
235.0
161.0
105.0
49.0
89.8
87.5
241.0
57.9
191.0
240.0
329.0
122.0
182.0
109.0
275.0
105.0
114.0
136.0
252.0
74.5
68.7
