77.1
34.0
103.0
193.0
117.0
192.0
92.9
116.0
63.4
188.0
50.7
55.7
52.1
171.0
14.8
76.3
62.7
37.8
67.4
37.6
154.0
62.0
163.0
48.6
100.0
34.9
50.7
87.6
12.2
112.0
84.3
53.0
43.2
139.0
15.1
51.0
123.0
23.5
76.3
17.2
65.1
177.0
82.9
71.0
72.5
75.2
45.2
139.0
53.9
46.1
58.6
43.2
102.0
144.0
51.8
181.0
43.1
56.7
202.0
152.0
155.0
109.0
182.0
177.0
19.9
88.5
132.0
42.0
160.0
164.0
194.0
80.4
118.0
49.9
116.0
166.0
78.9
57.1
31.8
52.4
58.0
49.1
100.0
91.0
54.9
109.0
189.0
125.0
67.8
172.0
195.0
91.9
98.8
56.9
119.0
106.0
145.0
40.0
161.0
58.2
17.6
38.1
98.3
56.1
77.5
109.0
104.0
154.0
24.1
108.0
146.0
186.0
114.0
41.5
80.9
135.0
93.2
90.9
99.5
211.0
84.2
86.4
67.4
25.5
175.0
141.0
76.3
150.0
146.0
78.2
171.0
66.7
35.8
70.0
35.7
111.0
28.8
20.7
54.8
6.2
86.6
140.0
96.2
103.0
87.7
22.0
194.0
67.2
168.0
42.1
175.0
32.1
108.0
46.0
124.0
26.5
28.5
117.0
48.8
97.6
37.9
67.3
66.4
59.7
94.2
57.3
75.9
117.0
0.0
93.7
145.0
122.0
17.4
43.1
59.0
34.8
66.3
32.3
86.4
65.8
87.1
156.0
76.1
27.6
34.8
38.7
42.6
63.0
170.0
82.0
109.0
182.0
130.0
207.0
71.0
201.0
23.3
39.2
204.0
116.0
58.9
175.0
88.8
103.0
97.6
37.4
45.1
175.0
63.9
54.2
58.6
74.3
133.0
8.5
31.0
105.0
61.3
85.6
51.7
164.0
54.2
85.2
184.0
154.0
47.2
85.3
40.8
77.3
104.0
93.9
49.0
171.0
76.6
69.6
186.0
169.0
48.7
110.0
99.0
40.5
226.0
65.7
64.6
70.8
62.6
77.4
59.2
185.0
106.0
79.8
109.0
158.0
88.4
81.2
134.0
44.5
80.1
97.1
164.0
132.0
67.0
181.0
93.7
89.9
65.8
196.0
126.0
23.7
41.5
21.2
99.5
100.0
47.2
111.0
129.0
6.1
66.8
130.0
49.8
112.0
29.2
175.0
61.9
62.1
12.6
61.3
13.6
117.0
44.3
69.5
103.0
73.8
61.9
53.1
163.0
151.0
81.4
54.3
211.0
60.3
174.0
24.3
37.5
63.2
76.9
62.5
37.6
97.5
108.0
76.2
92.5
168.0
39.5
16.9
55.3
26.4
205.0
97.7
85.5
25.7
86.0
64.8
87.4
113.0
179.0
173.0
14.7
121.0
36.2
140.0
48.1
22.0
121.0
47.9
70.6
146.0
80.1
96.1
145.0
183.0
70.7
69.3
56.1
180.0
59.3
55.8
29.2
157.0
48.0
161.0
