22.2
89.9
61.7
270.0
195.0
269.0
121.0
194.0
85.7
115.0
60.8
141.0
138.0
248.0
88.2
162.0
77.5
119.0
48.7
109.0
68.1
163.0
240.0
81.3
178.0
87.2
62.5
55.7
110.0
198.0
91.9
91.3
93.6
216.0
113.0
48.9
49.3
95.8
88.1
115.0
29.7
91.6
31.4
148.0
28.8
152.0
50.1
224.0
74.1
55.5
47.2
89.0
33.1
230.0
129.0
95.8
102.0
54.5
279.0
229.0
233.0
186.0
108.0
262.0
118.0
20.2
217.0
82.5
237.0
242.0
272.0
87.9
76.7
48.2
201.0
80.7
63.1
121.0
58.0
99.9
137.0
115.0
8.4
26.1
142.0
186.0
104.0
202.0
63.6
99.0
272.0
177.0
106.0
54.7
66.1
74.2
71.2
125.0
246.0
61.9
78.4
81.5
61.9
142.0
96.5
194.0
111.0
231.0
112.0
186.0
223.0
263.0
200.0
113.0
102.0
213.0
21.1
98.4
177.0
288.0
12.9
17.4
159.0
107.0
89.6
218.0
105.0
236.0
231.0
26.6
249.0
34.1
134.0
147.0
73.1
188.0
95.9
99.8
147.0
107.0
34.4
218.0
95.1
13.8
46.2
120.0
272.0
95.4
245.0
128.0
252.0
119.0
193.0
76.8
209.0
75.2
99.6
194.0
101.0
175.0
123.0
65.1
73.9
57.6
102.0
67.8
73.7
53.7
93.5
0.0
59.8
58.1
90.6
61.5
56.9
73.4
63.4
95.0
115.0
93.4
36.6
233.0
81.2
94.7
112.0
66.2
104.0
40.9
256.0
159.0
194.0
260.0
207.0
285.0
68.8
116.0
65.4
55.1
282.0
68.3
152.0
252.0
174.0
106.0
108.0
62.1
65.2
260.0
92.2
82.1
143.0
76.3
210.0
101.0
110.0
191.0
62.8
13.2
50.1
90.2
145.0
171.0
98.0
232.0
126.0
163.0
131.0
84.8
189.0
10.9
125.0
249.0
162.0
155.0
264.0
246.0
75.8
19.7
22.9
141.0
140.0
33.5
36.7
52.6
70.2
65.1
57.0
262.0
52.8
20.9
117.0
243.0
101.0
167.0
212.0
142.0
87.7
113.0
242.0
48.3
64.9
258.0
15.0
93.1
54.8
273.0
212.0
66.9
113.0
106.0
185.0
68.2
53.6
188.0
206.0
88.3
144.0
207.0
133.0
190.0
128.0
253.0
64.3
48.0
89.9
139.0
79.4
229.0
120.0
67.3
75.0
50.7
147.0
85.8
89.4
228.0
84.9
126.0
125.0
112.0
251.0
103.0
112.0
70.7
154.0
57.4
68.4
175.0
42.9
153.0
178.0
245.0
59.2
74.2
134.0
64.7
119.0
183.0
93.0
124.0
30.6
157.0
116.0
190.0
257.0
99.2
97.0
199.0
108.0
217.0
134.0
69.0
89.4
53.7
27.9
223.0
22.4
173.0
223.0
312.0
74.1
155.0
61.7
257.0
57.1
66.5
118.0
234.0
66.0
75.7
