79.0
146.0
64.3
317.0
241.0
315.0
177.0
240.0
142.0
69.1
117.0
197.0
194.0
294.0
137.0
218.0
97.5
165.0
95.2
165.0
19.0
203.0
286.0
137.0
224.0
116.0
119.0
87.8
153.0
254.0
148.0
147.0
122.0
262.0
156.0
105.0
25.1
165.0
144.0
158.0
85.8
45.9
75.4
194.0
90.5
199.0
106.0
307.0
130.0
112.0
103.0
145.0
55.8
313.0
175.0
50.1
158.0
111.0
325.0
275.0
279.0
233.0
62.4
345.0
161.0
80.5
300.0
139.0
283.0
288.0
318.0
144.0
75.0
104.0
281.0
35.0
95.2
150.0
114.0
156.0
183.0
171.0
56.4
71.0
188.0
232.0
57.9
248.0
89.2
53.3
318.0
233.0
162.0
111.0
67.5
87.0
17.7
182.0
329.0
100.0
135.0
110.0
71.9
198.0
153.0
251.0
167.0
277.0
145.0
232.0
269.0
309.0
256.0
169.0
158.0
259.0
60.8
155.0
223.0
334.0
69.6
66.3
209.0
167.0
43.9
264.0
161.0
318.0
314.0
82.7
295.0
90.2
177.0
193.0
129.0
234.0
125.0
130.0
196.0
151.0
94.3
264.0
151.0
48.7
66.5
163.0
318.0
152.0
291.0
174.0
298.0
173.0
250.0
133.0
265.0
131.0
156.0
240.0
157.0
221.0
179.0
121.0
130.0
114.0
158.0
95.5
130.0
55.2
146.0
59.6
0.0
59.6
147.0
118.0
113.0
117.0
119.0
124.0
171.0
150.0
62.8
279.0
137.0
123.0
158.0
117.0
126.0
97.0
338.0
205.0
250.0
306.0
253.0
331.0
125.0
64.2
122.0
111.0
328.0
69.8
200.0
298.0
230.0
162.0
164.0
118.0
110.0
323.0
148.0
111.0
189.0
132.0
256.0
148.0
143.0
247.0
88.4
70.0
106.0
44.6
195.0
227.0
52.3
278.0
172.0
209.0
182.0
141.0
237.0
61.4
181.0
295.0
218.0
211.0
310.0
292.0
105.0
43.8
58.4
182.0
94.5
89.6
92.8
78.1
126.0
91.3
113.0
308.0
58.4
77.0
173.0
326.0
157.0
223.0
258.0
186.0
144.0
169.0
288.0
14.3
121.0
304.0
75.3
107.0
108.0
319.0
294.0
123.0
169.0
153.0
241.0
96.6
110.0
234.0
252.0
143.0
190.0
254.0
179.0
236.0
170.0
299.0
120.0
96.5
163.0
185.0
136.0
275.0
157.0
123.0
94.5
76.9
204.0
142.0
43.7
274.0
141.0
182.0
79.3
169.0
297.0
136.0
131.0
127.0
200.0
111.0
125.0
221.0
41.8
200.0
234.0
291.0
115.0
130.0
180.0
121.0
73.6
239.0
149.0
167.0
83.5
203.0
172.0
236.0
303.0
53.5
144.0
245.0
164.0
263.0
190.0
125.0
93.8
110.0
84.0
269.0
71.4
219.0
269.0
358.0
130.0
211.0
118.0
303.0
113.0
123.0
164.0
280.0
103.0
30.0
