64.3
130.0
15.6
278.0
203.0
277.0
173.0
202.0
138.0
99.8
122.0
172.0
169.0
256.0
112.0
193.0
72.9
120.0
70.7
154.0
65.3
157.0
248.0
122.0
186.0
91.5
122.0
49.3
129.0
229.0
144.0
132.0
90.2
224.0
132.0
101.0
34.4
140.0
140.0
134.0
86.2
88.8
50.9
156.0
66.0
160.0
108.0
269.0
125.0
107.0
78.5
129.0
31.3
274.0
131.0
93.0
142.0
106.0
287.0
237.0
241.0
194.0
93.0
307.0
137.0
78.7
262.0
123.0
245.0
250.0
280.0
140.0
20.7
88.4
243.0
77.8
53.9
105.0
98.2
145.0
123.0
155.0
54.5
56.0
143.0
194.0
101.0
210.0
64.6
84.0
280.0
209.0
158.0
107.0
8.3
32.8
56.2
157.0
291.0
75.8
119.0
85.8
33.3
173.0
148.0
226.0
163.0
239.0
121.0
194.0
231.0
271.0
231.0
158.0
154.0
221.0
47.2
150.0
185.0
296.0
67.8
56.5
163.0
142.0
86.7
226.0
156.0
280.0
276.0
80.9
256.0
74.7
136.0
155.0
104.0
196.0
100.0
105.0
155.0
126.0
92.4
226.0
147.0
46.8
26.6
139.0
280.0
147.0
253.0
130.0
260.0
149.0
225.0
117.0
241.0
115.0
145.0
202.0
141.0
183.0
155.0
117.0
126.0
109.0
154.0
71.0
125.0
8.6
122.0
57.8
57.0
0.0
131.0
94.0
109.0
92.2
115.0
99.2
166.0
145.0
38.3
241.0
133.0
98.9
114.0
92.4
88.7
84.1
300.0
167.0
225.0
268.0
215.0
292.0
121.0
113.0
106.0
95.4
290.0
15.5
153.0
260.0
206.0
158.0
159.0
102.0
85.5
285.0
144.0
86.8
147.0
128.0
218.0
124.0
113.0
222.0
63.9
68.2
93.4
75.3
150.0
202.0
95.2
240.0
121.0
171.0
135.0
137.0
199.0
55.1
166.0
257.0
169.0
186.0
271.0
254.0
80.1
41.9
40.7
150.0
137.0
86.8
75.2
53.6
122.0
52.8
109.0
270.0
12.3
68.5
169.0
288.0
152.0
198.0
220.0
144.0
139.0
165.0
250.0
43.4
117.0
266.0
73.5
52.4
83.3
281.0
256.0
102.0
158.0
128.0
216.0
42.3
105.0
196.0
214.0
118.0
135.0
215.0
138.0
197.0
146.0
261.0
116.0
72.0
138.0
147.0
120.0
237.0
112.0
119.0
40.2
47.4
179.0
138.0
74.4
236.0
137.0
171.0
122.0
153.0
259.0
112.0
96.1
122.0
162.0
86.9
109.0
183.0
17.3
161.0
209.0
253.0
112.0
114.0
119.0
105.0
116.0
214.0
145.0
142.0
59.0
165.0
167.0
198.0
265.0
84.2
120.0
207.0
153.0
225.0
165.0
109.0
39.5
94.0
91.7
231.0
62.0
181.0
231.0
320.0
126.0
186.0
113.0
265.0
109.0
118.0
122.0
242.0
78.6
72.9
