74.3
6.9
119.0
183.0
135.0
209.0
79.9
115.0
50.5
198.0
27.8
56.6
53.1
149.0
23.4
77.3
84.1
53.3
64.5
24.2
154.0
78.8
180.0
17.1
118.0
56.3
27.8
95.8
21.0
113.0
61.6
40.0
64.7
156.0
14.6
49.1
132.0
9.6
66.5
26.0
62.2
178.0
82.1
88.3
69.7
76.1
42.4
140.0
31.2
33.0
55.8
17.8
111.0
145.0
67.0
182.0
30.1
54.7
184.0
169.0
149.0
126.0
191.0
178.0
21.8
85.6
133.0
9.9
139.0
162.0
189.0
57.7
127.0
47.0
117.0
167.0
103.0
72.5
29.9
39.4
73.5
36.1
97.5
82.8
70.4
126.0
190.0
142.0
76.4
182.0
212.0
92.8
76.1
38.6
127.0
114.0
154.0
41.0
162.0
67.2
20.1
59.6
107.0
57.1
64.5
110.0
81.0
157.0
45.5
126.0
163.0
203.0
115.0
28.5
67.9
122.0
91.8
68.2
117.0
228.0
81.4
83.6
94.1
16.1
176.0
130.0
63.3
151.0
147.0
75.3
189.0
63.9
57.5
87.3
29.8
128.0
50.2
42.2
62.3
13.8
83.7
158.0
73.5
100.0
97.2
21.6
212.0
54.2
185.0
57.6
192.0
34.5
109.0
20.4
125.0
13.7
15.1
134.0
35.8
115.0
38.3
55.1
43.7
47.0
71.5
73.1
63.2
127.0
18.1
90.8
146.0
131.0
0.0
36.0
32.1
56.2
43.6
53.7
73.5
52.8
96.6
173.0
51.0
49.0
54.5
36.6
64.1
60.1
171.0
99.3
109.0
200.0
147.0
225.0
61.0
202.0
22.5
36.4
222.0
125.0
74.4
192.0
89.8
84.7
84.6
34.5
42.4
176.0
51.0
75.6
74.1
46.1
150.0
28.9
52.4
106.0
82.7
82.7
48.9
173.0
73.8
86.1
184.0
172.0
62.7
103.0
56.3
54.6
105.0
91.1
36.1
189.0
77.6
70.6
204.0
161.0
70.2
106.0
109.0
56.1
227.0
62.8
61.7
92.3
39.9
98.9
57.3
202.0
115.0
76.9
86.7
159.0
78.9
82.2
152.0
64.1
57.4
84.1
182.0
135.0
51.8
170.0
90.8
111.0
60.1
213.0
127.0
27.4
28.1
36.7
101.0
108.0
32.7
128.0
146.0
20.3
76.5
147.0
65.3
130.0
28.8
193.0
39.2
59.2
5.3
78.6
6.7
118.0
59.8
57.1
115.0
91.1
62.9
40.1
172.0
168.0
63.2
41.3
211.0
47.3
191.0
45.7
59.0
40.5
94.2
62.7
20.6
103.0
117.0
93.5
93.5
185.0
29.1
12.3
70.8
24.4
206.0
98.7
62.8
41.2
77.8
80.3
74.4
130.0
197.0
182.0
36.1
139.0
23.2
157.0
49.1
17.2
129.0
45.1
67.7
125.0
77.3
113.0
139.0
184.0
38.3
70.3
33.2
177.0
57.3
33.1
44.7
174.0
69.5
162.0
