44.6
53.7
76.2
213.0
137.0
211.0
108.0
136.0
73.1
161.0
45.3
93.3
89.7
190.0
18.7
114.0
35.2
61.8
34.9
75.2
125.0
99.6
183.0
45.1
120.0
19.9
45.3
60.6
49.8
150.0
78.9
55.1
28.3
159.0
52.6
47.0
95.8
61.1
83.8
54.8
32.6
148.0
52.5
90.8
40.0
95.0
27.0
203.0
48.5
42.6
21.0
52.8
74.8
209.0
71.6
153.0
65.3
52.7
221.0
171.0
175.0
129.0
154.0
241.0
57.5
56.0
196.0
46.3
179.0
184.0
214.0
75.0
91.4
15.6
177.0
137.0
51.9
41.5
7.8
68.4
79.2
79.0
67.9
53.1
84.1
128.0
160.0
145.0
27.1
145.0
215.0
129.0
93.4
52.9
92.0
81.1
118.0
77.6
225.0
17.9
16.3
16.4
71.3
93.7
92.1
147.0
98.2
174.0
41.5
128.0
166.0
206.0
152.0
79.1
97.6
155.0
62.1
85.4
119.0
231.0
51.7
53.9
105.0
63.1
146.0
160.0
91.9
215.0
210.0
45.7
191.0
34.2
73.4
89.8
11.9
130.0
22.0
22.0
92.3
46.9
54.1
160.0
90.8
70.5
60.7
59.6
214.0
82.8
188.0
70.4
195.0
69.7
146.0
40.6
161.0
39.0
66.1
137.0
64.7
117.0
75.5
72.4
61.0
55.7
88.8
25.5
80.5
90.2
42.7
61.2
116.0
94.6
36.3
0.0
55.1
10.7
60.9
24.1
102.0
80.8
60.1
176.0
68.3
19.8
54.6
5.0
33.4
30.5
235.0
102.0
146.0
202.0
150.0
227.0
66.9
172.0
14.1
13.7
224.0
89.4
96.4
195.0
126.0
102.0
103.0
21.2
9.6
220.0
79.6
39.8
85.1
63.4
152.0
44.4
39.5
143.0
34.3
53.1
12.0
137.0
91.7
123.0
155.0
174.0
68.5
105.0
78.4
71.8
134.0
61.4
88.5
191.0
114.0
107.0
206.0
188.0
24.2
76.4
72.0
78.0
197.0
33.2
32.1
43.8
57.2
52.7
55.7
205.0
78.6
47.3
104.0
222.0
96.2
119.0
154.0
82.1
74.7
108.0
184.0
105.0
63.1
200.0
61.2
62.4
15.4
216.0
191.0
9.1
79.1
49.1
137.0
73.1
51.8
131.0
149.0
27.1
86.6
150.0
75.5
132.0
66.8
195.0
56.5
21.9
40.1
81.1
29.6
171.0
63.0
65.4
75.6
46.8
99.5
62.2
136.0
170.0
80.5
91.9
182.0
76.3
194.0
32.8
31.8
57.8
96.7
7.7
32.2
117.0
80.9
96.0
130.0
188.0
36.0
24.4
76.5
13.7
176.0
135.0
80.1
63.3
48.2
99.3
104.0
132.0
199.0
146.0
40.5
141.0
72.0
160.0
85.7
24.1
94.3
8.3
38.1
166.0
47.6
116.0
165.0
254.0
55.6
107.0
50.7
200.0
55.2
50.3
60.6
177.0
15.9
132.0
