42.5
43.8
96.2
236.0
160.0
234.0
65.5
158.0
30.0
167.0
5.5
99.3
82.8
191.0
53.4
120.0
70.9
84.4
42.0
62.5
121.0
121.0
206.0
25.2
143.0
79.1
8.3
73.2
75.4
156.0
36.2
30.9
87.5
181.0
69.4
9.8
102.0
49.6
41.0
80.4
28.5
144.0
67.4
114.0
54.9
118.0
14.6
183.0
18.4
7.3
40.5
32.9
85.6
188.0
94.3
148.0
41.2
10.8
244.0
194.0
198.0
152.0
161.0
221.0
76.5
51.8
175.0
33.6
181.0
207.0
237.0
32.2
104.0
41.5
159.0
133.0
80.6
98.4
43.6
44.2
102.0
54.9
63.7
60.3
107.0
151.0
156.0
167.0
53.9
151.0
237.0
135.0
50.7
6.2
112.0
99.5
124.0
83.6
204.0
55.3
43.6
74.9
91.7
99.7
49.4
153.0
55.5
196.0
77.4
151.0
188.0
228.0
158.0
60.2
54.9
178.0
69.2
42.7
142.0
254.0
47.6
49.8
137.0
64.8
142.0
183.0
48.9
194.0
189.0
41.5
214.0
36.8
100.0
113.0
55.5
153.0
73.0
65.0
105.0
72.4
50.0
183.0
48.0
66.3
82.5
76.3
237.0
39.7
210.0
93.1
217.0
77.1
152.0
25.3
167.0
32.6
55.1
160.0
40.6
140.0
80.9
29.7
18.3
3.6
46.0
61.1
37.7
112.0
58.7
57.0
112.0
116.0
44.5
54.8
0.0
66.7
7.7
76.5
59.0
37.8
74.1
199.0
25.5
71.8
77.3
59.5
97.7
23.3
214.0
124.0
152.0
225.0
172.0
250.0
23.4
168.0
45.8
37.5
247.0
102.0
117.0
217.0
132.0
59.3
60.5
24.6
58.5
218.0
36.5
75.4
108.0
20.6
175.0
66.1
75.2
149.0
69.9
48.9
43.4
143.0
110.0
129.0
151.0
197.0
91.2
128.0
95.9
29.1
147.0
57.3
64.3
214.0
120.0
113.0
229.0
211.0
69.2
72.2
75.4
98.8
193.0
23.6
35.2
63.3
14.5
83.1
9.9
228.0
92.6
43.1
61.2
201.0
53.4
125.0
177.0
107.0
32.0
65.7
207.0
101.0
13.0
223.0
57.0
98.1
48.2
238.0
170.0
48.7
70.7
70.7
143.0
93.5
5.6
153.0
171.0
53.5
109.0
173.0
98.2
155.0
85.7
218.0
8.6
44.0
51.2
104.0
47.0
161.0
85.7
31.7
100.0
68.6
106.0
30.1
142.0
193.0
37.8
73.0
178.0
52.1
216.0
68.5
81.8
15.0
119.0
50.7
13.8
140.0
103.0
119.0
136.0
211.0
11.4
41.8
99.2
34.5
172.0
141.0
37.3
88.8
55.3
122.0
59.9
155.0
222.0
152.0
62.2
164.0
47.8
182.0
91.7
36.6
115.0
47.0
33.9
188.0
45.9
139.0
188.0
227.0
18.4
113.0
6.0
223.0
16.4
10.9
83.3
200.0
59.4
128.0
