56.7
63.3
73.7
205.0
129.0
203.0
122.0
128.0
92.7
159.0
55.7
84.9
81.4
182.0
16.6
106.0
33.2
53.4
47.0
66.9
124.0
91.3
175.0
55.5
112.0
11.1
55.7
58.1
41.5
142.0
89.3
82.2
19.5
150.0
44.3
71.7
93.3
52.8
94.2
46.5
44.6
148.0
53.4
82.5
52.1
86.6
37.0
195.0
58.9
66.8
29.3
72.5
72.3
201.0
63.2
152.0
72.4
77.3
213.0
163.0
167.0
121.0
152.0
233.0
49.2
68.1
188.0
71.3
171.0
176.0
206.0
85.4
88.9
26.0
169.0
137.0
49.4
32.8
17.7
81.7
70.9
78.4
80.0
61.5
75.8
120.0
160.0
136.0
38.3
143.0
206.0
121.0
104.0
77.5
89.5
76.5
115.0
69.3
217.0
17.8
17.5
7.0
68.8
85.4
107.0
138.0
109.0
165.0
33.2
120.0
157.0
197.0
144.0
70.8
110.0
147.0
63.7
95.8
111.0
223.0
63.8
66.0
96.7
54.8
146.0
152.0
106.0
206.0
202.0
57.8
183.0
46.3
65.1
81.5
7.8
122.0
16.2
18.1
84.0
38.6
66.2
152.0
101.0
81.9
58.2
51.3
206.0
96.4
179.0
62.1
186.0
61.3
137.0
51.0
153.0
49.4
57.8
129.0
78.1
109.0
67.2
87.9
71.4
80.4
99.2
22.3
96.5
87.7
34.4
73.3
116.0
92.1
55.6
10.7
79.7
0.0
71.3
15.4
116.0
95.1
57.6
168.0
78.7
11.5
46.3
5.6
24.7
42.6
226.0
93.5
138.0
194.0
141.0
219.0
91.6
172.0
18.6
23.7
216.0
86.9
88.1
186.0
118.0
112.0
127.0
31.2
8.2
211.0
93.2
25.5
76.8
73.8
144.0
36.1
31.2
135.0
31.8
65.2
22.4
134.0
83.4
114.0
154.0
166.0
60.2
96.8
70.0
82.2
125.0
73.5
78.3
183.0
106.0
98.9
198.0
180.0
19.2
80.5
69.5
69.7
196.0
45.3
44.2
41.3
67.6
47.9
79.9
197.0
76.1
59.4
114.0
214.0
107.0
110.0
146.0
73.8
85.1
126.0
176.0
102.0
87.7
192.0
73.3
60.3
24.7
207.0
182.0
13.6
70.8
40.8
129.0
70.6
67.9
122.0
140.0
31.0
78.3
142.0
67.2
124.0
58.5
187.0
66.9
31.2
50.7
72.8
34.1
163.0
54.7
90.1
73.5
44.3
91.2
82.4
133.0
162.0
90.9
83.6
181.0
89.6
185.0
24.5
23.0
68.2
88.4
15.8
42.6
109.0
78.4
87.7
122.0
180.0
60.2
28.9
68.2
23.4
175.0
127.0
90.5
55.0
56.5
91.0
117.0
124.0
191.0
143.0
32.2
133.0
65.4
151.0
77.4
32.2
91.8
18.7
50.1
157.0
64.5
108.0
157.0
246.0
66.0
98.6
61.1
192.0
80.0
60.7
52.3
169.0
13.4
132.0
