49.7
42.3
111.0
224.0
168.0
242.0
51.9
157.0
28.6
175.0
12.1
97.8
81.4
190.0
61.3
118.0
78.1
92.4
46.0
61.0
128.0
120.0
213.0
23.7
151.0
87.0
14.9
88.2
73.9
154.0
25.5
29.5
95.4
189.0
67.9
17.0
109.0
48.1
27.7
78.9
35.7
151.0
66.9
121.0
62.1
126.0
21.8
181.0
16.9
14.5
47.7
31.4
92.9
187.0
102.0
156.0
39.7
13.7
225.0
202.0
206.0
160.0
168.0
219.0
75.1
59.1
174.0
32.1
180.0
215.0
245.0
21.2
119.0
48.8
158.0
140.0
95.6
106.0
50.3
42.8
110.0
53.4
71.0
67.5
115.0
159.0
163.0
175.0
61.1
159.0
245.0
134.0
40.0
7.4
112.0
98.9
131.0
82.1
203.0
62.5
51.5
82.1
99.0
98.2
36.0
151.0
44.8
204.0
85.4
159.0
196.0
236.0
157.0
58.7
41.5
186.0
71.5
32.0
150.0
261.0
54.8
57.0
135.0
63.3
149.0
191.0
47.4
192.0
188.0
48.8
222.0
44.0
98.6
120.0
63.4
161.0
81.0
72.9
103.0
72.5
57.2
191.0
34.7
73.6
89.7
74.8
245.0
38.3
218.0
101.0
225.0
75.7
150.0
23.9
166.0
31.1
53.6
168.0
39.1
148.0
79.5
11.9
16.8
4.0
35.4
68.4
22.1
111.0
66.6
64.3
120.0
116.0
43.0
60.6
8.0
71.0
0.0
84.5
57.6
36.3
81.3
206.0
20.3
79.7
85.3
65.3
105.0
30.5
212.0
132.0
151.0
233.0
180.0
258.0
17.2
175.0
53.7
44.2
255.0
109.0
124.0
225.0
131.0
45.9
47.1
31.9
65.7
217.0
35.0
82.6
116.0
19.2
183.0
74.1
83.2
148.0
77.2
56.2
50.7
150.0
115.0
127.0
158.0
205.0
99.1
136.0
109.0
18.4
146.0
64.5
62.8
222.0
119.0
112.0
237.0
202.0
76.4
79.4
82.7
97.3
200.0
30.9
42.5
78.3
13.0
95.6
11.5
236.0
108.0
50.4
50.5
200.0
40.1
123.0
185.0
105.0
21.3
52.4
215.0
108.0
5.8
211.0
64.2
105.0
55.4
246.0
168.0
56.6
69.2
78.7
142.0
101.0
12.8
161.0
179.0
61.4
117.0
181.0
106.0
163.0
84.2
226.0
4.3
51.2
49.7
112.0
45.5
159.0
93.6
15.7
108.0
75.9
104.0
28.6
149.0
201.0
24.4
71.5
185.0
50.6
224.0
76.5
89.7
5.7
127.0
58.0
33.2
148.0
110.0
127.0
135.0
218.0
18.1
40.3
107.0
42.3
179.0
140.0
26.6
94.2
70.3
130.0
47.5
163.0
230.0
159.0
70.2
172.0
46.3
190.0
90.2
35.1
122.0
52.9
41.1
166.0
53.1
147.0
196.0
225.0
16.9
111.0
9.0
231.0
18.8
9.4
91.2
207.0
66.6
135.0
