74.0
61.0
81.0
193.0
118.0
192.0
120.0
116.0
90.4
166.0
69.1
95.9
92.3
171.0
23.9
117.0
40.4
34.9
70.0
64.6
131.0
72.3
163.0
68.9
101.0
7.4
69.1
65.3
39.2
152.0
103.0
80.0
8.3
139.0
42.1
69.4
101.0
50.5
108.0
44.2
67.7
155.0
60.6
71.2
70.8
75.3
63.6
184.0
72.3
64.5
52.3
70.2
79.5
189.0
41.3
159.0
70.1
75.0
202.0
152.0
156.0
109.0
159.0
222.0
46.9
91.1
176.0
69.0
160.0
164.0
195.0
98.7
96.1
60.5
158.0
144.0
56.6
17.4
31.9
79.4
34.8
76.1
96.8
68.7
57.5
109.0
167.0
125.0
45.5
150.0
195.0
132.0
117.0
75.3
96.7
73.2
122.0
80.2
206.0
35.9
25.0
15.8
76.0
96.3
105.0
149.0
122.0
154.0
17.2
108.0
146.0
186.0
164.0
68.5
108.0
135.0
70.9
109.0
99.6
211.0
86.8
74.7
77.8
52.5
153.0
141.0
103.0
195.0
191.0
80.8
171.0
69.3
50.6
70.2
16.0
111.0
3.4
17.1
69.5
36.4
89.2
141.0
115.0
89.1
65.4
49.0
194.0
94.2
168.0
44.7
175.0
59.1
125.0
64.4
164.0
62.8
55.5
117.0
75.8
97.8
64.9
85.6
84.8
78.1
113.0
35.0
94.3
94.9
32.1
96.3
123.0
99.3
53.3
24.9
77.4
16.1
84.7
0.0
113.0
92.8
64.8
156.0
92.0
5.3
28.5
20.5
10.6
65.6
215.0
82.1
149.0
183.0
130.0
207.0
89.3
179.0
27.5
36.7
205.0
94.2
68.1
175.0
129.0
126.0
125.0
55.7
22.8
200.0
90.9
26.0
62.1
87.2
133.0
27.3
11.4
146.0
39.0
88.2
53.6
141.0
64.5
125.0
161.0
155.0
30.9
85.5
50.0
95.6
114.0
96.5
76.0
172.0
84.1
110.0
186.0
169.0
26.4
87.7
76.7
64.8
204.0
68.3
67.2
48.5
81.0
55.1
77.6
185.0
83.3
82.4
128.0
203.0
120.0
121.0
135.0
59.3
98.5
124.0
165.0
110.0
85.4
181.0
96.3
54.5
43.5
196.0
171.0
22.6
68.5
28.3
123.0
77.8
65.6
111.0
129.0
28.7
46.8
130.0
52.5
112.0
60.0
176.0
80.3
49.9
48.4
61.5
44.4
152.0
22.1
87.8
67.6
51.5
102.0
80.1
141.0
151.0
104.0
81.3
188.0
87.3
174.0
9.2
7.7
81.6
77.1
40.2
56.0
97.7
85.6
76.3
133.0
168.0
57.9
46.9
30.5
32.3
183.0
138.0
104.0
50.6
63.7
79.7
114.0
113.0
180.0
150.0
20.9
122.0
63.2
140.0
74.4
56.6
91.1
32.9
73.1
146.0
71.7
96.2
145.0
235.0
79.4
110.0
74.5
180.0
77.7
74.1
37.4
157.0
25.7
139.0
