101.0
69.7
155.0
230.0
194.0
268.0
7.4
163.0
29.1
226.0
63.8
104.0
90.5
196.0
102.0
125.0
131.0
113.0
97.6
67.3
179.0
126.0
240.0
59.5
166.0
116.0
76.2
143.0
80.2
161.0
58.9
51.7
124.0
215.0
74.2
68.6
161.0
68.4
32.9
85.3
87.3
203.0
130.0
148.0
117.0
135.0
73.4
187.0
56.9
66.1
99.3
55.2
144.0
193.0
126.0
207.0
46.7
69.6
232.0
228.0
196.0
186.0
219.0
225.0
81.4
111.0
180.0
63.3
186.0
210.0
236.0
43.5
163.0
94.8
164.0
192.0
139.0
132.0
90.2
36.7
133.0
60.1
123.0
119.0
130.0
185.0
215.0
202.0
124.0
210.0
271.0
140.0
45.8
65.0
163.0
151.0
183.0
88.5
209.0
115.0
91.5
119.0
143.0
105.0
15.2
157.0
78.3
205.0
105.0
185.0
222.0
262.0
163.0
67.8
10.8
170.0
123.0
42.3
176.0
288.0
106.0
109.0
142.0
69.7
201.0
178.0
11.0
199.0
194.0
100.0
234.0
95.6
105.0
147.0
116.0
187.0
109.0
101.0
110.0
78.9
109.0
217.0
37.1
125.0
145.0
81.2
240.0
23.9
245.0
117.0
252.0
82.0
156.0
63.8
172.0
71.0
60.0
194.0
45.3
174.0
85.8
55.8
53.6
61.4
68.8
121.0
60.5
174.0
87.3
116.0
171.0
179.0
73.2
101.0
59.6
115.0
58.0
113.0
0.0
23.6
144.0
233.0
40.0
108.0
114.0
105.0
123.0
82.1
219.0
159.0
157.0
259.0
206.0
284.0
63.9
227.0
93.7
84.1
246.0
161.0
131.0
251.0
137.0
19.2
13.2
82.2
118.0
223.0
23.3
135.0
133.0
39.4
175.0
88.2
112.0
154.0
130.0
108.0
96.6
202.0
121.0
134.0
209.0
231.0
122.0
162.0
116.0
51.8
152.0
116.0
69.6
228.0
125.0
118.0
263.0
208.0
129.0
131.0
134.0
104.0
252.0
82.4
94.0
122.0
49.5
142.0
62.1
262.0
151.0
102.0
84.0
206.0
28.2
130.0
211.0
112.0
54.7
12.7
241.0
160.0
55.0
217.0
116.0
158.0
108.0
273.0
175.0
96.6
75.6
96.0
148.0
156.0
64.4
188.0
206.0
96.1
136.0
207.0
125.0
189.0
90.6
252.0
53.6
100.0
72.7
138.0
79.9
166.0
119.0
57.8
163.0
139.0
110.0
38.1
201.0
227.0
34.4
80.6
236.0
57.4
250.0
105.0
118.0
55.4
153.0
110.0
73.1
150.0
154.0
153.0
141.0
245.0
77.5
80.2
130.0
82.2
231.0
146.0
41.6
101.0
114.0
140.0
5.5
189.0
256.0
211.0
95.4
198.0
52.7
216.0
96.6
75.0
166.0
92.8
92.7
172.0
105.0
173.0
186.0
231.0
44.5
118.0
55.8
224.0
75.2
55.0
104.0
234.0
129.0
187.0
