80.2
49.2
134.0
210.0
174.0
248.0
31.4
143.0
16.5
205.0
42.7
83.7
70.1
176.0
80.2
104.0
109.0
92.1
79.7
46.9
158.0
106.0
219.0
39.0
145.0
95.1
55.1
111.0
59.8
140.0
55.5
31.3
103.0
195.0
53.8
47.5
139.0
48.0
24.4
64.8
66.2
182.0
109.0
127.0
84.8
115.0
52.3
167.0
35.8
45.0
78.2
34.7
123.0
172.0
106.0
186.0
26.3
48.5
211.0
208.0
176.0
165.0
198.0
205.0
60.9
89.5
160.0
42.8
166.0
189.0
216.0
51.5
142.0
73.7
144.0
171.0
118.0
111.0
69.2
12.6
112.0
39.7
101.0
98.0
109.0
165.0
194.0
181.0
91.6
189.0
251.0
120.0
70.0
43.9
154.0
141.0
161.0
68.0
189.0
93.9
70.4
98.4
122.0
84.1
23.9
137.0
74.8
184.0
84.3
164.0
202.0
242.0
142.0
47.4
19.4
149.0
102.0
62.0
156.0
267.0
85.3
87.5
121.0
49.2
180.0
157.0
14.8
178.0
174.0
79.2
213.0
74.5
84.5
126.0
82.3
167.0
89.0
81.0
89.4
58.4
87.7
196.0
39.0
104.0
124.0
60.7
220.0
3.8
224.0
96.4
231.0
61.5
136.0
42.7
152.0
49.9
39.5
173.0
24.9
154.0
65.3
49.0
37.5
40.3
65.3
99.7
57.0
142.0
66.8
94.7
150.0
146.0
52.8
79.5
38.5
95.0
36.9
92.5
24.9
0.0
112.0
212.0
27.0
87.8
93.3
84.2
103.0
61.0
198.0
138.0
137.0
238.0
186.0
263.0
54.8
206.0
72.6
63.0
225.0
140.0
110.0
231.0
117.0
42.0
36.0
61.1
97.1
203.0
11.0
114.0
113.0
27.0
155.0
67.7
91.2
133.0
109.0
86.6
75.5
180.0
101.0
113.0
188.0
210.0
102.0
141.0
95.1
48.4
132.0
95.0
49.1
208.0
105.0
97.6
242.0
188.0
109.0
110.0
113.0
83.2
230.0
61.3
72.9
112.0
28.4
121.0
47.6
241.0
142.0
80.8
80.5
186.0
34.7
109.0
190.0
91.1
51.3
35.6
221.0
139.0
45.6
197.0
94.7
137.0
86.8
252.0
154.0
75.5
55.1
75.6
128.0
135.0
43.3
167.0
185.0
75.6
115.0
186.0
104.0
168.0
70.1
232.0
32.5
81.7
52.2
117.0
59.4
145.0
98.6
51.0
142.0
118.0
89.9
17.6
180.0
207.0
29.4
60.2
215.0
36.9
230.0
84.5
97.8
34.3
133.0
89.3
52.0
130.0
144.0
132.0
120.0
224.0
56.4
59.1
110.0
61.1
210.0
126.0
56.6
80.0
104.0
119.0
25.8
169.0
236.0
189.0
74.9
178.0
32.2
196.0
76.1
54.0
145.0
71.7
71.6
152.0
83.6
152.0
166.0
211.0
23.4
97.3
34.7
204.0
54.1
33.9
83.5
213.0
98.0
166.0
