218.0
181.0
236.0
43.9
52.7
46.3
240.0
53.9
211.0
321.0
192.0
126.0
138.0
47.6
158.0
94.3
195.0
121.0
208.0
176.0
286.0
113.0
8.2
191.0
66.2
167.0
192.0
220.0
153.0
84.0
225.0
201.0
159.0
23.4
162.0
192.0
255.0
171.0
230.0
150.0
206.0
310.0
215.0
88.4
213.0
98.5
186.0
53.6
195.0
187.0
200.0
190.0
234.0
48.5
113.0
314.0
190.0
198.0
35.7
9.2
35.4
52.6
314.0
56.3
154.0
229.0
68.9
193.0
58.4
32.4
21.2
221.0
232.0
191.0
66.7
299.0
211.0
145.0
176.0
200.0
125.0
196.0
241.0
223.0
117.0
64.6
322.0
39.6
200.0
305.0
51.9
96.5
240.0
198.0
233.0
209.0
277.0
172.0
56.0
191.0
160.0
171.0
231.0
114.0
225.0
85.0
245.0
42.8
135.0
55.8
37.0
42.9
72.9
183.0
228.0
47.2
226.0
232.0
73.5
46.6
225.0
227.0
100.0
173.0
308.0
49.9
223.0
42.7
61.3
219.0
15.2
208.0
142.0
97.1
168.0
45.2
152.0
153.0
124.0
156.0
227.0
19.3
237.0
244.0
220.0
165.0
30.3
214.0
24.7
130.0
30.8
165.0
64.9
187.0
80.7
185.0
176.0
60.1
196.0
64.3
171.0
208.0
207.0
201.0
235.0
190.0
217.0
250.0
156.0
235.0
278.0
240.0
173.0
176.0
200.0
167.0
207.0
156.0
234.0
213.0
220.0
0.0
215.0
160.0
129.0
171.0
154.0
204.0
59.5
82.7
70.4
40.2
26.3
64.3
212.0
334.0
168.0
180.0
42.6
232.0
104.0
54.2
79.6
248.0
245.0
178.0
178.0
53.9
211.0
182.0
101.0
210.0
43.3
147.0
140.0
91.6
194.0
226.0
193.0
296.0
113.0
105.0
316.0
29.1
128.0
76.0
132.0
218.0
64.6
235.0
190.0
12.6
97.5
102.0
27.3
32.8
181.0
242.0
231.0
156.0
358.0
207.0
205.0
203.0
204.0
197.0
200.0
43.8
238.0
221.0
250.0
57.8
242.0
105.0
25.6
137.0
221.0
244.0
44.5
264.0
208.0
36.6
235.0
191.0
198.0
53.1
66.5
170.0
171.0
139.0
70.5
213.0
188.0
52.4
35.4
153.0
108.0
45.8
120.0
54.6
152.0
32.5
203.0
203.0
169.0
103.0
167.0
60.9
134.0
210.0
204.0
206.0
107.0
200.0
295.0
39.1
227.0
181.0
343.0
207.0
30.9
144.0
148.0
204.0
91.5
195.0
178.0
88.2
240.0
88.7
104.0
10.9
180.0
169.0
136.0
171.0
337.0
84.2
226.0
142.0
218.0
93.9
234.0
49.3
38.1
305.0
142.0
38.7
183.0
31.0
121.0
179.0
227.0
189.0
211.0
52.9
221.0
72.4
45.6
56.7
202.0
119.0
197.0
29.7
200.0
197.0
129.0
26.9
180.0
294.0
