68.0
48.8
122.0
221.0
174.0
248.0
35.1
153.0
14.0
193.0
30.6
94.6
81.0
187.0
67.8
115.0
97.1
98.8
67.6
57.8
146.0
117.0
220.0
30.1
157.0
93.5
42.8
110.0
70.8
151.0
14.7
35.9
102.0
196.0
64.7
35.3
127.0
59.0
10.8
75.8
54.0
170.0
85.2
128.0
83.9
132.0
38.6
178.0
23.4
32.9
70.0
37.9
111.0
183.0
109.0
174.0
37.2
27.3
222.0
208.0
212.0
166.0
186.0
216.0
71.9
77.4
171.0
38.5
177.0
200.0
251.0
8.7
141.0
61.3
155.0
159.0
106.0
113.0
56.8
34.4
116.0
50.7
89.3
75.9
121.0
165.0
182.0
182.0
90.7
177.0
252.0
131.0
29.2
24.3
130.0
117.0
149.0
79.0
200.0
81.5
58.0
96.8
110.0
95.1
19.2
148.0
34.0
211.0
91.8
165.0
203.0
243.0
153.0
58.3
24.7
160.0
94.8
20.2
156.0
268.0
73.1
75.3
132.0
60.2
168.0
168.0
29.2
189.0
185.0
67.1
228.0
62.4
95.5
127.0
69.9
167.0
87.4
79.4
100.0
69.4
75.5
197.0
20.3
91.9
111.0
71.7
251.0
17.8
225.0
108.0
232.0
72.5
147.0
30.3
163.0
37.5
50.5
174.0
35.8
155.0
76.3
18.8
7.7
23.3
24.5
87.3
19.6
130.0
77.8
82.6
138.0
134.0
49.4
67.1
26.3
77.5
21.1
90.9
39.3
26.7
111.0
213.0
0.0
86.2
91.7
71.8
101.0
48.8
209.0
139.0
147.0
239.0
187.0
264.0
27.0
194.0
60.2
50.6
261.0
128.0
121.0
232.0
128.0
29.1
30.3
48.7
84.7
214.0
15.7
102.0
122.0
7.8
189.0
78.7
89.6
144.0
96.1
74.5
63.1
168.0
112.0
124.0
176.0
211.0
106.0
142.0
106.0
11.0
143.0
82.8
60.1
228.0
116.0
109.0
243.0
199.0
95.4
97.8
101.0
94.1
218.0
49.2
60.8
100.0
12.4
115.0
25.1
242.0
118.0
68.7
39.7
197.0
23.2
120.0
191.0
102.0
13.8
35.6
221.0
126.0
18.1
208.0
82.6
124.0
74.4
253.0
165.0
63.1
66.1
86.5
139.0
123.0
31.1
168.0
186.0
67.9
124.0
187.0
113.0
169.0
81.1
232.0
17.3
73.5
56.2
118.0
52.0
156.0
100.0
21.1
129.0
94.2
101.0
28.6
167.0
207.0
9.8
71.2
203.0
47.9
231.0
82.9
96.2
12.6
134.0
76.9
39.6
154.0
120.0
133.0
131.0
225.0
44.0
46.7
114.0
48.7
197.0
137.0
14.4
91.0
80.8
136.0
30.7
169.0
236.0
177.0
76.6
178.0
43.2
197.0
87.1
41.6
132.0
59.3
59.5
163.0
71.4
153.0
202.0
222.0
17.2
108.0
22.5
215.0
32.4
21.5
94.5
214.0
85.6
154.0
