26.2
95.3
22.1
257.0
181.0
256.0
138.0
180.0
103.0
105.0
86.8
137.0
134.0
235.0
77.1
158.0
38.0
106.0
35.8
119.0
70.8
144.0
227.0
86.6
164.0
56.6
86.8
20.7
93.9
194.0
109.0
96.6
62.9
203.0
96.8
65.8
39.9
105.0
105.0
99.0
51.3
94.3
13.6
135.0
31.1
139.0
73.5
248.0
90.0
72.4
43.6
94.3
16.4
253.0
116.0
98.5
107.0
71.4
266.0
216.0
219.0
173.0
98.6
286.0
102.0
57.9
240.0
87.8
224.0
228.0
258.0
105.0
37.1
53.5
221.0
83.4
28.1
90.9
63.3
110.0
123.0
121.0
33.7
18.7
128.0
173.0
106.0
189.0
29.7
89.5
259.0
174.0
123.0
71.6
46.6
39.1
61.7
122.0
269.0
40.9
83.7
50.8
22.3
138.0
113.0
191.0
128.0
218.0
85.7
172.0
210.0
250.0
196.0
123.0
119.0
199.0
14.6
115.0
163.0
275.0
29.8
24.4
149.0
107.0
92.3
205.0
121.0
259.0
255.0
60.1
235.0
39.8
118.0
134.0
69.1
175.0
65.2
70.6
137.0
91.1
71.6
204.0
112.0
26.0
6.6
104.0
258.0
112.0
232.0
115.0
239.0
114.0
190.0
82.2
206.0
80.6
110.0
181.0
106.0
162.0
120.0
81.9
90.8
74.5
119.0
36.1
90.6
34.3
86.9
37.0
62.5
38.7
96.0
59.1
73.8
57.3
80.2
64.3
132.0
110.0
0.0
220.0
98.1
64.0
98.8
57.5
66.6
49.2
279.0
146.0
190.0
246.0
194.0
271.0
85.6
118.0
70.8
60.4
268.0
35.2
141.0
239.0
171.0
123.0
124.0
67.5
50.6
264.0
109.0
51.9
129.0
93.2
196.0
88.6
83.7
187.0
29.0
47.3
58.5
80.8
136.0
167.0
101.0
218.0
113.0
149.0
123.0
102.0
178.0
28.0
131.0
235.0
158.0
151.0
250.0
233.0
45.1
24.6
13.6
122.0
143.0
51.9
40.3
18.7
87.0
30.1
73.9
249.0
18.6
30.2
134.0
266.0
117.0
163.0
198.0
126.0
105.0
130.0
228.0
48.9
81.8
245.0
52.7
58.1
48.4
260.0
235.0
67.2
123.0
93.2
181.0
33.2
70.5
175.0
193.0
83.5
131.0
194.0
120.0
176.0
111.0
239.0
81.2
37.1
103.0
125.0
84.7
216.0
97.2
84.1
40.0
15.6
144.0
103.0
79.9
215.0
102.0
136.0
128.0
118.0
238.0
77.0
72.0
87.6
141.0
52.0
73.7
162.0
25.0
140.0
174.0
232.0
76.1
79.5
121.0
70.0
122.0
179.0
110.0
107.0
17.8
144.0
132.0
177.0
243.0
89.7
84.7
185.0
118.0
204.0
130.0
74.3
54.4
59.0
56.8
210.0
23.2
160.0
209.0
298.0
90.9
151.0
78.6
244.0
74.0
91.9
105.0
221.0
43.7
78.4
