73.1
56.3
80.0
198.0
122.0
196.0
115.0
121.0
85.7
165.0
64.4
77.9
74.4
175.0
17.6
98.6
39.4
46.4
69.0
59.9
130.0
84.3
168.0
64.1
105.0
8.3
64.4
64.3
34.5
135.0
98.0
75.2
12.5
143.0
37.3
64.7
99.6
45.8
103.0
39.5
66.7
154.0
59.7
75.5
69.8
79.6
58.9
188.0
67.6
59.8
51.3
65.5
78.6
194.0
56.2
158.0
65.4
70.3
206.0
156.0
160.0
114.0
158.0
226.0
42.2
90.1
181.0
64.3
164.0
169.0
199.0
94.0
95.1
59.5
162.0
143.0
55.7
22.5
26.9
74.7
39.8
71.4
95.9
67.8
68.8
113.0
166.0
129.0
44.6
149.0
199.0
114.0
112.0
70.5
95.8
82.8
121.0
62.3
210.0
35.0
20.2
14.9
75.1
78.4
99.8
131.0
117.0
158.0
18.4
113.0
150.0
190.0
137.0
63.8
103.0
140.0
69.9
104.0
104.0
216.0
85.9
73.8
89.7
47.8
152.0
145.0
98.6
199.0
195.0
79.8
176.0
68.4
58.1
74.5
11.3
115.0
2.8
11.1
77.0
31.6
88.2
145.0
110.0
88.2
64.5
44.3
199.0
89.4
172.0
55.1
179.0
54.3
130.0
59.7
146.0
58.1
50.8
122.0
71.1
102.0
60.2
80.9
80.1
73.4
108.0
34.1
89.5
94.0
27.4
95.3
122.0
98.4
48.6
19.8
72.7
11.5
80.0
5.4
109.0
88.1
63.8
161.0
87.3
0.0
24.5
15.4
15.7
64.6
219.0
86.5
131.0
187.0
134.0
212.0
84.6
178.0
22.8
32.0
209.0
93.2
81.1
179.0
111.0
121.0
120.0
51.0
19.3
204.0
86.2
30.9
69.8
82.4
137.0
29.1
15.8
128.0
38.1
87.2
52.7
140.0
76.4
107.0
160.0
159.0
53.2
89.8
63.1
90.9
118.0
95.6
71.3
176.0
98.8
91.9
191.0
173.0
25.5
86.7
75.8
62.7
203.0
67.3
66.3
47.6
76.3
54.2
72.9
190.0
82.4
81.4
123.0
207.0
115.0
103.0
139.0
66.8
93.8
119.0
169.0
109.0
80.7
185.0
95.3
66.6
42.5
200.0
175.0
17.9
63.8
33.8
122.0
76.9
60.9
115.0
133.0
24.0
71.3
135.0
60.2
117.0
51.5
180.0
75.5
49.0
43.7
65.8
39.7
156.0
26.4
83.1
79.8
50.6
84.2
75.4
140.0
155.0
99.6
76.6
187.0
82.6
178.0
9.2
12.8
76.8
81.4
26.6
51.3
102.0
84.7
80.7
115.0
173.0
53.2
42.1
35.6
27.6
182.0
120.0
99.1
48.0
62.8
84.0
110.0
117.0
184.0
149.0
25.2
126.0
58.5
144.0
70.4
51.9
98.0
27.9
72.2
150.0
70.8
101.0
150.0
239.0
74.7
91.6
69.8
185.0
73.0
69.4
45.3
162.0
24.8
138.0
