98.8
61.8
112.0
166.0
89.8
164.0
121.0
88.7
91.2
201.0
72.3
68.1
64.6
143.0
38.6
88.7
61.1
7.8
89.0
56.8
167.0
44.5
135.0
72.1
72.8
36.5
72.4
101.0
34.0
125.0
106.0
80.8
32.4
111.0
42.9
72.6
136.0
51.3
111.0
30.8
86.7
190.0
96.1
43.4
94.1
47.5
66.8
156.0
75.6
67.7
80.3
71.0
115.0
161.0
21.3
195.0
70.9
78.3
174.0
124.0
128.0
81.5
195.0
194.0
34.4
110.0
149.0
69.8
132.0
137.0
167.0
102.0
106.0
71.5
130.0
180.0
81.4
20.0
56.9
80.2
25.8
76.9
122.0
104.0
29.8
80.9
202.0
97.3
81.0
186.0
167.0
104.0
120.0
78.5
106.0
82.9
158.0
52.5
178.0
70.8
40.4
51.3
102.0
68.5
105.0
121.0
125.0
126.0
6.8
80.7
118.0
158.0
136.0
63.3
109.0
108.0
106.0
112.0
71.8
183.0
106.0
108.0
50.0
53.3
188.0
113.0
104.0
167.0
163.0
99.8
144.0
88.4
22.8
42.4
48.9
82.9
23.1
33.9
41.8
36.9
108.0
113.0
118.0
125.0
101.0
45.6
167.0
95.0
140.0
16.9
147.0
46.0
96.9
67.7
136.0
66.1
56.3
89.4
76.6
70.0
52.0
88.9
88.0
81.3
116.0
69.8
97.5
123.0
37.1
115.0
159.0
113.0
54.1
56.3
80.7
47.9
88.0
29.1
114.0
93.6
100.0
128.0
95.3
24.2
0.0
51.9
27.3
84.6
187.0
54.4
121.0
155.0
102.0
180.0
92.6
214.0
48.3
60.9
177.0
105.0
40.3
147.0
101.0
129.0
125.0
59.0
58.3
172.0
91.7
55.6
34.3
90.4
105.0
27.4
11.7
118.0
74.5
107.0
73.3
177.0
36.7
97.6
197.0
127.0
13.8
57.7
22.2
98.9
86.1
116.0
70.2
144.0
56.3
82.1
159.0
141.0
59.0
123.0
112.0
37.1
239.0
87.3
86.2
84.0
84.3
70.9
80.8
157.0
119.0
101.0
131.0
175.0
123.0
93.6
107.0
31.5
102.0
125.0
137.0
145.0
88.7
153.0
115.0
64.2
78.3
168.0
143.0
51.2
51.8
19.8
95.3
86.2
68.9
83.3
101.0
33.8
30.9
102.0
24.7
84.6
32.3
148.0
83.5
83.7
49.2
33.7
49.8
124.0
5.5
91.1
77.3
87.0
74.4
80.9
176.0
123.0
108.0
61.2
224.0
88.1
146.0
15.5
21.5
84.8
49.3
75.6
59.2
69.9
121.0
48.5
105.0
140.0
61.1
50.1
23.1
51.5
218.0
110.0
107.0
22.8
99.2
40.2
115.0
84.9
152.0
186.0
17.0
93.8
64.0
112.0
46.6
59.8
101.0
69.5
92.2
118.0
102.0
68.4
118.0
207.0
82.7
81.8
77.7
152.0
80.9
77.4
9.6
129.0
61.2
175.0
