89.2
78.2
86.6
192.0
117.0
191.0
137.0
116.0
108.0
168.0
86.3
95.0
91.5
170.0
34.3
116.0
35.7
34.1
79.4
83.7
133.0
71.5
162.0
86.1
99.7
14.9
86.3
66.8
60.9
152.0
120.0
97.2
5.1
138.0
59.3
91.5
102.0
67.7
125.0
57.7
77.1
156.0
62.1
70.3
72.3
74.4
89.8
183.0
89.5
81.7
61.7
87.4
81.0
188.0
45.0
161.0
87.3
97.2
201.0
151.0
155.0
108.0
161.0
221.0
61.4
100.0
176.0
86.3
159.0
164.0
194.0
116.0
80.5
69.9
157.0
146.0
56.0
16.6
41.2
96.6
33.6
93.3
112.0
70.2
56.7
108.0
168.0
124.0
47.1
152.0
194.0
131.0
134.0
97.4
80.9
57.5
124.0
79.4
205.0
45.4
35.3
20.2
76.3
95.5
122.0
148.0
139.0
153.0
30.6
108.0
145.0
185.0
163.0
85.7
125.0
135.0
72.4
126.0
98.8
210.0
96.2
76.2
76.9
69.7
154.0
140.0
121.0
194.0
190.0
90.2
171.0
78.8
49.7
69.3
26.4
110.0
13.8
27.5
68.7
63.8
98.6
140.0
132.0
90.6
66.9
72.5
194.0
111.0
167.0
43.8
174.0
73.0
124.0
81.6
163.0
80.0
72.7
116.0
93.0
96.9
79.0
108.0
102.0
100.0
130.0
44.4
116.0
97.2
49.3
106.0
125.0
87.9
70.6
34.2
99.6
25.4
106.0
10.6
131.0
110.0
66.3
155.0
109.0
15.6
27.7
29.8
0.0
75.0
214.0
81.3
148.0
182.0
129.0
207.0
111.0
180.0
37.9
76.8
204.0
79.7
67.2
174.0
128.0
143.0
142.0
72.9
27.6
199.0
108.0
30.2
61.2
104.0
132.0
54.4
16.8
145.0
40.5
97.6
63.0
143.0
63.6
125.0
163.0
154.0
34.6
84.6
49.2
113.0
113.0
106.0
93.2
171.0
83.3
109.0
186.0
168.0
33.6
89.2
78.2
64.0
205.0
77.7
76.6
50.0
98.2
45.5
99.7
184.0
84.9
91.8
145.0
202.0
137.0
121.0
134.0
58.4
116.0
141.0
164.0
111.0
108.0
180.0
106.0
38.8
52.9
195.0
170.0
33.0
78.7
46.7
122.0
60.8
96.3
110.0
128.0
45.9
45.7
129.0
51.6
112.0
59.2
175.0
107.0
59.3
65.6
60.6
61.6
151.0
25.8
110.0
52.0
53.0
101.0
97.3
142.0
150.0
122.0
88.2
190.0
105.0
173.0
19.5
7.4
98.8
76.2
36.4
73.2
96.8
87.2
75.4
132.0
167.0
75.1
64.1
29.4
42.7
184.0
137.0
121.0
49.7
65.2
78.8
132.0
112.0
179.0
152.0
31.3
121.0
80.4
139.0
73.6
73.8
75.4
67.4
82.6
145.0
73.2
95.4
145.0
234.0
96.6
109.0
104.0
179.0
99.8
91.3
36.5
156.0
25.3
141.0
