49.3
67.2
74.6
209.0
133.0
207.0
113.0
132.0
77.8
160.0
50.0
88.9
85.3
186.0
15.5
109.0
29.3
57.4
39.6
70.8
125.0
95.2
178.0
49.8
116.0
15.5
50.0
59.0
45.4
145.0
83.6
59.8
23.9
154.0
48.3
51.7
94.2
56.7
88.5
50.4
37.2
149.0
54.3
86.4
44.7
90.6
31.3
199.0
53.2
47.3
25.1
57.5
73.2
205.0
67.2
153.0
76.3
57.4
217.0
167.0
171.0
125.0
153.0
237.0
53.1
60.7
192.0
51.0
175.0
180.0
210.0
79.6
89.7
20.3
173.0
138.0
50.3
37.2
12.0
73.1
74.8
83.7
72.6
57.8
79.7
124.0
161.0
140.0
29.4
144.0
210.0
125.0
98.1
57.6
90.4
77.4
116.0
73.2
221.0
16.5
15.5
12.4
69.7
89.3
96.8
142.0
103.0
169.0
37.1
124.0
161.0
201.0
148.0
74.7
102.0
151.0
64.5
90.1
115.0
226.0
56.4
58.6
101.0
58.7
147.0
156.0
96.6
210.0
206.0
50.4
187.0
38.9
69.0
85.4
8.1
126.0
17.7
18.3
88.0
42.5
58.8
156.0
95.5
75.2
59.1
55.2
210.0
87.5
183.0
66.1
190.0
65.3
141.0
45.3
157.0
43.7
61.7
132.0
69.4
113.0
71.1
77.1
65.7
60.4
93.5
21.1
85.1
88.6
38.3
65.9
117.0
93.0
36.6
5.0
59.7
5.6
65.6
19.7
107.0
85.5
58.4
171.0
72.9
15.5
50.3
0.0
29.0
35.2
230.0
97.4
142.0
198.0
145.0
223.0
72.2
173.0
14.4
18.0
220.0
87.8
92.1
190.0
122.0
107.0
108.0
25.4
6.9
215.0
84.3
28.2
80.7
68.1
148.0
40.0
35.1
139.0
32.7
57.8
16.7
135.0
87.4
118.0
155.0
170.0
64.1
101.0
74.0
76.5
129.0
66.1
82.2
187.0
110.0
103.0
202.0
184.0
22.9
81.0
70.4
73.7
197.0
37.9
36.8
42.2
61.9
48.8
60.4
200.0
77.0
52.0
109.0
218.0
101.0
114.0
150.0
77.7
79.4
113.0
180.0
103.0
67.7
196.0
65.9
61.2
19.5
211.0
186.0
9.4
74.7
44.7
133.0
71.5
56.5
126.0
144.0
34.9
82.2
146.0
71.1
128.0
62.4
191.0
61.2
26.0
54.6
76.7
29.9
167.0
58.6
70.1
74.4
45.2
95.1
66.9
134.0
166.0
85.2
87.5
182.0
81.0
189.0
28.4
27.4
62.5
92.3
11.7
36.9
113.0
79.3
91.6
126.0
183.0
40.7
24.7
72.1
17.4
176.0
131.0
84.8
58.9
52.8
95.0
108.0
128.0
195.0
144.0
36.2
137.0
69.4
155.0
81.3
27.8
92.6
13.0
42.7
161.0
52.3
111.0
161.0
250.0
60.3
103.0
55.4
195.0
59.9
55.0
56.2
172.0
14.0
133.0
