24.0
59.2
72.1
240.0
164.0
238.0
88.5
163.0
53.1
149.0
28.1
110.0
107.0
217.0
57.4
131.0
46.8
88.5
17.9
78.0
102.0
133.0
210.0
50.5
147.0
56.5
29.8
49.1
79.3
167.0
59.2
60.5
62.9
185.0
82.2
16.2
83.4
65.0
55.5
84.3
10.0
126.0
38.1
118.0
25.6
122.0
12.8
194.0
41.4
22.8
16.4
58.2
67.2
199.0
98.3
130.0
70.8
21.9
248.0
198.0
202.0
156.0
144.0
232.0
87.0
33.4
186.0
51.8
206.0
211.0
241.0
55.2
79.9
17.4
170.0
115.0
56.6
90.4
27.2
67.3
106.0
84.5
45.3
38.8
111.0
155.0
138.0
171.0
32.4
133.0
241.0
147.0
73.7
22.1
80.6
70.2
105.0
94.7
215.0
31.2
47.7
50.8
59.9
111.0
63.8
164.0
78.5
200.0
81.5
155.0
192.0
232.0
169.0
82.3
69.3
182.0
47.7
65.7
146.0
258.0
29.2
31.4
128.0
75.9
124.0
187.0
71.9
205.0
201.0
23.1
218.0
15.1
103.0
117.0
42.3
157.0
65.1
69.0
116.0
76.5
28.5
187.0
62.5
47.9
50.6
89.1
241.0
62.8
215.0
97.2
222.0
88.3
163.0
46.1
179.0
44.5
68.8
164.0
70.2
144.0
92.0
32.4
41.3
24.9
69.1
37.0
41.0
80.1
62.7
38.6
93.9
84.5
59.9
30.7
24.3
42.6
30.7
64.2
82.0
60.8
50.0
203.0
48.5
64.0
81.4
35.4
73.6
0.0
225.0
129.0
163.0
229.0
176.0
254.0
36.1
150.0
34.7
24.4
251.0
78.0
122.0
221.0
144.0
73.7
74.9
31.4
34.4
229.0
59.5
51.3
112.0
43.7
179.0
70.2
79.3
160.0
45.8
30.5
19.3
127.0
114.0
140.0
132.0
201.0
95.2
132.0
100.0
52.1
158.0
38.8
93.9
218.0
131.0
124.0
233.0
215.0
45.1
53.8
57.0
110.0
174.0
6.3
10.8
39.2
37.5
59.0
24.4
232.0
68.5
24.7
84.2
213.0
67.9
136.0
181.0
112.0
55.0
80.2
211.0
82.4
32.3
227.0
38.6
74.0
24.1
243.0
181.0
36.2
81.8
74.8
154.0
61.7
21.0
158.0
175.0
57.5
113.0
177.0
102.0
159.0
96.8
222.0
31.7
17.2
59.1
108.0
48.6
198.0
89.7
34.6
68.4
44.5
117.0
53.1
123.0
197.0
52.2
95.1
159.0
81.7
220.0
72.6
81.0
38.1
123.0
26.6
37.6
144.0
73.4
123.0
147.0
215.0
26.6
43.4
103.0
33.9
153.0
152.0
60.4
92.8
33.8
126.0
83.0
159.0
226.0
133.0
66.3
168.0
77.4
186.0
103.0
38.2
85.4
23.0
15.5
192.0
27.5
143.0
192.0
281.0
41.4
124.0
29.0
227.0
24.4
33.9
87.4
204.0
35.3
110.0
