240.0
167.0
294.0
21.6
120.0
77.2
227.0
85.3
197.0
379.0
193.0
128.0
140.0
43.6
217.0
97.7
254.0
180.0
230.0
155.0
345.0
116.0
59.3
182.0
104.0
226.0
193.0
279.0
164.0
66.1
231.0
187.0
218.0
83.9
156.0
214.0
314.0
167.0
210.0
160.0
228.0
368.0
274.0
147.0
235.0
135.0
208.0
34.5
196.0
198.0
221.0
177.0
293.0
25.8
171.0
373.0
177.0
220.0
30.0
68.8
53.8
112.0
373.0
17.6
157.0
251.0
45.5
175.0
52.9
42.9
41.6
227.0
291.0
212.0
60.5
358.0
270.0
203.0
208.0
186.0
184.0
173.0
263.0
248.0
140.0
124.0
380.0
94.2
259.0
364.0
98.7
78.6
246.0
204.0
292.0
268.0
336.0
136.0
9.5
249.0
218.0
229.0
290.0
116.0
211.0
67.1
250.0
52.3
194.0
99.4
99.8
78.5
55.0
161.0
215.0
85.6
284.0
238.0
133.0
47.0
247.0
249.0
119.0
155.0
366.0
78.2
210.0
26.7
38.6
241.0
44.8
229.0
140.0
156.0
227.0
101.0
211.0
212.0
121.0
163.0
249.0
71.1
226.0
265.0
279.0
151.0
38.0
201.0
63.3
147.0
56.8
138.0
78.4
186.0
57.4
181.0
160.0
119.0
183.0
123.0
146.0
225.0
213.0
216.0
241.0
249.0
233.0
308.0
171.0
256.0
337.0
299.0
171.0
234.0
197.0
226.0
213.0
214.0
220.0
200.0
278.0
59.5
210.0
219.0
187.0
230.0
213.0
225.0
0.0
141.0
66.7
79.9
76.6
99.9
230.0
392.0
226.0
202.0
38.1
290.0
129.0
92.2
96.5
237.0
231.0
200.0
236.0
15.3
198.0
241.0
135.0
208.0
83.4
185.0
198.0
73.7
252.0
248.0
214.0
355.0
127.0
86.8
375.0
79.7
186.0
135.0
138.0
224.0
93.1
256.0
168.0
42.9
104.0
105.0
46.0
35.4
240.0
271.0
290.0
136.0
417.0
228.0
227.0
262.0
210.0
256.0
223.0
61.9
297.0
242.0
256.0
15.3
222.0
108.0
77.1
135.0
227.0
231.0
90.3
323.0
221.0
23.3
256.0
250.0
225.0
88.6
44.5
229.0
150.0
178.0
87.7
272.0
198.0
97.2
80.4
180.0
167.0
97.2
145.0
114.0
151.0
68.1
209.0
225.0
170.0
161.0
178.0
70.1
193.0
227.0
263.0
265.0
110.0
187.0
354.0
94.5
215.0
151.0
402.0
194.0
71.4
203.0
207.0
210.0
150.0
228.0
191.0
119.0
299.0
147.0
85.7
54.8
194.0
186.0
194.0
200.0
396.0
80.6
232.0
148.0
243.0
130.0
221.0
111.0
63.9
364.0
201.0
88.1
170.0
69.1
124.0
193.0
286.0
210.0
233.0
69.8
243.0
131.0
60.7
23.7
205.0
122.0
199.0
32.0
223.0
202.0
188.0
49.3
239.0
353.0
