144.0
107.0
161.0
120.0
44.0
118.0
166.0
39.3
136.0
246.0
117.0
79.4
109.0
97.1
83.3
66.3
121.0
46.4
134.0
102.0
212.0
45.6
89.5
117.0
23.4
92.8
117.0
146.0
78.8
101.0
151.0
127.0
84.4
65.4
87.7
117.0
181.0
96.1
156.0
75.6
131.0
235.0
141.0
11.0
139.0
26.5
112.0
110.0
120.0
112.0
125.0
116.0
160.0
116.0
33.0
239.0
116.0
123.0
128.0
78.1
81.9
35.7
239.0
148.0
79.3
155.0
103.0
118.0
86.2
90.8
121.0
147.0
158.0
116.0
83.9
224.0
137.0
70.1
102.0
125.0
39.3
122.0
167.0
149.0
30.9
19.9
247.0
51.5
126.0
230.0
121.0
70.3
165.0
123.0
158.0
135.0
203.0
97.3
132.0
116.0
85.2
96.1
156.0
68.0
150.0
102.0
170.0
80.2
60.4
30.2
72.3
112.0
90.0
108.0
154.0
61.8
151.0
157.0
11.6
138.0
151.0
153.0
33.1
98.1
233.0
67.1
149.0
121.0
117.0
145.0
97.8
133.0
60.5
19.7
93.6
37.1
77.4
78.7
57.0
81.7
153.0
66.9
163.0
169.0
146.0
90.4
121.0
140.0
94.5
47.8
101.0
90.9
47.5
112.0
103.0
111.0
101.0
26.3
121.0
19.1
96.8
134.0
133.0
126.0
161.0
115.0
142.0
175.0
81.9
160.0
203.0
165.0
99.0
101.0
125.0
92.7
133.0
81.2
159.0
138.0
145.0
82.6
140.0
85.5
54.0
96.6
79.4
129.0
141.0
0.0
58.6
109.0
56.3
134.0
137.0
259.0
93.1
106.0
131.0
157.0
36.8
101.0
51.7
174.0
170.0
104.0
103.0
126.0
137.0
108.0
34.0
135.0
59.0
72.3
65.2
109.0
119.0
152.0
118.0
222.0
45.8
62.8
242.0
80.9
53.1
7.2
52.5
144.0
36.7
160.0
115.0
97.9
49.6
59.6
113.0
95.2
107.0
168.0
157.0
81.9
284.0
132.0
131.0
129.0
129.0
123.0
126.0
112.0
164.0
146.0
176.0
129.0
168.0
76.8
60.9
57.9
147.0
170.0
91.0
190.0
133.0
107.0
160.0
116.0
124.0
122.0
97.5
96.0
96.6
64.6
45.9
138.0
114.0
32.9
55.4
78.5
28.1
56.6
40.1
25.1
77.1
102.0
128.0
128.0
94.0
22.7
92.4
78.1
59.3
136.0
129.0
132.0
61.5
126.0
221.0
77.1
152.0
106.0
269.0
133.0
100.0
69.8
73.6
130.0
12.4
120.0
104.0
21.1
166.0
22.0
75.2
94.6
106.0
94.9
44.3
96.3
263.0
59.4
152.0
67.6
144.0
27.2
160.0
39.1
106.0
231.0
67.3
47.9
109.0
66.4
70.4
105.0
153.0
114.0
137.0
72.4
146.0
11.4
71.9
161.0
127.0
79.3
122.0
107.0
126.0
122.0
54.6
83.5
106.0
219.0
