192.0
155.0
209.0
64.3
26.4
69.5
214.0
43.9
184.0
294.0
165.0
116.0
158.0
48.9
132.0
84.3
169.0
94.6
182.0
150.0
260.0
86.4
35.0
165.0
39.9
141.0
165.0
194.0
127.0
76.5
199.0
175.0
133.0
14.9
136.0
166.0
229.0
144.0
204.0
124.0
180.0
283.0
189.0
62.1
187.0
72.2
160.0
54.9
169.0
161.0
173.0
164.0
208.0
58.4
86.2
288.0
164.0
171.0
59.2
21.4
31.2
26.3
288.0
74.3
127.0
203.0
78.2
166.0
61.5
34.4
47.5
195.0
206.0
164.0
59.3
272.0
185.0
118.0
150.0
173.0
98.9
170.0
215.0
197.0
90.9
38.3
295.0
16.2
174.0
279.0
65.0
89.1
213.0
171.0
207.0
183.0
251.0
145.0
67.8
164.0
133.0
144.0
204.0
104.0
198.0
77.6
218.0
37.2
109.0
29.6
28.6
56.0
65.4
156.0
202.0
37.2
199.0
205.0
47.2
72.9
199.0
201.0
73.9
146.0
281.0
42.5
197.0
56.2
72.9
193.0
41.5
181.0
116.0
70.8
142.0
18.9
126.0
127.0
97.8
130.0
201.0
10.2
211.0
218.0
194.0
139.0
56.6
188.0
47.9
103.0
54.0
139.0
54.9
161.0
78.3
159.0
149.0
33.8
170.0
38.0
145.0
182.0
181.0
174.0
209.0
163.0
190.0
223.0
130.0
208.0
252.0
214.0
147.0
149.0
174.0
141.0
181.0
129.0
207.0
187.0
193.0
26.3
188.0
134.0
102.0
145.0
128.0
178.0
76.6
56.4
63.0
42.0
0.0
77.4
186.0
307.0
141.0
154.0
68.8
205.0
77.2
56.0
69.6
222.0
218.0
152.0
151.0
71.0
185.0
156.0
74.4
183.0
23.9
120.0
113.0
84.2
167.0
200.0
166.0
270.0
86.2
97.2
290.0
30.4
101.0
49.7
106.0
192.0
54.6
208.0
163.0
41.6
90.4
92.1
54.6
42.0
155.0
216.0
205.0
130.0
332.0
180.0
179.0
177.0
177.0
171.0
174.0
79.3
212.0
194.0
224.0
69.7
216.0
94.7
8.3
111.0
195.0
218.0
45.1
238.0
182.0
53.6
208.0
164.0
172.0
61.9
72.9
144.0
145.0
113.0
60.4
186.0
162.0
26.1
9.1
127.0
81.7
20.3
93.3
28.3
125.0
55.7
176.0
177.0
142.0
76.3
141.0
53.5
108.0
184.0
178.0
180.0
97.3
174.0
269.0
40.7
200.0
154.0
317.0
181.0
44.9
118.0
122.0
178.0
65.2
169.0
152.0
61.9
214.0
62.4
96.2
40.0
154.0
143.0
109.0
144.0
311.0
76.8
200.0
116.0
192.0
67.6
208.0
23.0
73.7
279.0
115.0
11.5
157.0
20.3
111.0
153.0
201.0
162.0
185.0
47.8
195.0
46.1
28.8
81.3
176.0
109.0
171.0
44.6
174.0
170.0
103.0
27.2
154.0
267.0
