178.0
106.0
206.0
73.7
66.1
133.0
165.0
19.5
135.0
291.0
131.0
66.3
78.4
34.4
124.0
35.8
165.0
126.0
168.0
92.8
258.0
54.1
80.6
120.0
35.3
138.0
131.0
190.0
102.0
17.6
169.0
125.0
152.0
80.6
93.7
152.0
226.0
105.0
148.0
98.1
166.0
281.0
186.0
64.5
173.0
66.0
146.0
34.6
134.0
136.0
159.0
115.0
205.0
40.1
118.0
286.0
115.0
158.0
75.4
67.0
40.1
58.3
284.0
72.6
94.6
189.0
27.3
114.0
23.5
48.9
76.5
165.0
221.0
150.0
13.4
270.0
182.0
140.0
146.0
124.0
130.0
111.0
201.0
186.0
71.2
70.2
293.0
40.7
171.0
275.0
137.0
16.7
184.0
142.0
226.0
203.0
247.0
73.9
56.4
161.0
127.0
141.0
201.0
54.4
150.0
14.7
188.0
38.4
140.0
35.8
87.4
128.0
11.0
99.3
153.0
25.4
195.0
176.0
79.2
98.2
185.0
187.0
57.2
93.1
279.0
21.5
148.0
46.0
41.6
179.0
70.1
167.0
77.8
73.2
138.0
47.0
132.0
123.0
58.7
101.0
187.0
55.8
164.0
204.0
190.0
88.6
83.9
139.0
110.0
84.7
117.0
76.3
10.8
124.0
24.9
119.0
98.5
65.8
121.0
69.5
83.8
163.0
151.0
154.0
179.0
160.0
171.0
220.0
109.0
194.0
250.0
224.0
109.0
146.0
136.0
138.0
151.0
135.0
158.0
138.0
190.0
71.8
148.0
130.0
122.0
141.0
147.0
164.0
65.9
58.4
0.0
124.0
62.6
149.0
168.0
305.0
139.0
140.0
94.2
225.0
67.2
116.0
25.2
175.0
170.0
138.0
148.0
70.3
136.0
157.0
73.1
146.0
29.9
124.0
133.0
20.9
164.0
186.0
152.0
266.0
64.7
24.9
288.0
96.1
133.0
51.8
76.3
162.0
25.6
194.0
106.0
62.9
42.4
42.8
84.0
49.2
151.0
209.0
202.0
74.4
330.0
166.0
165.0
174.0
148.0
180.0
161.0
127.0
208.0
180.0
194.0
53.5
160.0
49.5
76.1
72.7
165.0
169.0
106.0
235.0
159.0
61.1
194.0
184.0
164.0
138.0
22.0
142.0
87.8
116.0
17.2
206.0
136.0
36.8
47.3
118.0
113.0
71.8
82.9
60.2
89.2
117.0
147.0
163.0
108.0
108.0
116.0
9.5
127.0
165.0
197.0
177.0
48.0
125.0
266.0
92.3
153.0
89.0
315.0
132.0
116.0
127.0
142.0
148.0
67.7
166.0
129.0
50.5
211.0
63.3
31.9
78.6
132.0
124.0
141.0
138.0
309.0
17.1
170.0
85.9
181.0
61.3
159.0
57.6
121.0
275.0
117.0
63.1
108.0
42.5
61.6
131.0
221.0
149.0
171.0
16.3
181.0
56.5
30.0
78.6
143.0
59.6
137.0
64.7
161.0
141.0
112.0
51.6
151.0
265.0
