243.0
207.0
261.0
58.6
61.1
20.8
265.0
105.0
236.0
346.0
217.0
179.0
209.0
85.7
183.0
148.0
221.0
146.0
234.0
202.0
312.0
138.0
30.3
217.0
105.0
193.0
217.0
246.0
179.0
137.0
251.0
227.0
184.0
27.1
188.0
217.0
281.0
196.0
256.0
176.0
231.0
335.0
241.0
114.0
239.0
124.0
212.0
91.7
220.0
212.0
225.0
216.0
260.0
86.0
138.0
339.0
216.0
223.0
50.4
31.8
68.0
82.9
339.0
71.0
179.0
255.0
139.0
218.0
122.0
71.2
43.2
247.0
258.0
216.0
120.0
324.0
237.0
170.0
202.0
225.0
151.0
222.0
267.0
249.0
143.0
94.8
347.0
65.7
226.0
330.0
23.1
150.0
265.0
223.0
258.0
235.0
303.0
197.0
78.5
216.0
185.0
196.0
256.0
167.0
250.0
138.0
270.0
73.9
160.0
91.3
35.0
14.0
126.0
208.0
254.0
98.1
251.0
257.0
104.0
61.2
251.0
253.0
126.0
198.0
333.0
103.0
249.0
80.2
98.8
245.0
44.5
233.0
168.0
123.0
194.0
80.1
177.0
179.0
150.0
182.0
253.0
42.3
263.0
269.0
246.0
190.0
43.0
240.0
16.7
155.0
23.7
191.0
116.0
212.0
139.0
211.0
201.0
90.4
221.0
89.8
197.0
234.0
233.0
226.0
261.0
215.0
242.0
275.0
182.0
260.0
303.0
265.0
199.0
201.0
225.0
193.0
233.0
181.0
259.0
238.0
245.0
40.2
240.0
185.0
154.0
197.0
179.0
229.0
79.9
108.0
124.0
0.0
42.0
35.4
237.0
359.0
193.0
206.0
53.1
257.0
129.0
14.0
133.0
274.0
270.0
204.0
203.0
67.8
237.0
208.0
126.0
235.0
69.4
172.0
165.0
145.0
219.0
252.0
218.0
322.0
138.0
158.0
342.0
11.6
153.0
101.0
158.0
244.0
118.0
260.0
215.0
50.1
142.0
152.0
34.9
73.5
207.0
268.0
257.0
182.0
384.0
232.0
231.0
229.0
229.0
223.0
226.0
35.2
264.0
246.0
276.0
92.9
268.0
159.0
33.9
163.0
246.0
270.0
10.9
290.0
233.0
61.5
260.0
216.0
224.0
19.9
134.0
196.0
197.0
165.0
121.0
238.0
214.0
87.9
57.2
178.0
134.0
49.4
145.0
84.8
177.0
21.4
228.0
228.0
194.0
128.0
192.0
114.0
159.0
236.0
229.0
232.0
161.0
226.0
321.0
25.1
252.0
206.0
369.0
233.0
8.5
170.0
174.0
230.0
117.0
220.0
204.0
114.0
266.0
114.0
157.0
35.3
206.0
195.0
161.0
196.0
363.0
138.0
252.0
168.0
244.0
119.0
260.0
57.7
29.6
331.0
167.0
44.6
209.0
57.1
191.0
205.0
253.0
214.0
237.0
109.0
246.0
97.9
70.0
67.3
227.0
173.0
222.0
54.6
226.0
222.0
155.0
64.0
206.0
319.0
