268.0
231.0
286.0
78.6
116.0
25.8
290.0
130.0
261.0
371.0
242.0
204.0
234.0
106.0
208.0
173.0
245.0
171.0
259.0
226.0
337.0
163.0
56.4
242.0
130.0
218.0
242.0
270.0
204.0
162.0
276.0
252.0
209.0
62.5
213.0
242.0
306.0
221.0
280.0
200.0
256.0
360.0
266.0
139.0
264.0
149.0
236.0
112.0
245.0
237.0
250.0
241.0
285.0
106.0
163.0
364.0
241.0
248.0
70.3
66.8
101.0
108.0
364.0
101.0
204.0
280.0
164.0
243.0
147.0
90.4
63.1
272.0
283.0
241.0
145.0
349.0
262.0
195.0
227.0
250.0
176.0
247.0
292.0
274.0
168.0
120.0
372.0
106.0
251.0
355.0
15.9
175.0
290.0
248.0
283.0
260.0
327.0
222.0
98.5
241.0
210.0
221.0
281.0
192.0
275.0
163.0
295.0
101.0
185.0
116.0
69.3
21.6
151.0
233.0
278.0
123.0
276.0
282.0
129.0
66.2
275.0
278.0
151.0
223.0
358.0
128.0
274.0
100.0
119.0
269.0
66.0
258.0
192.0
147.0
218.0
105.0
202.0
204.0
174.0
207.0
278.0
77.3
287.0
294.0
271.0
215.0
63.0
265.0
39.2
180.0
42.6
216.0
141.0
237.0
164.0
236.0
226.0
115.0
246.0
115.0
222.0
258.0
258.0
251.0
285.0
240.0
267.0
300.0
207.0
285.0
328.0
290.0
224.0
226.0
250.0
218.0
258.0
206.0
284.0
263.0
270.0
64.3
265.0
210.0
179.0
221.0
204.0
254.0
99.8
133.0
149.0
35.5
77.4
0.0
262.0
384.0
218.0
230.0
78.2
282.0
154.0
40.3
158.0
299.0
295.0
229.0
228.0
97.9
261.0
233.0
151.0
260.0
120.0
197.0
190.0
170.0
244.0
277.0
243.0
347.0
163.0
183.0
366.0
47.0
178.0
126.0
182.0
268.0
143.0
285.0
240.0
73.2
167.0
177.0
54.9
93.4
232.0
293.0
282.0
207.0
409.0
257.0
256.0
254.0
254.0
248.0
250.0
44.5
288.0
271.0
301.0
113.0
293.0
183.0
69.4
188.0
271.0
295.0
45.5
315.0
258.0
81.4
285.0
241.0
249.0
23.3
159.0
221.0
221.0
189.0
146.0
263.0
238.0
113.0
99.0
203.0
158.0
83.7
170.0
110.0
202.0
33.9
253.0
253.0
219.0
153.0
217.0
139.0
184.0
261.0
254.0
257.0
186.0
251.0
346.0
59.4
277.0
231.0
393.0
258.0
43.9
195.0
198.0
254.0
142.0
245.0
229.0
139.0
291.0
139.0
182.0
61.4
231.0
220.0
186.0
221.0
388.0
163.0
277.0
192.0
269.0
144.0
285.0
104.0
38.1
355.0
192.0
91.5
234.0
92.1
216.0
229.0
278.0
239.0
262.0
134.0
271.0
123.0
109.0
89.5
252.0
198.0
247.0
74.5
251.0
247.0
179.0
87.6
231.0
344.0
