55.6
59.9
109.0
249.0
173.0
247.0
57.1
174.0
46.7
181.0
28.0
115.0
98.9
207.0
66.4
136.0
84.0
97.5
51.9
78.6
134.0
138.0
219.0
41.2
156.0
92.1
35.2
86.4
88.3
172.0
17.7
47.0
101.0
194.0
85.5
21.5
115.0
65.7
32.8
93.3
41.6
157.0
80.6
127.0
60.3
131.0
28.4
199.0
34.5
26.1
53.7
49.0
98.8
204.0
107.0
162.0
57.2
17.9
257.0
207.0
211.0
165.0
174.0
237.0
92.6
65.0
191.0
49.7
197.0
220.0
250.0
24.0
125.0
54.7
175.0
146.0
93.8
111.0
56.7
60.9
115.0
71.0
76.9
73.5
120.0
164.0
169.0
180.0
67.1
165.0
250.0
152.0
42.4
18.1
126.0
105.0
137.0
99.7
220.0
68.5
56.6
88.1
97.2
116.0
41.2
169.0
47.3
209.0
90.5
164.0
201.0
241.0
174.0
76.2
46.6
191.0
82.4
34.5
155.0
267.0
60.8
63.0
137.0
80.9
155.0
196.0
51.1
210.0
206.0
54.7
227.0
50.0
112.0
126.0
68.5
166.0
86.0
78.0
121.0
85.4
63.2
196.0
39.8
79.5
87.9
92.4
250.0
56.4
223.0
106.0
230.0
93.2
168.0
41.4
184.0
48.7
71.2
173.0
56.7
153.0
97.0
6.3
19.2
19.1
37.8
74.3
13.1
117.0
71.7
70.2
126.0
130.0
60.6
67.0
23.0
92.0
17.0
89.5
63.1
54.4
87.2
212.0
24.0
84.8
90.4
71.7
111.0
36.5
230.0
138.0
168.0
238.0
185.0
263.0
0.0
181.0
58.8
50.5
260.0
115.0
131.0
230.0
149.0
51.0
52.2
37.6
71.7
234.0
53.2
88.6
121.0
28.3
188.0
79.1
88.2
165.0
83.1
62.1
56.6
156.0
123.0
145.0
164.0
210.0
104.0
141.0
109.0
14.3
163.0
70.4
80.4
227.0
136.0
129.0
242.0
224.0
82.4
85.4
88.6
115.0
206.0
36.8
48.4
76.5
23.5
102.0
13.9
241.0
106.0
56.3
53.0
217.0
45.2
141.0
190.0
121.0
13.4
57.5
220.0
114.0
11.3
236.0
70.2
111.0
61.3
251.0
186.0
61.7
86.8
83.7
159.0
107.0
23.6
166.0
184.0
66.5
122.0
186.0
111.0
168.0
102.0
231.0
19.8
57.1
67.3
117.0
63.1
177.0
98.7
6.7
113.0
81.8
122.0
46.7
155.0
206.0
29.5
89.1
191.0
68.2
229.0
81.5
94.8
18.3
132.0
63.9
39.3
153.0
116.0
132.0
152.0
224.0
35.6
57.9
112.0
47.6
185.0
157.0
29.1
102.0
68.5
135.0
52.6
168.0
235.0
165.0
75.2
177.0
63.9
195.0
108.0
52.7
128.0
59.2
47.1
201.0
59.1
152.0
201.0
243.0
35.0
129.0
24.4
236.0
17.4
32.6
96.3
213.0
72.5
141.0
