139.0
206.0
124.0
377.0
301.0
375.0
238.0
300.0
202.0
77.9
177.0
258.0
254.0
354.0
196.0
278.0
157.0
225.0
155.0
225.0
52.7
263.0
346.0
198.0
284.0
176.0
179.0
148.0
213.0
314.0
208.0
208.0
182.0
322.0
216.0
165.0
86.3
212.0
205.0
218.0
146.0
72.1
135.0
254.0
150.0
258.0
167.0
341.0
191.0
172.0
164.0
205.0
114.0
346.0
235.0
76.3
218.0
171.0
385.0
335.0
339.0
293.0
71.2
379.0
221.0
141.0
334.0
199.0
343.0
348.0
378.0
204.0
135.0
165.0
341.0
59.5
155.0
210.0
174.0
216.0
243.0
232.0
117.0
131.0
248.0
292.0
84.0
308.0
149.0
55.8
378.0
294.0
223.0
171.0
127.0
147.0
79.5
242.0
363.0
160.0
195.0
170.0
132.0
258.0
213.0
311.0
228.0
337.0
205.0
292.0
329.0
369.0
316.0
229.0
218.0
319.0
121.0
215.0
283.0
394.0
130.0
127.0
269.0
227.0
70.0
324.0
221.0
352.0
348.0
143.0
355.0
151.0
237.0
253.0
188.0
294.0
185.0
190.0
256.0
210.0
155.0
324.0
212.0
109.0
126.0
223.0
378.0
212.0
351.0
234.0
358.0
235.0
310.0
193.0
326.0
192.0
216.0
300.0
217.0
281.0
239.0
182.0
190.0
174.0
218.0
155.0
190.0
115.0
206.0
120.0
64.6
120.0
207.0
178.0
173.0
177.0
180.0
184.0
231.0
210.0
126.0
339.0
198.0
183.0
218.0
177.0
186.0
157.0
372.0
265.0
310.0
366.0
313.0
391.0
185.0
0.0
182.0
172.0
388.0
130.0
260.0
358.0
291.0
223.0
224.0
179.0
170.0
383.0
209.0
171.0
249.0
193.0
316.0
208.0
203.0
307.0
148.0
130.0
167.0
47.0
255.0
287.0
78.5
338.0
232.0
269.0
242.0
201.0
297.0
122.0
241.0
355.0
279.0
272.0
370.0
352.0
165.0
104.0
119.0
242.0
121.0
150.0
153.0
138.0
187.0
151.0
174.0
368.0
118.0
137.0
233.0
360.0
217.0
283.0
318.0
246.0
204.0
229.0
348.0
74.2
181.0
364.0
136.0
167.0
168.0
379.0
328.0
183.0
229.0
213.0
301.0
157.0
170.0
294.0
312.0
203.0
250.0
313.0
239.0
296.0
230.0
359.0
181.0
156.0
223.0
245.0
196.0
335.0
217.0
184.0
154.0
137.0
264.0
202.0
52.7
334.0
201.0
242.0
105.0
229.0
357.0
196.0
191.0
187.0
260.0
174.0
185.0
281.0
97.0
260.0
294.0
351.0
176.0
191.0
240.0
181.0
99.7
300.0
210.0
227.0
143.0
263.0
232.0
296.0
363.0
63.1
204.0
305.0
225.0
323.0
250.0
185.0
154.0
170.0
144.0
329.0
132.0
279.0
329.0
418.0
191.0
271.0
178.0
363.0
174.0
183.0
224.0
340.0
163.0
54.4
