49.1
30.2
93.6
205.0
129.0
203.0
95.8
128.0
60.9
173.0
33.1
79.8
76.2
182.0
11.6
100.0
48.3
53.4
39.4
61.8
129.0
87.2
174.0
32.8
112.0
26.3
33.1
70.6
36.3
136.0
66.7
42.9
34.7
150.0
39.2
37.9
107.0
31.9
71.5
41.4
37.0
153.0
57.0
82.4
44.5
86.6
22.6
195.0
36.3
33.0
30.6
31.7
86.2
201.0
63.2
157.0
53.1
43.5
213.0
163.0
167.0
121.0
166.0
233.0
44.0
60.4
188.0
22.8
171.0
176.0
206.0
62.7
101.0
18.0
169.0
142.0
78.0
67.4
8.3
56.1
70.9
66.8
72.3
57.6
75.7
120.0
165.0
136.0
40.1
157.0
206.0
116.0
81.2
43.7
102.0
89.0
129.0
64.2
217.0
29.8
6.7
25.6
81.3
80.2
79.9
133.0
86.0
165.0
46.4
120.0
157.0
197.0
139.0
65.6
85.4
147.0
66.6
73.2
111.0
222.0
56.2
58.4
92.6
49.6
151.0
152.0
79.7
206.0
202.0
50.2
183.0
38.7
59.9
81.5
11.8
122.0
25.0
19.9
78.9
33.5
58.5
152.0
78.5
74.9
72.1
46.1
206.0
70.6
179.0
62.1
186.0
56.2
132.0
28.4
148.0
19.8
52.7
129.0
52.5
109.0
62.0
54.1
48.7
46.6
76.5
38.5
62.7
102.0
23.1
65.6
121.0
106.0
22.5
13.7
45.9
18.5
48.7
27.5
89.8
68.6
71.4
167.0
56.0
22.8
46.3
14.4
37.9
34.9
226.0
93.4
133.0
194.0
141.0
219.0
57.8
177.0
0.0
11.2
216.0
99.4
86.4
186.0
113.0
89.8
91.0
16.6
20.1
211.0
67.3
41.4
76.7
51.1
144.0
30.5
44.2
130.0
47.3
57.5
20.0
148.0
79.3
109.0
159.0
166.0
60.1
96.8
64.9
59.6
125.0
65.9
73.2
183.0
101.0
93.8
198.0
180.0
36.1
80.8
84.1
64.6
201.0
37.6
36.6
56.9
45.0
65.8
46.1
196.0
90.0
51.7
91.7
214.0
83.9
105.0
146.0
68.6
62.5
96.2
176.0
109.0
53.9
192.0
65.6
75.5
28.5
207.0
182.0
5.1
65.6
35.1
124.0
83.1
34.1
122.0
140.0
17.9
78.2
142.0
67.1
124.0
53.3
187.0
44.2
34.1
26.2
72.8
15.7
163.0
54.6
56.3
89.9
66.0
86.1
49.9
147.0
162.0
68.3
78.4
186.0
64.0
185.0
37.4
34.9
45.5
88.4
20.7
19.9
109.0
92.3
87.6
117.0
179.0
26.4
10.5
68.2
5.6
180.0
122.0
67.8
49.9
52.6
91.0
91.3
124.0
191.0
157.0
26.6
133.0
60.3
151.0
72.2
13.9
104.0
17.0
42.5
157.0
52.1
108.0
157.0
246.0
43.4
93.4
38.5
192.0
46.2
38.1
52.2
168.0
27.2
137.0
