38.8
37.1
83.3
218.0
142.0
216.0
91.5
141.0
56.5
162.0
28.7
88.3
84.8
195.0
21.3
109.0
47.3
66.5
29.0
55.9
119.0
111.0
188.0
28.5
125.0
32.9
28.7
60.3
57.3
145.0
62.3
38.5
63.4
163.0
60.1
30.9
96.9
43.0
67.2
62.3
26.7
142.0
46.7
95.5
34.2
99.7
15.3
172.0
31.9
26.0
20.3
36.2
75.8
177.0
76.3
147.0
48.7
36.6
226.0
176.0
180.0
134.0
156.0
210.0
65.0
50.1
164.0
29.7
184.0
189.0
219.0
58.4
91.0
7.7
148.0
131.0
67.7
80.4
6.3
51.8
83.9
62.4
62.0
47.3
88.8
133.0
154.0
149.0
40.9
146.0
219.0
125.0
76.8
36.8
91.7
78.7
119.0
72.7
193.0
31.7
16.4
29.4
71.0
88.8
75.5
142.0
81.7
178.0
59.5
133.0
170.0
210.0
147.0
60.2
81.0
160.0
56.3
68.8
124.0
236.0
45.9
48.1
106.0
53.9
140.0
165.0
75.4
183.0
179.0
39.8
196.0
28.4
80.9
94.6
20.8
135.0
33.9
47.0
94.0
54.4
48.2
165.0
74.2
64.6
61.7
67.1
219.0
66.2
193.0
75.2
199.0
66.2
141.0
24.0
157.0
22.4
46.8
142.0
48.1
122.0
70.0
55.8
44.4
39.6
72.2
37.6
63.9
91.2
40.7
55.3
111.0
95.6
37.8
13.7
39.0
23.7
44.3
36.5
85.5
64.2
61.1
181.0
51.7
31.7
59.4
18.0
74.2
24.6
203.0
107.0
141.0
207.0
154.0
232.0
50.9
166.0
10.8
0.0
229.0
89.1
99.5
199.0
122.0
85.4
86.6
9.5
23.9
207.0
63.0
51.9
89.8
46.8
157.0
48.1
57.2
138.0
46.4
47.2
13.4
138.0
92.4
118.0
149.0
179.0
73.2
110.0
78.0
55.2
136.0
55.6
71.9
196.0
109.0
102.0
211.0
193.0
45.6
70.5
73.7
87.8
191.0
27.3
26.3
50.4
40.6
64.8
39.1
210.0
79.7
41.4
87.4
190.0
79.6
114.0
159.0
89.6
58.1
91.9
189.0
99.1
47.0
205.0
55.3
74.5
24.6
220.0
159.0
14.0
59.8
52.8
132.0
72.8
27.1
135.0
153.0
35.5
91.3
155.0
80.2
137.0
74.8
200.0
39.9
23.7
37.1
85.8
26.6
176.0
67.7
49.4
79.6
55.6
94.6
45.6
137.0
175.0
63.9
73.0
176.0
59.7
198.0
50.5
43.9
41.2
101.0
27.2
15.6
122.0
82.0
101.0
125.0
193.0
19.4
21.4
81.2
5.4
170.0
130.0
63.5
70.8
42.3
104.0
87.0
137.0
204.0
147.0
44.2
146.0
55.4
164.0
80.8
16.2
94.0
9.6
32.2
170.0
41.8
121.0
170.0
259.0
39.0
102.0
34.1
205.0
39.2
33.7
65.3
182.0
35.8
127.0
