152.0
79.2
169.0
113.0
64.8
139.0
139.0
46.7
109.0
254.0
105.0
46.6
58.7
85.5
91.5
40.1
100.0
34.8
142.0
66.5
220.0
13.3
110.0
93.8
32.1
101.0
105.0
154.0
54.4
72.1
143.0
98.6
71.6
86.2
60.3
126.0
189.0
71.7
122.0
50.0
140.0
243.0
149.0
26.2
147.0
13.9
120.0
98.8
108.0
121.0
133.0
88.9
168.0
104.0
30.6
248.0
88.8
131.0
115.0
98.9
75.5
56.5
248.0
137.0
47.3
163.0
91.4
87.3
75.7
84.4
112.0
139.0
145.0
124.0
75.6
232.0
121.0
59.2
110.0
98.1
43.2
84.5
175.0
157.0
14.5
51.6
255.0
72.3
134.0
239.0
142.0
51.7
157.0
131.0
145.0
122.0
211.0
49.3
121.0
124.0
93.3
104.0
164.0
35.7
123.0
68.8
162.0
73.8
43.5
42.5
93.1
133.0
74.3
72.9
127.0
50.2
159.0
149.0
47.7
158.0
159.0
161.0
10.2
66.8
241.0
61.0
122.0
110.0
106.0
153.0
106.0
141.0
28.8
33.0
102.0
57.9
71.5
86.8
24.2
57.4
161.0
87.7
138.0
177.0
154.0
55.2
142.0
113.0
115.0
24.5
122.0
47.3
54.9
97.5
83.7
93.1
72.2
64.4
94.5
45.0
61.7
136.0
125.0
134.0
153.0
123.0
144.0
183.0
58.9
168.0
212.0
153.0
82.7
109.0
134.0
101.0
125.0
68.3
132.0
111.0
153.0
103.0
122.0
93.6
41.2
105.0
66.5
137.0
130.0
36.7
68.4
130.0
77.2
155.0
145.0
267.0
101.0
114.0
152.0
144.0
0.0
122.0
43.1
149.0
143.0
112.0
111.0
134.0
110.0
94.8
7.9
120.0
55.4
47.9
52.3
65.2
127.0
160.0
126.0
230.0
8.7
44.2
250.0
102.0
41.0
33.3
18.1
136.0
44.1
168.0
79.9
98.4
25.4
33.2
134.0
88.7
115.0
176.0
165.0
31.4
292.0
140.0
139.0
137.0
121.0
110.0
134.0
132.0
172.0
154.0
168.0
118.0
134.0
49.4
81.7
21.6
139.0
143.0
112.0
198.0
142.0
101.0
168.0
103.0
132.0
143.0
86.1
104.0
61.4
40.2
53.8
125.0
122.0
47.6
76.3
67.7
36.5
77.5
16.8
59.6
40.7
123.0
120.0
137.0
69.6
29.5
70.2
61.7
46.5
144.0
117.0
140.0
29.2
98.8
229.0
97.9
127.0
70.9
277.0
106.0
121.0
57.5
60.7
122.0
33.2
129.0
112.0
15.6
174.0
15.1
56.7
115.0
114.0
103.0
47.0
104.0
271.0
51.0
144.0
37.0
152.0
9.7
133.0
59.9
127.0
239.0
46.9
68.7
81.8
69.0
37.6
113.0
140.0
122.0
145.0
66.3
155.0
41.1
65.4
143.0
116.0
46.1
110.0
100.0
134.0
114.0
30.8
87.0
114.0
227.0
