157.0
85.3
186.0
91.7
63.2
142.0
145.0
25.8
115.0
271.0
111.0
46.0
58.1
52.5
104.0
14.7
145.0
69.7
148.0
72.5
238.0
29.6
88.4
99.9
28.4
117.0
111.0
170.0
82.0
39.1
149.0
105.0
132.0
89.1
73.4
132.0
205.0
84.4
128.0
77.8
145.0
261.0
165.0
57.6
153.0
55.2
126.0
65.8
114.0
116.0
139.0
94.9
184.0
71.3
71.2
265.0
94.8
138.0
93.5
74.8
58.5
52.9
264.0
104.0
74.3
169.0
58.4
93.3
41.5
67.3
94.9
145.0
201.0
130.0
32.7
250.0
161.0
120.0
126.0
104.0
83.9
90.6
181.0
166.0
55.2
58.1
273.0
47.5
150.0
255.0
145.0
18.7
163.0
122.0
206.0
183.0
227.0
53.6
87.5
141.0
107.0
121.0
181.0
34.1
129.0
35.8
168.0
56.7
108.0
37.0
96.0
136.0
30.2
79.0
133.0
32.5
175.0
155.0
57.0
116.0
165.0
167.0
32.6
72.8
259.0
39.5
128.0
77.1
72.7
159.0
88.5
147.0
57.5
66.3
118.0
48.5
111.0
103.0
38.4
80.4
167.0
63.5
144.0
183.0
170.0
68.3
102.0
119.0
118.0
60.2
125.0
56.1
19.3
104.0
50.7
99.1
78.2
62.8
101.0
47.2
63.6
142.0
131.0
134.0
159.0
140.0
150.0
200.0
89.1
174.0
229.0
204.0
88.8
126.0
115.0
117.0
131.0
115.0
138.0
118.0
170.0
79.6
128.0
110.0
102.0
121.0
127.0
143.0
97.0
51.5
25.2
133.0
69.4
157.0
148.0
285.0
118.0
120.0
112.0
205.0
42.7
125.0
0.0
155.0
149.0
118.0
128.0
101.0
116.0
137.0
48.6
126.0
38.3
103.0
113.0
32.2
144.0
166.0
132.0
246.0
40.1
11.2
268.0
105.0
76.2
44.9
51.8
142.0
15.1
174.0
85.9
81.3
17.9
22.6
102.0
67.2
131.0
189.0
182.0
54.1
310.0
146.0
145.0
153.0
127.0
160.0
140.0
135.0
188.0
160.0
174.0
84.6
140.0
25.2
84.6
49.3
145.0
149.0
115.0
214.0
139.0
79.1
174.0
164.0
143.0
146.0
53.1
121.0
67.5
95.6
10.8
186.0
116.0
42.1
51.3
97.9
78.2
80.4
58.4
58.0
68.9
126.0
126.0
142.0
88.2
72.7
95.4
27.5
107.0
144.0
177.0
156.0
27.7
105.0
245.0
101.0
133.0
68.7
295.0
112.0
124.0
107.0
121.0
128.0
60.8
146.0
109.0
43.6
190.0
52.6
23.6
93.4
112.0
104.0
118.0
118.0
289.0
8.1
150.0
65.6
161.0
50.5
139.0
58.3
130.0
255.0
97.2
71.7
87.9
52.0
41.4
110.0
200.0
128.0
151.0
34.3
160.0
51.1
48.4
110.0
122.0
39.3
116.0
83.1
141.0
120.0
64.5
70.0
130.0
245.0
