257.0
221.0
275.0
70.9
62.9
25.6
279.0
119.0
250.0
360.0
231.0
193.0
223.0
98.0
197.0
162.0
235.0
160.0
248.0
216.0
326.0
152.0
44.3
231.0
119.0
207.0
231.0
259.0
193.0
151.0
265.0
241.0
198.0
41.1
202.0
231.0
295.0
210.0
270.0
190.0
245.0
349.0
255.0
128.0
253.0
138.0
226.0
104.0
234.0
226.0
239.0
230.0
274.0
98.3
152.0
353.0
230.0
237.0
62.7
45.8
82.0
76.5
353.0
83.3
193.0
269.0
153.0
232.0
136.0
82.8
55.4
261.0
272.0
230.0
134.0
338.0
251.0
184.0
216.0
239.0
165.0
236.0
281.0
263.0
157.0
75.2
361.0
73.1
240.0
344.0
27.9
164.0
279.0
237.0
272.0
249.0
317.0
211.0
90.8
230.0
199.0
210.0
270.0
181.0
264.0
152.0
284.0
93.2
174.0
105.0
34.0
18.9
140.0
222.0
267.0
112.0
265.0
271.0
84.1
65.5
265.0
267.0
140.0
212.0
347.0
117.0
263.0
92.5
111.0
259.0
58.4
247.0
182.0
137.0
208.0
94.1
191.0
193.0
164.0
196.0
267.0
56.3
277.0
283.0
260.0
204.0
55.3
254.0
31.5
169.0
34.9
205.0
130.0
226.0
153.0
225.0
215.0
70.7
235.0
104.0
211.0
248.0
247.0
240.0
275.0
229.0
256.0
289.0
196.0
274.0
317.0
279.0
213.0
215.0
239.0
207.0
247.0
195.0
273.0
252.0
259.0
54.2
254.0
199.0
168.0
211.0
193.0
243.0
92.2
122.0
138.0
14.0
56.0
40.3
251.0
373.0
207.0
220.0
65.4
271.0
143.0
0.0
147.0
288.0
284.0
218.0
217.0
80.1
250.0
222.0
140.0
249.0
83.4
186.0
179.0
159.0
233.0
266.0
232.0
336.0
152.0
172.0
356.0
25.6
167.0
115.0
171.0
258.0
132.0
274.0
229.0
64.1
156.0
166.0
47.2
85.7
221.0
282.0
271.0
196.0
398.0
246.0
245.0
243.0
243.0
237.0
240.0
38.8
278.0
260.0
290.0
105.0
282.0
173.0
48.0
177.0
260.0
284.0
10.3
304.0
247.0
73.7
274.0
230.0
238.0
18.0
148.0
210.0
211.0
179.0
135.0
252.0
228.0
102.0
66.0
192.0
147.0
48.4
159.0
69.5
191.0
26.3
242.0
242.0
208.0
142.0
206.0
128.0
173.0
250.0
243.0
246.0
175.0
240.0
335.0
24.1
266.0
220.0
383.0
247.0
22.5
184.0
188.0
244.0
131.0
234.0
218.0
128.0
280.0
128.0
171.0
49.3
220.0
209.0
175.0
210.0
377.0
152.0
266.0
182.0
258.0
133.0
274.0
64.8
33.2
345.0
181.0
53.4
223.0
71.1
205.0
219.0
267.0
228.0
251.0
123.0
260.0
82.7
84.0
79.5
241.0
187.0
236.0
66.8
240.0
236.0
169.0
78.1
220.0
333.0
