266.0
195.0
283.0
26.8
113.0
54.6
288.0
91.0
258.0
368.0
239.0
155.0
167.0
59.7
206.0
125.0
243.0
169.0
256.0
182.0
334.0
143.0
39.6
239.0
103.0
215.0
239.0
268.0
201.0
93.2
273.0
249.0
207.0
62.9
210.0
240.0
303.0
218.0
278.0
198.0
254.0
357.0
263.0
136.0
261.0
146.0
234.0
65.7
242.0
235.0
247.0
238.0
282.0
52.9
160.0
362.0
238.0
245.0
18.5
53.1
59.9
105.0
362.0
26.2
201.0
277.0
72.7
240.0
70.5
49.5
22.2
269.0
280.0
238.0
83.5
346.0
259.0
192.0
224.0
247.0
173.0
200.0
289.0
271.0
165.0
117.0
369.0
86.6
248.0
353.0
63.5
106.0
287.0
245.0
281.0
257.0
325.0
163.0
36.7
238.0
207.0
218.0
278.0
143.0
272.0
94.2
292.0
59.9
183.0
98.0
76.9
51.5
82.1
188.0
276.0
84.3
273.0
279.0
126.0
11.7
273.0
275.0
148.0
182.0
355.0
85.9
271.0
51.7
65.7
267.0
27.7
255.0
190.0
145.0
216.0
102.0
200.0
201.0
148.0
204.0
275.0
63.6
285.0
292.0
268.0
213.0
10.5
262.0
36.3
177.0
29.8
165.0
92.8
235.0
84.5
233.0
188.0
113.0
244.0
112.0
173.0
256.0
255.0
248.0
283.0
237.0
264.0
297.0
204.0
282.0
326.0
288.0
221.0
223.0
248.0
215.0
255.0
203.0
281.0
261.0
267.0
42.5
262.0
208.0
176.0
219.0
202.0
252.0
38.0
130.0
94.0
52.9
68.8
78.0
260.0
381.0
215.0
228.0
0.0
279.0
151.0
65.2
112.0
296.0
292.0
226.0
225.0
22.8
259.0
230.0
148.0
257.0
80.9
194.0
187.0
101.0
241.0
274.0
240.0
344.0
160.0
114.0
364.0
56.2
175.0
124.0
180.0
266.0
102.0
282.0
195.0
34.3
131.0
132.0
19.3
44.9
229.0
290.0
279.0
163.0
406.0
254.0
253.0
251.0
251.0
245.0
248.0
37.8
286.0
268.0
298.0
50.8
290.0
135.0
69.5
185.0
269.0
292.0
63.3
312.0
256.0
32.9
282.0
238.0
246.0
73.1
71.6
218.0
177.0
187.0
102.0
260.0
236.0
95.9
85.0
201.0
156.0
97.6
167.0
107.0
199.0
41.1
250.0
251.0
216.0
150.0
215.0
84.5
182.0
258.0
252.0
254.0
137.0
248.0
343.0
71.6
274.0
178.0
391.0
255.0
44.4
192.0
196.0
252.0
139.0
243.0
226.0
136.0
288.0
136.0
113.0
35.6
228.0
217.0
183.0
218.0
385.0
108.0
274.0
190.0
266.0
142.0
282.0
101.0
36.2
353.0
189.0
88.9
231.0
75.2
151.0
227.0
275.0
236.0
259.0
82.0
269.0
120.0
68.3
14.4
250.0
149.0
245.0
33.6
248.0
244.0
177.0
50.9
228.0
341.0
