63.2
124.0
14.1
269.0
193.0
267.0
167.0
192.0
131.0
110.0
116.0
168.0
164.0
246.0
108.0
188.0
70.0
110.0
64.5
150.0
75.8
148.0
239.0
115.0
176.0
87.0
116.0
38.2
124.0
224.0
138.0
125.0
80.6
214.0
127.0
94.5
44.9
136.0
134.0
129.0
80.1
99.3
49.8
147.0
59.9
151.0
102.0
259.0
119.0
101.0
72.3
123.0
41.8
265.0
121.0
103.0
136.0
100.0
277.0
227.0
231.0
185.0
104.0
297.0
132.0
103.0
252.0
117.0
235.0
240.0
270.0
134.0
6.2
82.3
233.0
88.3
44.2
95.8
92.1
139.0
113.0
149.0
65.0
57.8
133.0
184.0
111.0
200.0
58.0
94.5
270.0
204.0
152.0
100.0
3.6
23.1
66.7
152.0
281.0
71.3
113.0
81.3
23.6
168.0
142.0
221.0
157.0
229.0
107.0
184.0
221.0
261.0
239.0
154.0
148.0
211.0
53.9
144.0
175.0
287.0
69.6
63.8
153.0
138.0
97.2
216.0
150.0
271.0
266.0
93.2
247.0
68.6
126.0
146.0
99.5
186.0
95.6
101.0
145.0
122.0
102.0
216.0
141.0
57.3
29.0
134.0
270.0
141.0
244.0
120.0
251.0
144.0
200.0
111.0
236.0
109.0
141.0
193.0
135.0
173.0
150.0
111.0
120.0
103.0
147.0
66.5
119.0
23.4
117.0
68.3
67.5
14.1
125.0
89.5
103.0
87.8
109.0
94.7
160.0
139.0
35.3
232.0
127.0
94.5
104.0
88.0
79.1
78.0
290.0
158.0
221.0
258.0
205.0
283.0
114.0
123.0
99.5
89.2
280.0
0.0
143.0
250.0
201.0
152.0
153.0
96.3
81.0
275.0
138.0
76.7
137.0
122.0
208.0
119.0
104.0
218.0
59.4
78.6
84.2
85.7
140.0
197.0
106.0
230.0
111.0
161.0
125.0
130.0
189.0
65.6
159.0
247.0
160.0
182.0
262.0
244.0
75.6
52.4
51.2
140.0
148.0
80.7
69.1
49.1
116.0
43.1
103.0
261.0
23.3
76.5
163.0
278.0
146.0
193.0
210.0
135.0
133.0
158.0
240.0
53.9
111.0
256.0
84.0
42.7
78.8
272.0
247.0
97.6
154.0
124.0
198.0
32.6
99.3
187.0
204.0
114.0
125.0
206.0
128.0
188.0
135.0
251.0
110.0
65.9
134.0
137.0
114.0
227.0
102.0
113.0
30.5
37.7
174.0
131.0
84.9
226.0
131.0
166.0
133.0
147.0
249.0
107.0
86.5
116.0
152.0
82.4
102.0
173.0
27.8
152.0
205.0
244.0
106.0
108.0
109.0
98.8
127.0
210.0
139.0
126.0
52.8
155.0
161.0
188.0
255.0
94.7
115.0
197.0
142.0
215.0
150.0
103.0
18.2
87.8
85.6
221.0
60.9
172.0
221.0
310.0
120.0
181.0
107.0
256.0
103.0
112.0
113.0
233.0
74.2
83.3
