92.8
82.4
167.0
253.0
208.0
282.0
18.8
186.0
29.7
218.0
64.2
128.0
114.0
220.0
101.0
148.0
131.0
132.0
92.4
90.8
171.0
150.0
254.0
63.8
191.0
127.0
76.4
124.0
104.0
184.0
29.4
69.5
136.0
229.0
97.7
60.2
152.0
91.9
22.3
109.0
78.8
195.0
130.0
162.0
97.5
166.0
64.9
211.0
57.0
62.5
90.9
71.5
136.0
216.0
142.0
199.0
70.2
53.6
255.0
242.0
246.0
200.0
211.0
249.0
105.0
102.0
204.0
72.2
210.0
233.0
260.0
26.6
174.0
94.9
188.0
184.0
151.0
146.0
90.4
60.1
150.0
83.6
114.0
101.0
155.0
199.0
206.0
215.0
104.0
202.0
285.0
164.0
24.2
50.7
155.0
162.0
174.0
112.0
233.0
115.0
91.6
130.0
134.0
128.0
14.0
181.0
36.1
228.0
125.0
199.0
236.0
276.0
186.0
91.3
18.0
193.0
115.0
20.7
190.0
302.0
98.0
100.0
165.0
93.1
192.0
201.0
22.2
222.0
218.0
91.9
262.0
87.2
128.0
161.0
103.0
201.0
121.0
113.0
133.0
102.0
100.0
231.0
15.6
117.0
145.0
105.0
285.0
30.3
259.0
140.0
265.0
105.0
180.0
63.9
196.0
71.2
83.4
208.0
68.8
188.0
109.0
45.2
43.0
49.6
31.5
121.0
49.8
175.0
111.0
107.0
163.0
159.0
83.1
101.0
60.0
111.0
47.4
125.0
24.9
47.1
124.0
247.0
29.4
120.0
125.0
105.0
135.0
73.7
242.0
173.0
180.0
273.0
220.0
298.0
53.3
218.0
93.8
84.3
295.0
172.0
154.0
265.0
161.0
0.0
6.7
82.4
118.0
246.0
28.1
135.0
157.0
37.0
223.0
112.0
123.0
177.0
130.0
99.3
96.7
193.0
145.0
157.0
201.0
245.0
139.0
176.0
139.0
41.2
176.0
108.0
93.0
262.0
148.0
142.0
277.0
232.0
129.0
123.0
126.0
127.0
243.0
74.0
85.6
114.0
46.1
133.0
51.5
276.0
143.0
93.5
41.8
230.0
9.5
153.0
225.0
135.0
44.1
10.0
255.0
151.0
44.4
241.0
107.0
158.0
108.0
286.0
198.0
96.7
99.0
119.0
171.0
156.0
64.8
201.0
219.0
102.0
157.0
221.0
148.0
203.0
114.0
266.0
51.0
94.3
96.1
152.0
85.6
189.0
134.0
47.2
163.0
119.0
134.0
61.5
192.0
241.0
19.1
104.0
228.0
80.8
264.0
117.0
130.0
44.5
167.0
111.0
73.3
188.0
145.0
167.0
164.0
259.0
77.6
80.4
147.0
82.3
222.0
170.0
25.1
124.0
126.0
170.0
14.4
203.0
270.0
202.0
110.0
212.0
76.1
230.0
120.0
75.2
157.0
92.9
84.3
196.0
96.3
187.0
236.0
255.0
57.5
141.0
56.2
248.0
58.8
55.1
127.0
248.0
119.0
179.0
