93.8
83.0
168.0
243.0
209.0
283.0
8.1
176.0
42.4
219.0
65.2
117.0
104.0
210.0
102.0
138.0
132.0
126.0
90.1
80.6
172.0
140.0
255.0
64.7
179.0
129.0
77.4
145.0
93.5
174.0
32.1
65.0
137.0
230.0
87.5
61.1
153.0
81.7
23.2
98.6
79.8
195.0
131.0
162.0
98.5
149.0
65.9
201.0
58.0
63.5
91.9
68.5
137.0
206.0
140.0
200.0
60.0
54.6
245.0
243.0
209.0
201.0
212.0
239.0
94.7
103.0
193.0
73.1
200.0
223.0
249.0
29.3
175.0
95.9
178.0
185.0
152.0
145.0
91.4
49.9
146.0
73.4
115.0
112.0
143.0
200.0
207.0
216.0
125.0
203.0
286.0
154.0
26.9
51.6
156.0
143.0
175.0
102.0
222.0
116.0
92.6
132.0
135.0
118.0
18.0
171.0
38.8
218.0
118.0
200.0
237.0
277.0
176.0
81.1
16.8
183.0
121.0
23.4
191.0
303.0
98.9
101.0
155.0
82.9
193.0
191.0
24.2
212.0
208.0
92.9
263.0
88.2
118.0
162.0
104.0
202.0
123.0
115.0
123.0
92.1
101.0
232.0
18.3
118.0
126.0
94.5
254.0
37.1
259.0
130.0
266.0
95.3
170.0
64.9
186.0
72.1
73.3
209.0
58.6
189.0
99.1
46.1
44.0
50.6
34.2
122.0
50.8
176.0
101.0
108.0
164.0
160.0
86.5
102.0
60.9
129.0
48.4
126.0
14.7
36.9
145.0
248.0
30.3
122.0
127.0
106.0
137.0
74.6
232.0
173.0
170.0
274.0
221.0
299.0
54.3
219.0
94.8
85.2
259.0
153.0
144.0
266.0
151.0
6.6
0.0
83.3
119.0
236.0
36.6
136.0
147.0
38.0
189.0
101.0
125.0
167.0
131.0
100.0
97.7
194.0
135.0
147.0
202.0
246.0
135.0
177.0
129.0
42.2
166.0
109.0
82.9
241.0
138.0
131.0
278.0
221.0
130.0
124.0
127.0
117.0
244.0
75.0
86.6
135.0
47.0
149.0
52.4
277.0
164.0
94.5
44.5
220.0
12.3
143.0
226.0
125.0
45.1
3.8
256.0
152.0
45.3
231.0
108.0
159.0
109.0
287.0
188.0
97.7
88.8
109.0
161.0
157.0
65.7
202.0
220.0
102.0
149.0
222.0
138.0
204.0
104.0
267.0
51.9
95.3
85.9
153.0
86.6
179.0
132.0
48.1
164.0
120.0
124.0
51.4
193.0
242.0
21.8
93.9
229.0
70.6
265.0
118.0
132.0
45.5
168.0
112.0
74.2
164.0
166.0
168.0
154.0
260.0
78.6
81.3
143.0
83.3
223.0
159.0
27.8
114.0
107.0
153.0
10.7
204.0
271.0
203.0
109.0
213.0
65.9
231.0
110.0
76.2
158.0
93.9
85.2
186.0
97.2
188.0
199.0
245.0
57.8
131.0
57.1
238.0
59.7
56.1
117.0
249.0
120.0
180.0
