47.1
34.0
91.5
215.0
139.0
213.0
88.3
138.0
53.4
171.0
25.6
85.2
81.6
192.0
32.3
106.0
55.6
63.3
37.3
52.8
127.0
107.0
184.0
25.3
122.0
58.0
8.6
68.5
54.1
142.0
59.2
35.4
66.4
160.0
57.0
17.5
105.0
39.8
64.0
59.2
35.0
151.0
54.9
92.4
42.4
96.5
9.6
168.0
28.8
12.6
28.6
33.1
84.1
174.0
73.1
155.0
45.6
23.2
223.0
173.0
177.0
131.0
164.0
206.0
61.8
58.4
161.0
26.6
181.0
186.0
216.0
55.2
99.3
12.6
145.0
140.0
75.9
77.3
13.8
48.6
80.8
59.3
70.3
55.6
85.7
130.0
163.0
146.0
49.2
155.0
216.0
121.0
73.7
23.4
100.0
87.0
127.0
69.6
190.0
40.0
22.5
59.6
79.3
85.6
72.4
138.0
78.5
175.0
56.3
130.0
167.0
207.0
144.0
57.1
77.9
157.0
64.5
65.7
121.0
232.0
54.1
56.4
103.0
50.7
149.0
162.0
72.2
180.0
175.0
48.1
193.0
36.7
77.7
91.4
26.2
132.0
51.9
43.8
90.9
51.3
56.5
162.0
71.0
72.9
70.0
63.9
216.0
63.1
189.0
72.0
196.0
63.1
138.0
20.9
153.0
19.3
43.7
138.0
45.0
119.0
66.9
33.8
41.2
26.2
69.0
45.9
42.4
99.5
37.5
63.6
119.0
104.0
34.7
21.2
25.6
31.1
32.0
55.4
82.3
61.1
69.4
177.0
48.5
50.7
56.2
25.4
65.8
32.9
200.0
103.0
138.0
204.0
151.0
229.0
37.5
175.0
18.2
8.5
226.0
97.4
96.4
196.0
118.0
82.2
83.5
0.0
43.2
204.0
59.8
60.1
86.7
43.6
154.0
45.0
54.1
135.0
54.7
55.5
21.6
146.0
89.3
115.0
157.0
176.0
70.1
107.0
74.8
52.1
133.0
63.8
68.7
193.0
106.0
99.2
208.0
190.0
53.9
78.8
82.0
84.7
199.0
35.6
34.5
58.6
37.5
73.1
25.7
206.0
87.9
49.7
84.2
187.0
76.4
111.0
156.0
86.4
55.0
88.7
186.0
107.0
33.6
202.0
63.6
82.8
32.9
217.0
156.0
19.4
56.6
49.6
129.0
81.0
13.7
132.0
150.0
32.4
88.1
152.0
77.1
134.0
71.6
197.0
33.0
32.0
34.0
82.7
23.5
173.0
64.6
36.0
87.8
63.9
91.5
42.4
145.0
172.0
60.8
69.9
184.0
56.5
195.0
47.4
60.6
38.0
98.3
35.5
5.9
119.0
90.2
97.5
122.0
189.0
5.5
18.2
78.1
9.5
178.0
127.0
60.3
67.7
50.6
101.0
83.8
134.0
201.0
155.0
41.1
143.0
52.2
161.0
77.6
13.1
102.0
17.9
40.5
167.0
50.0
117.0
167.0
256.0
35.9
98.8
30.3
201.0
25.8
30.6
62.2
178.0
44.1
135.0
