48.6
73.7
67.8
215.0
139.0
213.0
125.0
138.0
87.8
153.0
62.6
95.3
91.8
192.0
21.2
116.0
22.5
63.8
38.8
77.3
118.0
102.0
185.0
62.4
122.0
14.4
62.6
52.1
51.8
152.0
96.2
72.4
24.0
161.0
54.7
51.0
87.4
63.2
101.0
56.9
36.5
142.0
47.4
92.9
43.9
97.0
49.3
206.0
65.8
59.9
21.1
70.1
66.3
211.0
73.6
146.0
82.8
56.6
224.0
173.0
177.0
131.0
146.0
243.0
59.6
59.9
198.0
63.6
182.0
186.0
216.0
92.2
82.9
29.3
179.0
131.0
43.4
39.7
17.9
85.7
81.3
96.3
71.8
55.5
86.2
130.0
154.0
147.0
22.5
137.0
217.0
132.0
111.0
56.8
83.6
70.6
109.0
79.7
227.0
9.7
21.3
8.0
62.9
95.7
109.0
149.0
116.0
176.0
43.6
130.0
168.0
208.0
154.0
81.2
115.0
157.0
57.7
103.0
121.0
233.0
55.7
57.9
107.0
65.2
140.0
162.0
107.0
217.0
212.0
49.6
193.0
38.2
75.4
91.9
13.9
132.0
23.1
28.5
94.4
49.0
58.0
162.0
108.0
74.4
52.2
61.7
216.0
100.0
190.0
72.5
197.0
71.7
148.0
57.9
164.0
56.3
68.2
139.0
82.0
120.0
77.5
67.1
78.3
59.7
106.0
14.2
75.8
81.7
44.8
65.1
110.0
86.1
42.4
9.5
59.0
8.3
65.4
22.2
119.0
98.1
51.6
178.0
85.5
19.5
56.7
6.9
27.7
34.4
237.0
104.0
148.0
204.0
152.0
229.0
70.8
166.0
20.1
23.9
226.0
81.0
98.5
197.0
128.0
119.0
121.0
43.3
0.0
222.0
94.3
21.3
87.2
80.7
154.0
46.5
41.6
145.0
25.8
57.0
14.6
128.0
93.8
125.0
148.0
176.0
70.6
107.0
80.4
89.1
136.0
65.3
88.7
193.0
116.0
109.0
208.0
191.0
16.0
74.5
63.6
80.1
190.0
37.1
36.0
35.4
74.5
42.0
59.1
207.0
70.2
51.2
121.0
224.0
113.0
121.0
156.0
84.1
92.0
126.0
186.0
96.4
67.0
202.0
65.1
54.4
16.6
218.0
193.0
15.2
81.2
51.1
139.0
64.6
55.7
133.0
151.0
41.4
88.6
152.0
77.6
134.0
68.9
197.0
66.4
23.0
61.0
83.2
35.7
173.0
65.1
69.3
67.5
38.3
102.0
79.5
127.0
172.0
97.8
94.0
175.0
93.6
196.0
34.9
29.9
75.1
98.8
7.6
49.5
119.0
72.5
98.0
132.0
190.0
53.3
30.5
78.6
25.0
169.0
137.0
97.4
65.4
50.5
101.0
121.0
134.0
201.0
137.0
42.6
143.0
75.8
162.0
87.7
50.1
85.8
17.0
42.0
168.0
51.6
118.0
167.0
256.0
72.9
109.0
63.8
202.0
59.2
67.6
62.7
179.0
7.1
126.0
