144.0
79.1
161.0
115.0
62.0
136.0
138.0
48.8
109.0
246.0
117.0
52.5
62.3
87.6
83.6
46.0
94.2
28.5
134.0
66.4
212.0
19.1
108.0
117.0
34.2
93.0
117.0
146.0
55.8
78.0
151.0
98.5
65.5
83.4
60.2
118.0
181.0
73.2
122.0
46.8
132.0
235.0
141.0
21.9
139.0
6.7
112.0
105.0
121.0
113.0
125.0
88.8
160.0
110.0
22.7
240.0
88.6
123.0
117.0
96.1
77.6
53.7
240.0
143.0
47.2
155.0
97.3
87.2
77.8
86.4
114.0
147.0
139.0
117.0
75.5
224.0
137.0
51.3
102.0
98.0
35.3
84.4
167.0
149.0
6.6
48.8
247.0
69.5
126.0
231.0
139.0
57.6
165.0
123.0
139.0
116.0
203.0
51.4
126.0
116.0
85.4
96.3
157.0
41.6
123.0
74.6
170.0
75.8
60.6
44.6
90.3
130.0
80.1
72.8
126.0
52.3
151.0
157.0
44.9
156.0
151.0
153.0
17.5
66.7
233.0
63.0
122.0
116.0
112.0
145.0
116.0
133.0
28.7
25.8
93.9
55.1
77.6
78.9
30.1
58.8
153.0
84.9
163.0
170.0
146.0
55.1
139.0
113.0
113.0
17.4
119.0
47.2
57.0
113.0
89.6
111.0
72.0
61.6
94.3
42.1
61.6
134.0
133.0
126.0
161.0
116.0
143.0
175.0
60.4
160.0
204.0
146.0
82.6
101.0
126.0
92.9
133.0
62.3
132.0
111.0
145.0
101.0
122.0
85.7
35.1
96.9
60.5
130.0
136.0
33.9
74.2
127.0
74.3
152.0
138.0
259.0
93.3
106.0
149.0
138.0
7.9
119.0
48.9
149.0
143.0
104.0
103.0
122.0
109.0
88.8
0.0
135.0
57.4
49.3
46.3
71.1
119.0
152.0
118.0
222.0
11.8
50.1
242.0
98.9
33.1
30.4
17.9
144.0
46.2
161.0
79.8
116.0
31.3
39.1
131.0
90.8
107.0
168.0
157.0
31.2
284.0
132.0
131.0
129.0
129.0
104.0
126.0
130.0
164.0
146.0
176.0
124.0
168.0
55.3
78.9
21.4
147.0
143.0
109.0
190.0
134.0
103.0
160.0
97.4
124.0
141.0
92.0
96.2
61.3
41.7
55.4
119.0
114.0
49.7
73.4
78.7
28.6
74.7
9.6
56.8
40.6
120.0
128.0
129.0
71.1
22.3
71.6
63.8
40.5
136.0
111.0
132.0
35.1
98.7
221.0
95.1
153.0
70.8
269.0
106.0
118.0
70.0
54.7
130.0
28.9
121.0
104.0
17.7
166.0
12.3
62.5
113.0
106.0
95.1
39.1
96.5
263.0
56.9
152.0
33.8
144.0
6.8
133.0
57.1
124.0
231.0
67.5
65.9
81.7
84.4
43.4
105.0
134.0
115.0
137.0
68.4
147.0
38.3
67.5
179.0
128.0
52.0
123.0
102.0
126.0
122.0
30.6
102.0
106.0
220.0
