194.0
123.0
212.0
60.1
37.4
104.0
183.0
12.6
153.0
297.0
168.0
84.2
96.3
32.4
134.0
53.0
172.0
97.4
185.0
111.0
263.0
67.8
51.9
168.0
24.5
144.0
168.0
196.0
130.0
43.4
202.0
178.0
135.0
39.9
139.0
168.0
232.0
147.0
207.0
127.0
182.0
286.0
192.0
64.8
190.0
55.2
163.0
38.4
171.0
163.0
176.0
133.0
211.0
57.9
89.0
290.0
133.0
174.0
61.6
38.4
22.4
29.5
290.0
70.1
130.0
206.0
45.0
132.0
28.4
31.3
58.8
198.0
209.0
167.0
26.2
275.0
188.0
121.0
153.0
142.0
102.0
129.0
218.0
200.0
60.4
41.5
298.0
8.7
177.0
281.0
108.0
55.9
216.0
174.0
209.0
186.0
254.0
91.9
74.1
167.0
136.0
147.0
207.0
72.3
167.0
44.4
221.0
20.7
111.0
19.6
58.7
98.7
32.3
117.0
171.0
5.9
202.0
208.0
50.4
84.8
202.0
204.0
50.1
111.0
284.0
9.2
166.0
49.8
59.3
196.0
52.4
184.0
81.7
73.5
145.0
18.2
128.0
130.0
76.6
133.0
204.0
27.1
214.0
220.0
197.0
107.0
68.5
157.0
80.9
106.0
87.9
94.3
28.7
163.0
45.2
162.0
116.0
37.0
139.0
40.8
102.0
185.0
184.0
177.0
212.0
166.0
193.0
226.0
133.0
211.0
254.0
216.0
150.0
152.0
176.0
144.0
184.0
132.0
176.0
156.0
196.0
43.2
191.0
136.0
105.0
148.0
130.0
180.0
83.6
59.2
29.8
69.4
24.1
120.0
188.0
310.0
144.0
157.0
80.7
208.0
55.9
83.4
38.3
225.0
188.0
155.0
154.0
66.7
154.0
159.0
57.4
186.0
0.0
123.0
116.0
51.0
170.0
203.0
169.0
273.0
64.6
64.1
293.0
58.4
104.0
52.4
77.0
195.0
23.3
211.0
124.0
45.3
56.1
60.8
66.4
35.7
158.0
219.0
208.0
92.4
335.0
183.0
182.0
180.0
180.0
174.0
177.0
98.0
215.0
197.0
227.0
71.2
219.0
63.4
33.1
74.5
197.0
187.0
77.4
241.0
184.0
47.5
211.0
167.0
175.0
109.0
39.7
147.0
106.0
116.0
29.1
189.0
165.0
17.4
15.1
129.0
84.5
43.1
96.0
31.5
128.0
88.4
179.0
179.0
145.0
79.0
143.0
20.3
110.0
187.0
180.0
183.0
65.9
143.0
272.0
63.5
203.0
107.0
320.0
150.0
86.8
121.0
125.0
181.0
68.0
171.0
155.0
39.7
217.0
65.2
63.0
56.9
157.0
146.0
112.0
147.0
314.0
43.6
203.0
119.0
195.0
50.5
177.0
28.9
92.4
282.0
118.0
34.4
126.0
16.3
79.6
156.0
204.0
165.0
188.0
14.7
197.0
48.9
12.3
77.1
178.0
77.6
173.0
47.0
177.0
173.0
106.0
33.9
157.0
270.0
