87.8
36.5
105.0
185.0
109.0
183.0
95.4
108.0
65.9
190.0
61.4
71.1
67.6
162.0
22.1
91.8
64.2
27.8
78.1
40.1
155.0
52.0
155.0
51.1
92.3
36.4
61.4
89.1
8.0
128.0
95.0
55.4
44.8
131.0
17.6
61.7
124.0
26.0
78.8
11.1
75.7
179.0
84.4
62.8
83.2
50.6
55.9
154.0
64.6
56.8
69.3
45.7
103.0
160.0
41.5
183.0
45.6
67.4
193.0
143.0
147.0
101.0
183.0
192.0
14.7
99.2
147.0
44.5
151.0
156.0
186.0
91.0
120.0
60.6
149.0
168.0
80.4
47.1
39.1
54.9
48.0
51.6
111.0
92.5
44.9
100.0
191.0
117.0
69.4
174.0
187.0
107.0
109.0
67.6
121.0
108.0
146.0
55.5
176.0
59.8
24.8
39.6
99.9
71.6
80.0
124.0
114.0
146.0
15.9
100.0
138.0
178.0
130.0
44.0
83.4
127.0
94.7
102.0
91.3
203.0
94.9
97.1
57.4
28.0
177.0
132.0
78.8
166.0
161.0
88.9
163.0
77.4
25.8
61.8
37.2
102.0
30.3
17.0
44.8
11.6
97.3
132.0
94.4
114.0
89.2
24.5
186.0
69.6
160.0
32.1
167.0
34.6
123.0
56.7
139.0
50.4
31.0
109.0
51.3
89.4
40.4
77.9
77.1
70.4
105.0
58.8
86.6
119.0
9.1
104.0
147.0
123.0
28.8
44.6
69.7
36.3
77.0
27.3
88.9
68.3
88.6
148.0
78.6
29.1
19.7
40.2
54.4
73.7
186.0
73.8
124.0
174.0
122.0
199.0
81.6
203.0
30.5
49.9
196.0
118.0
48.9
167.0
104.0
106.0
100.0
48.0
46.7
190.0
66.4
55.7
48.6
76.8
124.0
0.0
23.3
121.0
62.8
96.2
62.4
165.0
44.2
101.0
185.0
146.0
37.2
77.2
30.8
87.9
106.0
105.0
51.5
163.0
63.8
85.1
178.0
160.0
50.3
112.0
101.0
30.5
227.0
76.3
75.3
72.3
73.3
79.0
69.9
177.0
107.0
90.4
120.0
173.0
90.9
96.7
126.0
34.5
90.8
99.6
156.0
133.0
77.7
172.0
104.0
91.4
67.3
188.0
142.0
40.3
44.0
7.8
115.0
102.0
57.9
103.0
121.0
11.5
51.0
122.0
39.8
104.0
24.2
167.0
72.6
72.8
23.9
53.1
24.5
143.0
34.3
80.1
105.0
75.3
77.4
55.6
164.0
142.0
83.9
56.8
212.0
62.8
166.0
18.1
48.6
73.9
68.7
64.0
48.3
65.6
109.0
68.0
108.0
160.0
50.2
25.3
45.3
33.7
206.0
113.0
96.2
15.7
87.5
54.8
89.8
104.0
171.0
174.0
6.9
113.0
38.7
132.0
40.1
48.9
123.0
58.6
81.2
138.0
90.8
87.9
137.0
226.0
73.2
84.8
66.8
172.0
70.0
66.4
19.2
149.0
49.5
163.0
