175.0
103.0
203.0
85.4
87.9
155.0
162.0
39.1
133.0
288.0
128.0
63.4
65.3
51.7
121.0
28.0
163.0
118.0
165.0
89.9
255.0
51.2
102.0
117.0
59.9
135.0
128.0
187.0
99.4
9.2
166.0
122.0
149.0
102.0
90.8
150.0
223.0
102.0
145.0
95.2
163.0
278.0
183.0
115.0
170.0
76.8
143.0
42.8
131.0
134.0
156.0
112.0
202.0
48.3
92.8
283.0
112.0
155.0
87.2
88.8
61.9
80.1
281.0
80.8
91.7
186.0
35.5
111.0
41.7
65.0
91.5
162.0
218.0
148.0
28.8
268.0
179.0
137.0
143.0
122.0
106.0
108.0
198.0
183.0
76.8
92.0
290.0
62.5
168.0
272.0
158.0
13.8
181.0
139.0
223.0
200.0
245.0
71.0
64.5
158.0
124.0
138.0
198.0
51.4
147.0
8.9
186.0
60.3
126.0
67.6
109.0
149.0
20.5
96.4
150.0
53.9
192.0
173.0
101.0
110.0
182.0
184.0
54.3
90.2
276.0
46.4
145.0
54.1
49.7
176.0
89.0
164.0
74.9
124.0
136.0
68.8
129.0
121.0
55.8
97.7
184.0
77.6
161.0
201.0
188.0
85.7
95.7
136.0
131.0
81.8
138.0
73.4
30.4
121.0
21.0
117.0
95.6
87.6
118.0
91.3
80.9
160.0
148.0
152.0
176.0
157.0
168.0
217.0
106.0
191.0
247.0
221.0
106.0
143.0
133.0
135.0
148.0
132.0
156.0
135.0
187.0
93.6
145.0
127.0
119.0
139.0
144.0
161.0
74.1
110.0
20.9
146.0
84.4
171.0
166.0
302.0
136.0
137.0
101.0
222.0
64.3
138.0
31.7
173.0
167.0
135.0
145.0
78.4
133.0
154.0
70.2
143.0
51.7
121.0
130.0
0.0
161.0
183.0
149.0
264.0
61.8
22.0
285.0
118.0
127.0
103.0
73.4
159.0
46.6
192.0
86.2
83.6
39.5
39.9
99.1
63.5
149.0
207.0
199.0
71.5
327.0
163.0
162.0
171.0
145.0
177.0
158.0
149.0
205.0
177.0
191.0
61.7
157.0
34.9
97.9
69.8
162.0
166.0
128.0
232.0
156.0
72.8
191.0
181.0
161.0
159.0
30.1
139.0
84.9
113.0
33.2
203.0
133.0
65.5
69.1
115.0
135.0
93.6
80.0
82.0
86.3
139.0
144.0
160.0
106.0
130.0
113.0
29.6
124.0
162.0
194.0
174.0
45.1
122.0
263.0
114.0
150.0
75.2
312.0
129.0
137.0
124.0
139.0
145.0
119.0
163.0
126.0
65.6
208.0
74.2
11.8
97.4
130.0
121.0
135.0
135.0
306.0
25.3
167.0
83.0
178.0
72.2
156.0
79.4
143.0
273.0
115.0
84.9
105.0
64.3
58.7
128.0
218.0
146.0
168.0
38.1
178.0
99.5
51.8
86.8
140.0
49.3
134.0
79.7
158.0
138.0
109.0
73.4
148.0
263.0
