37.8
90.0
44.7
231.0
156.0
230.0
134.0
155.0
101.0
130.0
73.0
112.0
108.0
209.0
51.4
132.0
9.2
80.2
39.2
93.7
95.2
118.0
201.0
72.7
139.0
30.8
73.0
29.0
68.2
168.0
107.0
82.8
37.2
177.0
71.1
61.3
64.3
79.5
111.0
73.3
46.9
119.0
24.4
109.0
34.5
113.0
59.6
222.0
76.2
70.3
31.5
80.5
43.3
227.0
90.0
123.0
99.1
67.0
240.0
190.0
194.0
147.0
123.0
260.0
75.9
70.3
215.0
74.0
198.0
203.0
233.0
103.0
59.8
39.7
196.0
108.0
17.7
65.2
38.3
96.0
97.7
107.0
60.6
32.4
103.0
147.0
131.0
163.0
9.3
114.0
233.0
148.0
121.0
67.2
60.5
47.5
86.1
96.1
244.0
15.2
52.3
25.1
39.8
112.0
120.0
165.0
126.0
192.0
60.0
147.0
184.0
224.0
170.0
97.5
125.0
174.0
34.6
113.0
138.0
249.0
44.2
38.5
123.0
81.5
117.0
179.0
117.0
233.0
229.0
60.0
210.0
43.2
91.8
108.0
43.4
149.0
39.5
44.9
111.0
65.4
68.4
179.0
118.0
52.9
29.2
78.1
233.0
108.0
206.0
88.9
213.0
88.1
164.0
68.3
180.0
66.7
84.6
155.0
92.4
136.0
93.9
77.5
88.7
70.0
116.0
8.6
86.1
58.7
61.1
63.8
86.9
63.1
82.4
33.3
69.4
31.6
75.8
38.6
130.0
106.0
28.5
194.0
95.9
38.3
73.1
31.8
40.9
44.8
253.0
120.0
165.0
221.0
168.0
245.0
81.2
143.0
46.4
46.6
243.0
57.9
115.0
213.0
145.0
130.0
131.0
53.6
24.9
238.0
105.0
26.2
104.0
91.0
171.0
62.9
58.0
161.0
0.0
67.4
32.8
105.0
110.0
141.0
125.0
193.0
87.0
124.0
96.8
99.5
152.0
46.6
105.0
210.0
133.0
126.0
224.0
207.0
19.4
51.4
40.5
96.5
167.0
47.5
43.7
12.3
84.9
16.2
69.5
223.0
47.1
51.1
132.0
241.0
124.0
137.0
173.0
101.0
102.0
136.0
203.0
73.3
77.4
219.0
75.5
26.1
22.7
234.0
209.0
41.5
97.5
67.5
156.0
26.5
66.1
149.0
167.0
57.8
105.0
168.0
94.0
151.0
85.2
214.0
76.8
23.2
77.4
99.6
70.9
190.0
71.5
79.7
29.5
12.7
118.0
89.9
104.0
189.0
108.0
110.0
152.0
104.0
212.0
51.3
46.3
85.4
115.0
26.3
59.9
136.0
49.4
114.0
149.0
206.0
63.7
65.6
95.0
56.2
146.0
154.0
108.0
81.8
27.5
118.0
131.0
151.0
218.0
114.0
59.0
160.0
92.2
178.0
104.0
60.5
62.7
37.2
52.4
184.0
35.5
134.0
184.0
273.0
83.3
125.0
74.1
218.0
69.6
78.0
79.1
195.0
18.0
103.0
