63.3
44.0
128.0
219.0
170.0
244.0
42.8
152.0
12.9
188.0
25.9
93.3
79.6
185.0
63.1
114.0
92.4
94.1
59.6
56.5
141.0
115.0
215.0
25.4
153.0
88.8
38.0
105.0
69.4
150.0
28.8
31.2
97.2
191.0
63.4
30.6
123.0
57.6
18.5
74.4
49.3
165.0
91.7
123.0
68.0
127.0
35.4
177.0
18.7
28.2
65.3
33.1
106.0
182.0
104.0
169.0
35.8
31.7
221.0
204.0
208.0
161.0
181.0
215.0
70.5
72.7
169.0
33.8
175.0
216.0
247.0
16.4
125.0
56.6
153.0
154.0
101.0
108.0
52.0
32.7
112.0
49.3
84.6
81.1
116.0
161.0
177.0
177.0
86.0
172.0
247.0
129.0
43.2
27.1
137.0
124.0
145.0
77.6
198.0
76.8
53.3
92.0
105.0
93.7
26.9
147.0
48.1
206.0
87.1
160.0
198.0
238.0
152.0
57.0
24.1
187.0
90.1
35.3
152.0
263.0
68.4
70.6
131.0
58.8
163.0
193.0
29.2
188.0
183.0
62.4
223.0
57.7
94.1
122.0
65.2
163.0
82.7
74.7
99.0
68.0
70.8
193.0
30.4
87.2
95.6
70.3
246.0
17.8
220.0
103.0
227.0
71.1
146.0
25.6
161.0
32.8
49.1
169.0
34.5
150.0
74.9
22.2
7.2
23.5
38.6
82.6
30.3
125.0
68.3
77.9
133.0
129.0
44.7
62.4
21.6
72.7
14.8
86.2
39.3
26.2
106.0
208.0
7.8
81.5
87.0
67.0
96.6
44.1
208.0
134.0
146.0
235.0
182.0
259.0
28.1
189.0
55.5
45.9
257.0
123.0
120.0
227.0
126.0
36.8
38.0
44.0
80.0
212.0
15.7
96.9
117.0
0.0
185.0
77.3
84.9
143.0
91.4
69.8
58.4
164.0
110.0
123.0
171.0
207.0
101.0
138.0
105.0
21.7
141.0
78.1
58.7
224.0
114.0
107.0
238.0
197.0
90.7
93.0
96.3
92.8
214.0
44.5
56.1
95.4
6.6
110.0
26.0
237.0
113.0
64.0
53.8
195.0
30.9
119.0
187.0
101.0
24.6
43.2
217.0
122.0
18.9
207.0
77.9
120.0
69.6
248.0
164.0
58.4
64.7
85.1
137.0
118.0
26.4
163.0
181.0
63.2
119.0
182.0
108.0
164.0
79.7
228.0
12.6
68.8
51.4
113.0
47.3
155.0
95.4
24.2
113.0
101.0
99.5
18.6
163.0
203.0
17.5
69.8
198.0
46.5
226.0
78.2
91.4
9.3
129.0
72.2
34.9
150.0
116.0
128.0
130.0
220.0
39.3
42.0
109.0
44.0
193.0
135.0
29.9
89.6
87.3
132.0
30.2
165.0
232.0
173.0
71.9
174.0
41.8
192.0
85.7
36.8
139.0
54.6
54.8
162.0
66.7
148.0
198.0
221.0
9.6
107.0
17.8
232.0
33.3
16.8
93.1
209.0
80.8
149.0
