92.0
60.4
98.9
177.0
102.0
176.0
119.0
101.0
89.8
184.0
68.5
80.0
76.4
155.0
22.9
101.0
60.8
19.0
85.2
64.0
149.0
56.4
147.0
68.3
84.7
18.7
68.5
83.2
38.6
137.0
102.0
79.3
19.6
123.0
41.5
68.8
118.0
49.9
107.0
31.0
82.8
173.0
78.6
55.2
88.7
59.4
63.0
168.0
71.7
63.9
70.2
69.6
97.5
173.0
29.9
177.0
69.5
74.4
186.0
136.0
140.0
93.4
177.0
206.0
34.6
106.0
160.0
68.4
144.0
148.0
179.0
98.1
106.0
67.7
142.0
162.0
74.5
19.7
45.8
78.8
30.3
75.5
115.0
86.6
41.6
92.8
185.0
109.0
63.5
168.0
179.0
116.0
117.0
74.6
106.0
82.6
140.0
64.3
190.0
53.9
27.4
33.8
94.0
80.4
104.0
133.0
121.0
138.0
7.9
92.5
130.0
170.0
148.0
67.9
107.0
120.0
88.8
109.0
83.7
195.0
102.0
92.7
61.8
51.9
171.0
125.0
103.0
179.0
175.0
96.0
155.0
84.5
34.6
54.2
26.4
94.8
14.3
16.1
53.6
35.7
104.0
125.0
114.0
107.0
83.4
57.4
179.0
93.5
152.0
28.8
159.0
57.9
109.0
63.8
148.0
62.2
54.9
101.0
75.2
81.8
63.9
85.0
84.2
77.5
112.0
53.0
93.7
113.0
31.5
111.0
141.0
113.0
52.7
38.7
76.8
30.4
84.1
11.4
113.0
92.2
82.7
140.0
91.4
15.5
12.6
34.3
16.8
80.7
199.0
66.2
133.0
167.0
114.0
191.0
88.7
197.0
44.5
57.0
189.0
105.0
52.2
159.0
113.0
125.0
124.0
55.1
40.8
184.0
90.3
55.3
46.1
86.6
117.0
23.3
0.0
130.0
56.9
103.0
71.5
159.0
48.5
109.0
179.0
139.0
19.5
69.5
34.1
95.0
97.9
112.0
75.4
156.0
68.2
93.9
170.0
153.0
44.4
106.0
94.7
48.9
222.0
83.4
82.4
66.5
80.4
70.6
77.0
169.0
101.0
97.5
127.0
187.0
119.0
105.0
119.0
43.3
97.9
123.0
149.0
127.0
84.8
165.0
111.0
63.9
61.4
180.0
155.0
32.7
63.6
18.6
107.0
86.0
65.0
95.2
113.0
28.1
51.0
114.0
36.5
96.5
44.1
160.0
79.7
67.8
47.8
45.5
43.8
136.0
10.7
87.2
77.1
69.4
86.2
79.5
158.0
135.0
104.0
73.1
206.0
86.7
158.0
6.8
9.4
81.0
61.1
58.1
55.4
81.7
104.0
60.4
117.0
152.0
57.3
46.3
24.2
47.7
201.0
122.0
103.0
34.6
81.6
63.7
114.0
96.8
164.0
168.0
18.1
106.0
62.6
124.0
58.5
56.0
100.0
46.8
88.3
130.0
89.7
80.3
130.0
219.0
78.8
93.6
73.9
164.0
77.1
73.5
21.4
141.0
43.7
157.0
