244.0
172.0
280.0
9.3
105.0
74.6
231.0
89.6
202.0
365.0
198.0
133.0
145.0
46.1
202.0
102.0
239.0
165.0
234.0
159.0
330.0
120.0
50.2
186.0
89.1
211.0
198.0
264.0
169.0
70.4
235.0
191.0
203.0
73.5
160.0
219.0
299.0
171.0
215.0
164.0
232.0
354.0
259.0
132.0
239.0
120.0
212.0
38.9
200.0
203.0
226.0
182.0
278.0
30.2
157.0
358.0
181.0
224.0
17.8
63.7
52.8
97.1
358.0
3.4
161.0
255.0
49.9
180.0
56.9
38.8
32.8
231.0
277.0
217.0
64.8
343.0
255.0
189.0
212.0
191.0
169.0
177.0
267.0
253.0
125.0
109.0
366.0
71.9
244.0
349.0
83.5
83.0
250.0
208.0
277.0
253.0
321.0
140.0
13.9
235.0
204.0
215.0
275.0
121.0
216.0
71.5
255.0
46.1
179.0
84.2
87.6
66.2
59.3
166.0
219.0
70.5
270.0
242.0
118.0
31.7
251.0
253.0
123.0
159.0
352.0
72.1
215.0
31.0
43.0
245.0
39.2
234.0
144.0
141.0
212.0
85.8
196.0
197.0
125.0
167.0
253.0
65.5
230.0
270.0
264.0
155.0
25.8
205.0
51.1
151.0
44.6
143.0
82.8
190.0
61.7
186.0
165.0
105.0
187.0
108.0
150.0
229.0
217.0
221.0
245.0
234.0
237.0
294.0
176.0
261.0
322.0
284.0
175.0
220.0
202.0
211.0
217.0
200.0
225.0
204.0
264.0
54.0
214.0
204.0
173.0
215.0
198.0
230.0
15.3
127.0
71.1
67.7
71.0
98.0
235.0
378.0
212.0
206.0
22.8
276.0
133.0
80.0
101.0
242.0
236.0
204.0
222.0
0.0
202.0
226.0
122.0
213.0
67.1
190.0
184.0
78.1
238.0
252.0
219.0
340.0
131.0
91.1
360.0
67.4
172.0
120.0
143.0
228.0
97.5
261.0
172.0
37.3
109.0
109.0
33.8
31.3
225.0
276.0
276.0
141.0
402.0
233.0
231.0
247.0
214.0
242.0
227.0
49.7
282.0
247.0
260.0
28.1
227.0
113.0
71.5
139.0
231.0
235.0
78.1
308.0
226.0
19.3
261.0
235.0
230.0
76.4
48.8
215.0
154.0
182.0
92.1
257.0
202.0
82.1
77.9
184.0
152.0
91.6
149.0
99.1
155.0
55.9
213.0
229.0
175.0
147.0
182.0
74.4
178.0
231.0
248.0
250.0
114.0
191.0
339.0
82.3
220.0
155.0
387.0
199.0
59.2
188.0
192.0
214.0
136.0
232.0
195.0
104.0
284.0
133.0
90.1
46.2
199.0
190.0
180.0
204.0
381.0
85.0
237.0
152.0
248.0
115.0
226.0
96.4
51.7
349.0
186.0
82.5
174.0
68.0
128.0
197.0
271.0
215.0
237.0
74.2
247.0
116.0
54.5
8.4
209.0
126.0
203.0
26.4
227.0
207.0
173.0
43.8
225.0
338.0
