67.1
83.9
68.8
218.0
143.0
217.0
142.0
142.0
106.0
154.0
81.1
106.0
102.0
196.0
45.3
126.0
9.0
60.0
57.3
87.6
119.0
97.4
188.0
80.8
126.0
21.2
81.1
53.1
62.1
162.0
115.0
90.9
20.3
164.0
65.0
69.4
88.4
73.4
120.0
67.1
55.0
143.0
48.5
96.2
58.6
100.0
67.7
209.0
84.3
78.4
39.6
88.6
67.4
214.0
71.0
147.0
93.0
75.1
227.0
177.0
181.0
134.0
147.0
247.0
69.8
78.4
202.0
82.1
185.0
190.0
220.0
111.0
78.1
47.8
183.0
132.0
28.9
45.5
46.4
104.0
62.8
115.0
90.3
56.5
82.6
134.0
155.0
150.0
33.4
138.0
220.0
142.0
129.0
75.3
78.4
55.0
110.0
89.9
231.0
23.3
46.2
18.4
63.9
106.0
128.0
159.0
134.0
179.0
56.6
134.0
171.0
211.0
189.0
91.4
133.0
161.0
58.7
121.0
125.0
236.0
74.1
62.6
103.0
75.4
141.0
166.0
128.0
220.0
216.0
68.1
197.0
56.6
75.7
95.3
37.3
136.0
29.4
38.7
94.6
59.3
76.5
166.0
127.0
77.0
53.3
71.9
220.0
119.0
193.0
69.8
200.0
82.0
150.0
76.4
174.0
74.8
78.4
142.0
101.0
123.0
87.8
85.6
96.8
78.1
125.0
22.3
94.2
82.7
55.0
83.6
111.0
87.1
76.3
29.5
77.5
25.2
83.9
26.1
135.0
117.0
52.6
181.0
104.0
32.2
53.6
28.2
28.8
52.9
240.0
107.0
158.0
208.0
155.0
232.0
89.3
167.0
41.4
54.7
230.0
77.2
93.2
200.0
139.0
138.0
139.0
61.7
21.3
225.0
115.0
0.0
87.2
99.1
158.0
56.8
53.5
155.0
26.8
75.5
40.9
129.0
89.6
135.0
149.0
180.0
60.6
111.0
75.1
108.0
139.0
83.8
99.0
197.0
109.0
120.0
211.0
194.0
6.3
75.5
64.6
89.9
191.0
55.6
54.5
36.4
93.0
22.7
77.6
210.0
71.2
69.7
140.0
228.0
132.0
131.0
160.0
84.4
110.0
144.0
190.0
97.4
85.5
206.0
83.6
36.3
30.8
221.0
196.0
36.4
91.4
61.4
149.0
58.4
74.2
136.0
154.0
51.7
74.9
155.0
77.6
137.0
85.1
201.0
84.9
37.2
71.3
86.6
79.0
177.0
51.8
87.8
49.5
39.3
112.0
98.0
128.0
176.0
116.0
104.0
176.0
112.0
199.0
45.1
36.2
93.5
102.0
34.4
68.0
123.0
73.5
101.0
142.0
193.0
71.8
73.7
58.6
64.3
170.0
148.0
116.0
75.7
51.5
105.0
139.0
138.0
205.0
138.0
52.9
147.0
86.1
165.0
98.0
68.6
72.9
45.3
60.5
171.0
59.6
121.0
171.0
260.0
91.4
119.0
82.2
205.0
77.7
86.1
62.5
182.0
14.0
127.0
