79.6
48.0
133.0
208.0
172.0
246.0
30.2
141.0
5.0
204.0
42.1
82.4
68.8
175.0
80.7
103.0
109.0
90.9
79.1
45.6
158.0
105.0
218.0
37.8
144.0
93.9
54.5
122.0
58.6
139.0
30.4
30.0
102.0
194.0
52.5
46.9
139.0
46.8
13.5
63.6
65.6
181.0
96.7
126.0
95.7
114.0
51.7
166.0
35.2
44.4
77.6
33.5
123.0
171.0
105.0
185.0
25.0
47.9
210.0
206.0
175.0
164.0
198.0
204.0
59.7
88.9
158.0
41.6
165.0
188.0
214.0
24.4
141.0
73.1
143.0
170.0
118.0
110.0
68.6
22.2
111.0
38.5
101.0
97.4
108.0
163.0
193.0
180.0
91.0
189.0
250.0
119.0
37.8
43.3
142.0
140.0
161.0
66.8
187.0
93.3
69.8
97.1
121.0
82.9
14.1
136.0
49.7
183.0
83.1
163.0
201.0
241.0
141.0
46.1
14.3
148.0
106.0
32.2
154.0
266.0
84.7
86.9
120.0
48.0
179.0
156.0
13.6
177.0
173.0
78.7
212.0
73.9
83.3
125.0
94.7
165.0
87.8
79.7
88.1
57.2
87.1
195.0
29.2
103.0
112.0
59.5
219.0
3.4
223.0
95.2
230.0
60.3
135.0
42.1
151.0
49.3
38.3
172.0
23.6
153.0
64.1
48.4
23.4
39.7
40.2
99.1
35.3
141.0
65.6
94.1
149.0
157.0
51.5
78.9
37.9
93.8
36.4
91.3
23.7
11.1
111.0
211.0
15.8
86.6
92.1
83.6
102.0
60.4
197.0
137.0
135.0
237.0
185.0
262.0
54.2
205.0
72.0
62.4
224.0
139.0
109.0
230.0
116.0
28.1
34.8
60.5
96.5
201.0
0.0
113.0
112.0
15.7
154.0
66.5
90.0
132.0
108.0
86.0
74.9
180.0
99.6
112.0
188.0
209.0
100.0
140.0
93.9
26.7
131.0
94.4
47.9
206.0
103.0
96.4
241.0
186.0
108.0
109.0
113.0
81.9
230.0
60.7
72.3
100.0
27.8
120.0
47.0
240.0
130.0
80.2
55.4
185.0
24.9
108.0
189.0
89.9
29.5
34.4
219.0
138.0
45.0
196.0
94.1
136.0
86.2
251.0
153.0
74.9
53.9
74.3
126.0
134.0
42.7
166.0
184.0
74.4
114.0
185.0
103.0
167.0
68.9
230.0
31.9
78.4
51.0
116.0
58.2
144.0
97.4
50.4
130.0
106.0
88.7
16.4
179.0
205.0
18.5
59.0
215.0
35.7
229.0
83.3
96.5
33.7
132.0
88.7
51.4
129.0
143.0
131.0
119.0
223.0
55.8
58.5
108.0
60.5
209.0
125.0
26.1
78.8
92.4
118.0
24.6
167.0
234.0
189.0
73.7
176.0
31.0
195.0
74.9
53.4
144.0
71.1
71.0
151.0
83.0
151.0
164.0
210.0
22.8
96.1
34.1
203.0
53.5
33.3
82.3
212.0
107.0
165.0
