33.9
48.7
74.8
229.0
154.0
228.0
103.0
152.0
68.1
160.0
40.3
99.9
96.4
207.0
30.3
121.0
33.8
78.0
24.1
67.5
114.0
122.0
199.0
40.0
137.0
43.5
40.3
55.3
68.8
156.0
73.9
50.1
49.9
175.0
71.7
36.2
94.4
54.5
78.7
73.9
21.8
138.0
41.7
107.0
29.2
111.0
26.9
183.0
43.5
37.6
7.3
47.8
73.4
189.0
87.8
142.0
60.3
41.9
238.0
188.0
192.0
145.0
153.0
221.0
76.5
45.2
176.0
41.3
196.0
200.0
231.0
69.9
86.1
7.7
160.0
127.0
50.5
77.4
11.8
63.3
95.5
74.0
57.1
42.4
100.0
145.0
149.0
161.0
22.8
144.0
231.0
136.0
88.4
42.1
86.8
73.8
116.0
84.3
205.0
18.2
37.2
37.8
66.1
100.0
87.1
153.0
93.2
190.0
71.0
144.0
182.0
222.0
159.0
71.8
92.6
171.0
51.3
80.4
136.0
247.0
40.9
43.2
117.0
65.4
135.0
177.0
86.9
195.0
190.0
34.9
207.0
23.5
92.4
106.0
23.6
147.0
52.2
57.5
106.0
66.0
43.3
176.0
85.7
59.7
59.3
78.7
230.0
77.8
204.0
86.7
211.0
77.8
152.0
35.6
168.0
34.0
58.4
153.0
59.7
134.0
81.6
52.4
56.0
45.0
83.7
24.1
61.1
88.8
52.2
50.4
106.0
93.2
49.4
12.0
44.3
22.4
50.7
51.3
97.0
75.8
58.6
192.0
63.2
51.0
70.9
16.7
60.7
19.7
214.0
118.0
153.0
218.0
166.0
243.0
56.1
161.0
20.1
13.9
241.0
84.2
111.0
211.0
133.0
97.0
98.2
20.9
14.6
219.0
74.5
38.3
101.0
58.3
169.0
59.7
70.7
150.0
32.9
42.3
0.0
135.0
104.0
129.0
144.0
190.0
84.8
121.0
89.5
66.8
148.0
50.6
83.4
208.0
121.0
114.0
222.0
205.0
32.1
65.6
70.6
99.4
186.0
22.4
21.3
42.4
52.2
51.3
44.4
221.0
77.2
36.5
98.9
202.0
91.1
125.0
170.0
101.0
69.7
103.0
201.0
94.2
52.3
217.0
50.4
61.0
11.1
232.0
171.0
20.7
71.3
64.3
144.0
67.8
41.0
147.0
165.0
47.1
103.0
166.0
91.8
148.0
86.3
212.0
51.7
12.7
48.7
97.4
38.2
188.0
79.3
54.6
74.1
45.4
106.0
57.2
134.0
187.0
75.5
84.6
171.0
71.2
210.0
64.0
68.1
52.7
113.0
8.0
27.2
134.0
79.5
112.0
137.0
204.0
31.0
32.9
92.8
16.4
165.0
142.0
75.0
82.4
37.4
116.0
98.5
149.0
216.0
144.0
55.8
158.0
66.9
176.0
92.3
27.8
89.0
4.5
27.3
182.0
36.8
132.0
181.0
270.0
50.6
114.0
49.1
216.0
44.5
45.3
76.9
193.0
22.3
122.0
