15.6
82.4
71.6
263.0
187.0
261.0
114.0
186.0
78.2
125.0
53.3
134.0
130.0
240.0
80.7
154.0
70.0
112.0
23.1
101.0
78.0
156.0
233.0
73.8
170.0
79.7
55.0
65.6
103.0
190.0
84.4
83.8
86.1
209.0
105.0
41.4
59.2
88.3
80.6
108.0
22.2
102.0
28.0
141.0
22.3
145.0
42.6
217.0
66.6
48.0
39.7
81.5
43.0
222.0
122.0
106.0
94.0
47.0
271.0
221.0
225.0
179.0
118.0
255.0
110.0
11.3
210.0
75.0
229.0
234.0
264.0
80.4
86.6
40.7
194.0
90.6
73.0
114.0
50.5
92.4
129.0
108.0
21.1
23.7
134.0
178.0
113.0
195.0
53.1
109.0
265.0
170.0
98.8
47.2
76.0
90.9
81.1
118.0
239.0
54.4
70.9
74.0
71.8
134.0
89.0
187.0
104.0
224.0
105.0
178.0
216.0
256.0
192.0
106.0
94.5
205.0
22.4
90.9
169.0
281.0
9.0
13.8
151.0
99.2
99.5
210.0
97.1
228.0
224.0
14.9
241.0
21.9
126.0
140.0
65.5
180.0
88.4
92.3
139.0
99.7
24.4
210.0
87.6
23.7
56.1
112.0
264.0
87.9
238.0
120.0
245.0
111.0
186.0
69.3
202.0
67.7
92.1
187.0
93.4
167.0
115.0
57.6
66.4
50.1
94.2
60.3
66.2
63.6
86.0
12.9
69.7
68.0
83.1
54.0
49.4
65.9
55.9
87.5
107.0
85.9
46.6
226.0
73.7
87.2
105.0
58.7
96.9
33.4
248.0
152.0
186.0
252.0
200.0
277.0
61.3
125.0
57.9
47.6
274.0
78.2
145.0
245.0
167.0
98.9
100.0
54.6
57.6
253.0
84.7
74.6
135.0
68.8
202.0
93.4
103.0
183.0
69.1
0.0
42.6
100.0
138.0
163.0
108.0
224.0
118.0
155.0
123.0
77.3
182.0
12.3
117.0
241.0
155.0
148.0
256.0
238.0
68.3
29.6
26.1
133.0
150.0
26.0
23.7
62.5
62.7
82.2
49.5
255.0
62.8
11.4
109.0
236.0
93.0
159.0
204.0
135.0
80.2
105.0
234.0
58.2
57.4
250.0
8.1
97.2
47.3
266.0
204.0
59.4
105.0
98.0
178.0
84.9
46.1
181.0
199.0
80.8
137.0
200.0
126.0
182.0
120.0
245.0
56.8
40.5
82.4
131.0
71.9
221.0
113.0
59.8
91.7
67.8
140.0
78.3
99.3
220.0
77.4
118.0
135.0
105.0
244.0
95.8
104.0
63.2
147.0
49.9
60.9
167.0
52.8
146.0
170.0
238.0
51.7
66.7
127.0
57.2
129.0
176.0
85.5
116.0
28.2
149.0
108.0
182.0
249.0
109.0
89.5
191.0
101.0
210.0
126.0
61.5
106.0
46.2
20.4
216.0
18.7
166.0
215.0
304.0
66.6
147.0
54.2
250.0
49.6
59.0
111.0
227.0
58.5
85.6
