106.0
172.0
81.7
334.0
258.0
332.0
208.0
257.0
172.0
31.0
164.0
214.0
211.0
311.0
154.0
235.0
115.0
183.0
113.0
196.0
54.9
221.0
304.0
163.0
241.0
133.0
164.0
105.0
171.0
271.0
178.0
173.0
140.0
280.0
174.0
135.0
42.4
182.0
175.0
176.0
116.0
96.9
92.8
212.0
108.0
216.0
150.0
324.0
167.0
142.0
120.0
171.0
73.2
330.0
193.0
101.0
184.0
141.0
342.0
292.0
296.0
250.0
24.3
362.0
178.0
111.0
317.0
165.0
300.0
305.0
335.0
174.0
92.4
130.0
298.0
86.0
113.0
168.0
140.0
187.0
200.0
197.0
86.8
97.9
205.0
249.0
109.0
266.0
107.0
10.2
336.0
250.0
193.0
141.0
84.9
104.0
21.5
199.0
346.0
118.0
161.0
128.0
89.2
215.0
183.0
267.0
198.0
295.0
163.0
249.0
287.0
327.0
273.0
200.0
189.0
276.0
89.1
185.0
240.0
352.0
100.0
96.7
226.0
184.0
94.9
281.0
191.0
336.0
331.0
113.0
312.0
117.0
194.0
211.0
146.0
251.0
142.0
147.0
213.0
168.0
125.0
281.0
182.0
79.1
83.9
181.0
335.0
182.0
309.0
191.0
316.0
191.0
267.0
159.0
282.0
157.0
187.0
258.0
183.0
238.0
196.0
152.0
161.0
144.0
188.0
113.0
160.0
72.6
164.0
90.1
38.8
77.0
173.0
136.0
143.0
134.0
150.0
141.0
201.0
180.0
80.2
297.0
168.0
141.0
176.0
134.0
143.0
126.0
356.0
223.0
267.0
323.0
271.0
348.0
155.0
47.3
148.0
137.0
345.0
87.2
217.0
316.0
247.0
193.0
194.0
144.0
127.0
341.0
179.0
129.0
206.0
163.0
273.0
165.0
161.0
264.0
106.0
100.0
135.0
0.0
213.0
244.0
103.0
295.0
189.0
226.0
199.0
171.0
255.0
91.9
208.0
312.0
235.0
228.0
327.0
309.0
122.0
74.2
82.6
199.0
146.0
120.0
117.0
95.5
157.0
109.0
144.0
326.0
75.7
107.0
203.0
343.0
187.0
240.0
275.0
203.0
174.0
199.0
305.0
52.1
151.0
321.0
106.0
124.0
125.0
337.0
312.0
144.0
200.0
170.0
258.0
114.0
140.0
252.0
270.0
160.0
208.0
271.0
197.0
253.0
188.0
316.0
151.0
114.0
180.0
202.0
162.0
292.0
174.0
154.0
112.0
94.3
221.0
172.0
6.3
291.0
171.0
213.0
130.0
195.0
315.0
154.0
149.0
157.0
218.0
129.0
151.0
238.0
59.2
217.0
251.0
309.0
146.0
156.0
198.0
147.0
125.0
256.0
180.0
184.0
101.0
220.0
202.0
253.0
320.0
16.1
162.0
262.0
195.0
281.0
207.0
151.0
111.0
136.0
114.0
287.0
104.0
237.0
286.0
375.0
161.0
228.0
148.0
321.0
144.0
153.0
182.0
298.0
121.0
81.0
