129.0
69.6
147.0
122.0
73.8
148.0
129.0
55.3
99.5
232.0
95.4
44.1
52.8
92.5
68.7
37.2
96.6
32.4
119.0
56.9
202.0
10.7
119.0
84.2
40.7
83.6
95.4
136.0
45.1
69.2
133.0
89.0
67.9
95.2
50.7
103.0
172.0
68.8
112.0
40.4
117.0
221.0
132.0
33.7
124.0
18.6
97.0
95.9
98.0
97.8
110.0
79.3
151.0
101.0
28.1
225.0
79.2
108.0
123.0
108.0
84.1
65.5
230.0
134.0
37.7
140.0
88.5
77.7
81.5
93.0
121.0
129.0
142.0
102.0
72.7
215.0
117.0
55.6
87.0
88.5
40.8
74.9
152.0
140.0
18.5
60.6
238.0
81.3
111.0
221.0
151.0
48.8
148.0
109.0
142.0
118.0
188.0
41.9
118.0
107.0
70.5
81.4
142.0
34.3
114.0
65.8
153.0
82.4
39.9
51.1
102.0
142.0
71.3
63.4
117.0
58.8
136.0
140.0
56.7
167.0
136.0
138.0
15.3
57.2
219.0
69.6
112.0
107.0
103.0
130.0
114.0
118.0
19.2
37.6
84.4
62.6
67.9
64.0
21.6
53.8
138.0
96.7
128.0
155.0
136.0
45.6
151.0
103.0
124.0
22.9
131.0
37.7
59.3
87.9
80.8
83.5
62.6
73.4
84.9
54.0
52.1
127.0
115.0
119.0
143.0
106.0
135.0
166.0
55.3
145.0
194.0
149.0
73.2
91.8
99.7
83.5
115.0
64.7
123.0
102.0
130.0
112.0
112.0
76.3
37.6
82.0
62.9
115.0
127.0
45.7
65.4
139.0
86.2
164.0
123.0
245.0
78.5
91.0
161.0
141.0
8.7
131.0
40.1
140.0
134.0
89.1
93.9
131.0
100.0
91.2
11.8
110.0
64.0
44.3
48.7
62.3
110.0
137.0
103.0
212.0
0.0
41.3
227.0
111.0
38.9
42.3
14.5
126.0
55.1
146.0
70.3
107.0
22.5
30.3
143.0
97.4
92.0
153.0
142.0
21.8
275.0
117.0
116.0
114.0
112.0
107.0
111.0
141.0
154.0
132.0
158.0
115.0
124.0
46.5
90.7
12.0
129.0
133.0
121.0
175.0
123.0
109.0
145.0
99.8
115.0
152.0
83.2
81.4
51.9
36.7
50.8
122.0
100.0
56.2
85.3
64.1
36.4
86.5
15.3
68.6
31.1
132.0
111.0
114.0
60.1
32.6
66.6
67.5
42.9
129.0
113.0
117.0
26.3
89.2
206.0
107.0
117.0
61.3
259.0
96.4
130.0
53.8
57.1
112.0
40.7
111.0
89.3
24.2
157.0
24.1
53.7
124.0
91.2
72.2
49.2
81.6
254.0
48.1
134.0
27.5
129.0
18.7
123.0
68.9
136.0
216.0
51.0
77.8
72.3
77.7
35.1
90.0
136.0
99.7
122.0
74.3
132.0
50.1
74.0
140.0
107.0
43.2
101.0
109.0
111.0
105.0
27.2
95.6
91.3
210.0
