155.0
83.0
183.0
97.7
74.3
153.0
142.0
36.9
113.0
268.0
109.0
43.7
55.8
63.9
102.0
7.8
143.0
98.2
145.0
70.2
235.0
30.7
99.4
97.6
39.4
115.0
109.0
168.0
79.7
28.4
147.0
102.0
130.0
100.0
71.1
130.0
203.0
82.1
126.0
75.5
143.0
259.0
163.0
64.9
151.0
56.4
123.0
55.0
111.0
114.0
137.0
92.6
182.0
60.5
72.4
263.0
92.5
136.0
99.5
85.9
63.9
64.0
262.0
93.0
72.0
166.0
47.7
91.0
53.9
77.2
104.0
143.0
199.0
128.0
31.9
248.0
159.0
117.0
123.0
102.0
85.0
88.3
178.0
164.0
56.3
69.2
271.0
74.7
148.0
253.0
156.0
8.0
161.0
119.0
204.0
180.0
225.0
51.3
76.8
138.0
105.0
118.0
179.0
31.8
127.0
25.0
166.0
72.6
106.0
48.1
107.0
147.0
30.5
76.7
130.0
43.5
173.0
153.0
68.1
122.0
162.0
164.0
33.8
70.5
257.0
45.3
126.0
66.4
62.0
156.0
101.0
145.0
55.2
73.8
116.0
59.5
109.0
101.0
36.1
78.1
165.0
74.6
141.0
181.0
168.0
66.0
108.0
117.0
129.0
61.4
136.0
53.8
30.3
101.0
40.0
96.8
75.9
73.9
98.2
58.2
61.3
140.0
129.0
132.0
156.0
138.0
148.0
197.0
86.8
172.0
227.0
202.0
86.5
123.0
113.0
115.0
129.0
112.0
136.0
115.0
167.0
90.7
126.0
108.0
99.4
119.0
125.0
141.0
86.3
62.5
24.6
144.0
96.7
169.0
146.0
283.0
116.0
117.0
113.0
202.0
43.8
136.0
11.2
153.0
147.0
115.0
125.0
90.7
113.0
134.0
49.7
124.0
63.9
101.0
111.0
21.5
141.0
164.0
130.0
244.0
41.3
0.0
265.0
116.0
108.0
56.0
52.9
139.0
26.1
172.0
83.6
95.8
19.1
20.2
111.0
75.7
129.0
187.0
179.0
51.8
307.0
144.0
143.0
151.0
125.0
158.0
138.0
146.0
186.0
158.0
172.0
73.9
138.0
18.3
95.7
50.1
142.0
146.0
126.0
212.0
137.0
85.1
172.0
162.0
141.0
157.0
42.4
119.0
65.2
93.3
21.9
184.0
114.0
53.2
81.4
95.6
80.7
91.4
59.5
69.1
66.6
137.0
124.0
140.0
85.9
70.1
93.1
33.3
105.0
142.0
175.0
154.0
25.4
103.0
243.0
112.0
131.0
66.4
292.0
110.0
135.0
104.0
119.0
125.0
71.8
144.0
106.0
45.1
188.0
53.7
12.4
110.0
110.0
102.0
116.0
115.0
286.0
12.1
148.0
63.3
159.0
51.7
137.0
69.4
141.0
253.0
94.9
82.7
85.6
76.5
39.1
108.0
198.0
126.0
149.0
40.1
158.0
62.2
53.8
99.0
120.0
37.0
114.0
92.0
138.0
118.0
89.6
75.4
128.0
243.0
