118.0
185.0
103.0
355.0
279.0
353.0
216.0
278.0
181.0
130.0
156.0
236.0
232.0
332.0
175.0
257.0
136.0
204.0
134.0
204.0
34.2
241.0
325.0
176.0
262.0
154.0
157.0
126.0
192.0
293.0
187.0
186.0
161.0
301.0
195.0
144.0
64.7
191.0
183.0
197.0
125.0
9.0
114.0
233.0
129.0
237.0
145.0
319.0
169.0
150.0
142.0
184.0
92.2
325.0
213.0
14.8
196.0
149.0
363.0
313.0
317.0
271.0
123.0
357.0
199.0
119.0
312.0
177.0
321.0
326.0
356.0
183.0
113.0
143.0
319.0
19.7
134.0
189.0
153.0
195.0
221.0
210.0
95.1
110.0
226.0
270.0
5.2
287.0
127.0
114.0
357.0
272.0
201.0
150.0
106.0
125.0
67.9
220.0
341.0
139.0
173.0
149.0
110.0
236.0
191.0
289.0
206.0
315.0
183.0
270.0
307.0
348.0
295.0
208.0
197.0
297.0
99.6
193.0
261.0
373.0
108.0
105.0
247.0
205.0
16.9
302.0
199.0
331.0
326.0
121.0
333.0
129.0
215.0
232.0
167.0
272.0
163.0
168.0
234.0
189.0
133.0
302.0
190.0
87.4
105.0
202.0
356.0
190.0
330.0
212.0
337.0
214.0
288.0
172.0
304.0
170.0
194.0
279.0
196.0
259.0
218.0
160.0
169.0
152.0
197.0
134.0
169.0
93.5
185.0
98.4
53.1
97.9
185.0
156.0
152.0
155.0
158.0
162.0
210.0
188.0
104.0
318.0
176.0
162.0
197.0
155.0
164.0
136.0
351.0
244.0
289.0
344.0
292.0
369.0
164.0
79.6
160.0
150.0
366.0
108.0
238.0
336.0
269.0
201.0
202.0
157.0
148.0
361.0
187.0
150.0
227.0
171.0
294.0
186.0
181.0
286.0
127.0
109.0
145.0
106.0
234.0
265.0
0.0
316.0
210.0
247.0
220.0
180.0
275.0
100.0
220.0
333.0
257.0
250.0
348.0
330.0
143.0
82.5
97.2
220.0
41.8
128.0
132.0
116.0
165.0
130.0
152.0
347.0
96.7
116.0
212.0
338.0
195.0
262.0
296.0
224.0
183.0
208.0
326.0
52.6
160.0
342.0
114.0
145.0
146.0
358.0
307.0
162.0
207.0
191.0
280.0
135.0
148.0
273.0
291.0
181.0
228.0
292.0
217.0
274.0
209.0
337.0
159.0
135.0
201.0
223.0
174.0
313.0
195.0
162.0
133.0
115.0
242.0
181.0
105.0
312.0
180.0
221.0
26.6
207.0
336.0
175.0
170.0
166.0
239.0
152.0
163.0
259.0
75.4
238.0
273.0
330.0
154.0
169.0
218.0
160.0
20.9
278.0
188.0
205.0
122.0
241.0
210.0
274.0
341.0
115.0
182.0
283.0
203.0
302.0
228.0
164.0
132.0
149.0
123.0
308.0
110.0
258.0
307.0
396.0
169.0
250.0
157.0
342.0
152.0
161.0
203.0
319.0
141.0
27.6
