216.0
179.0
234.0
58.3
49.6
32.3
238.0
77.1
208.0
319.0
189.0
152.0
182.0
74.7
156.0
120.0
193.0
119.0
206.0
174.0
284.0
110.0
19.2
189.0
77.5
165.0
189.0
218.0
151.0
110.0
223.0
199.0
157.0
15.5
160.0
190.0
253.0
168.0
228.0
148.0
204.0
308.0
213.0
86.2
211.0
96.4
184.0
80.7
193.0
185.0
197.0
188.0
232.0
79.7
110.0
312.0
188.0
195.0
50.0
20.8
56.9
55.2
312.0
70.7
152.0
227.0
111.0
190.0
75.3
60.2
39.4
219.0
230.0
189.0
92.5
297.0
209.0
142.0
174.0
197.0
123.0
194.0
239.0
221.0
115.0
60.0
319.0
54.7
198.0
303.0
34.6
122.0
238.0
196.0
231.0
207.0
275.0
170.0
74.6
188.0
157.0
168.0
229.0
140.0
222.0
111.0
242.0
62.9
133.0
63.7
24.6
25.6
98.7
180.0
226.0
70.4
223.0
230.0
69.0
65.9
223.0
225.0
98.0
170.0
305.0
75.7
221.0
74.0
92.5
217.0
33.5
205.0
140.0
94.9
166.0
52.4
150.0
151.0
122.0
154.0
225.0
31.3
235.0
242.0
218.0
163.0
44.7
212.0
20.9
127.0
26.9
163.0
88.1
185.0
112.0
183.0
173.0
55.6
194.0
62.1
169.0
206.0
205.0
198.0
233.0
188.0
215.0
247.0
154.0
232.0
276.0
238.0
171.0
173.0
198.0
165.0
205.0
154.0
231.0
211.0
217.0
29.1
212.0
158.0
126.0
169.0
152.0
202.0
79.6
80.6
96.2
11.6
30.4
47.0
210.0
331.0
165.0
178.0
56.4
229.0
101.0
25.6
106.0
246.0
242.0
176.0
175.0
67.4
209.0
180.0
98.5
207.0
58.4
145.0
138.0
117.0
192.0
224.0
190.0
294.0
110.0
130.0
314.0
0.0
125.0
73.8
130.0
216.0
90.7
233.0
187.0
39.0
115.0
124.0
38.2
67.2
179.0
240.0
229.0
154.0
356.0
204.0
203.0
201.0
201.0
195.0
198.0
39.9
236.0
218.0
248.0
86.7
240.0
131.0
22.4
135.0
219.0
242.0
15.9
262.0
206.0
55.2
232.0
189.0
196.0
31.5
106.0
168.0
169.0
137.0
93.7
211.0
186.0
60.3
45.6
151.0
106.0
40.1
117.0
50.2
149.0
28.6
201.0
201.0
166.0
100.0
165.0
86.7
132.0
208.0
202.0
204.0
133.0
198.0
293.0
18.9
225.0
178.0
341.0
205.0
14.5
142.0
146.0
202.0
89.4
193.0
176.0
86.0
238.0
86.5
129.0
24.2
178.0
167.0
133.0
169.0
335.0
110.0
224.0
140.0
216.0
91.7
232.0
46.2
34.2
303.0
140.0
33.0
181.0
46.1
164.0
177.0
225.0
187.0
209.0
81.1
219.0
70.2
58.9
70.5
200.0
145.0
195.0
48.3
198.0
194.0
127.0
53.0
178.0
292.0
