113.0
71.9
118.0
168.0
92.1
166.0
131.0
91.0
101.0
215.0
86.2
78.3
74.7
145.0
52.5
98.9
67.5
11.4
103.0
67.0
181.0
46.8
138.0
86.0
75.1
38.2
86.2
115.0
44.1
149.0
120.0
90.9
38.8
114.0
53.0
86.5
150.0
61.4
114.0
41.0
101.0
204.0
110.0
32.5
108.0
26.7
80.7
158.0
89.4
81.6
94.1
81.2
129.0
164.0
10.4
209.0
81.0
92.2
176.0
126.0
130.0
83.8
209.0
196.0
44.6
124.0
151.0
80.0
134.0
139.0
169.0
116.0
112.0
85.4
132.0
193.0
87.8
18.3
70.8
90.4
10.8
87.0
136.0
118.0
24.5
83.2
216.0
99.6
94.9
200.0
170.0
114.0
134.0
92.4
113.0
89.3
172.0
62.6
180.0
77.2
54.3
65.2
108.0
78.7
115.0
132.0
139.0
128.0
29.5
82.9
120.0
160.0
138.0
73.4
119.0
110.0
120.0
126.0
74.1
186.0
120.0
122.0
52.3
63.5
202.0
115.0
114.0
170.0
165.0
114.0
146.0
102.0
32.9
31.6
62.8
85.2
33.7
47.8
51.9
47.1
122.0
115.0
132.0
138.0
115.0
55.7
169.0
105.0
143.0
16.1
150.0
56.2
99.2
81.6
151.0
80.0
66.5
91.7
86.7
72.3
62.2
103.0
102.0
95.2
130.0
76.2
111.0
129.0
48.6
129.0
173.0
120.0
64.3
70.1
94.6
61.8
102.0
35.5
124.0
104.0
114.0
131.0
109.0
35.0
13.8
65.8
33.7
98.5
190.0
43.5
131.0
157.0
104.0
182.0
106.0
228.0
62.2
74.7
179.0
111.0
39.0
149.0
76.2
141.0
136.0
72.9
72.2
174.0
102.0
62.0
31.1
104.0
107.0
37.6
19.5
128.0
88.4
121.0
87.2
191.0
39.0
108.0
211.0
129.0
0.0
60.0
24.5
113.0
88.4
129.0
80.4
146.0
58.6
92.2
161.0
143.0
65.4
137.0
126.0
47.2
253.0
101.0
100.0
97.9
98.1
77.3
94.7
160.0
133.0
115.0
145.0
177.0
137.0
104.0
109.0
31.7
116.0
135.0
139.0
159.0
103.0
155.0
129.0
70.6
84.7
171.0
146.0
65.1
61.9
30.0
97.6
92.6
82.7
85.6
104.0
47.6
21.5
105.0
23.4
86.9
42.4
150.0
97.4
97.6
59.3
22.0
59.9
126.0
11.3
105.0
83.7
101.0
84.5
91.1
190.0
125.0
121.0
71.4
238.0
98.3
148.0
26.3
27.9
98.7
38.4
89.5
73.1
41.7
135.0
37.7
115.0
143.0
75.0
64.0
7.9
65.4
232.0
84.2
121.0
33.0
113.0
30.9
125.0
87.2
154.0
200.0
36.4
96.1
74.1
115.0
56.8
73.7
107.0
83.4
106.0
121.0
116.0
70.7
120.0
209.0
96.5
91.9
91.6
155.0
94.8
91.3
20.0
132.0
75.1
188.0
