146.0
109.0
164.0
113.0
36.9
111.0
168.0
32.5
138.0
249.0
119.0
73.3
112.0
90.1
85.7
59.6
123.0
48.8
136.0
104.0
214.0
39.5
82.5
119.0
16.7
95.2
119.0
148.0
81.1
94.1
153.0
129.0
86.8
58.4
90.1
120.0
183.0
98.5
158.0
78.0
134.0
238.0
143.0
13.1
141.0
25.4
114.0
103.0
123.0
115.0
127.0
118.0
162.0
109.0
40.4
242.0
118.0
125.0
121.0
71.1
74.9
28.6
242.0
141.0
81.6
157.0
95.8
120.0
79.1
83.8
114.0
149.0
160.0
119.0
76.9
227.0
139.0
72.5
104.0
127.0
53.1
124.0
169.0
151.0
30.6
22.5
250.0
44.4
128.0
233.0
114.0
63.6
168.0
126.0
161.0
137.0
205.0
99.7
125.0
119.0
87.5
98.4
159.0
61.9
153.0
95.1
172.0
73.2
62.7
27.8
65.2
105.0
83.0
110.0
156.0
54.8
153.0
160.0
14.6
131.0
153.0
155.0
27.0
100.0
236.0
60.1
151.0
114.0
110.0
147.0
90.8
135.0
70.0
21.8
96.0
30.0
79.8
81.1
50.9
84.1
155.0
59.8
165.0
172.0
148.0
92.8
114.0
142.0
87.5
57.5
94.4
93.2
40.7
115.0
95.9
113.0
104.0
36.5
124.0
17.1
99.2
136.0
135.0
128.0
163.0
118.0
145.0
178.0
84.3
162.0
206.0
168.0
101.0
103.0
128.0
95.1
135.0
83.6
161.0
141.0
147.0
75.5
142.0
87.9
56.4
99.0
81.8
132.0
134.0
7.2
51.8
102.0
49.3
127.0
140.0
262.0
95.5
108.0
124.0
160.0
30.3
94.2
45.0
176.0
173.0
106.0
105.0
119.0
139.0
110.0
27.5
138.0
52.0
74.6
67.6
102.0
122.0
154.0
120.0
224.0
39.3
56.1
244.0
73.9
55.5
0.0
59.9
146.0
29.9
163.0
117.0
90.9
43.5
53.5
106.0
88.2
109.0
170.0
159.0
84.2
286.0
134.0
133.0
131.0
131.0
125.0
128.0
105.0
166.0
149.0
178.0
122.0
170.0
70.1
53.9
49.0
149.0
172.0
83.9
192.0
136.0
100.0
162.0
119.0
126.0
115.0
90.5
98.4
99.0
67.0
39.1
141.0
116.0
30.4
48.4
80.9
35.9
49.6
47.4
31.7
79.4
94.9
131.0
131.0
96.4
30.5
94.8
71.1
61.7
138.0
132.0
134.0
55.4
128.0
223.0
70.1
155.0
108.0
271.0
135.0
93.3
72.2
76.0
132.0
16.2
123.0
106.0
15.0
168.0
15.5
68.5
87.5
108.0
97.2
63.6
98.6
265.0
52.6
154.0
70.0
146.0
20.7
162.0
32.0
98.9
233.0
69.7
40.9
111.0
59.4
64.3
107.0
155.0
117.0
139.0
65.4
149.0
12.1
64.8
154.0
130.0
73.2
125.0
99.5
128.0
125.0
57.0
76.5
108.0
222.0
