114.0
60.2
132.0
150.0
92.0
166.0
120.0
67.8
90.1
217.0
85.9
42.9
55.2
104.0
54.2
48.8
82.2
18.0
105.0
47.5
183.0
22.3
138.0
74.8
53.1
63.7
85.9
116.0
36.3
80.8
124.0
79.6
53.5
113.0
45.2
88.3
152.0
53.7
103.0
28.9
102.0
206.0
112.0
37.5
110.0
23.3
82.5
107.0
88.6
83.4
95.9
69.9
131.0
113.0
26.0
210.0
69.8
94.0
152.0
126.0
96.6
83.8
210.0
145.0
26.5
126.0
100.0
68.3
93.2
105.0
169.0
120.0
127.0
87.2
84.3
195.0
103.0
41.1
72.6
79.1
35.2
65.5
138.0
120.0
17.6
83.1
218.0
99.5
96.7
201.0
169.0
60.4
138.0
94.2
127.0
104.0
174.0
43.1
129.0
87.1
56.1
67.0
127.0
33.1
104.0
77.5
143.0
94.8
25.5
63.6
120.0
160.0
83.0
53.9
108.0
71.3
122.0
130.0
63.6
186.0
121.0
124.0
27.8
47.8
204.0
115.0
103.0
119.0
114.0
115.0
146.0
104.0
7.9
40.6
64.5
85.2
53.4
49.6
20.4
39.3
124.0
115.0
119.0
140.0
117.0
36.2
169.0
93.8
143.0
8.5
150.0
36.7
70.9
78.5
92.4
74.1
53.2
91.7
75.5
72.2
42.7
105.0
106.0
97.0
134.0
86.2
113.0
146.0
40.8
131.0
174.0
134.0
56.5
71.9
96.3
63.6
106.0
50.3
113.0
92.5
116.0
131.0
103.0
56.4
23.1
67.5
48.5
100.0
139.0
52.6
77.1
157.0
104.0
182.0
108.0
230.0
64.0
76.5
179.0
126.0
18.1
149.0
51.8
130.0
124.0
74.6
74.0
143.0
90.6
76.7
17.9
101.0
76.4
29.8
34.3
74.0
90.2
123.0
89.0
193.0
14.5
52.9
213.0
129.0
24.5
59.9
0.0
117.0
66.7
131.0
60.9
146.0
34.1
42.0
161.0
128.0
77.6
139.0
128.0
19.0
255.0
103.0
102.0
99.7
102.0
92.0
96.5
160.0
134.0
117.0
149.0
126.0
115.0
51.5
109.0
7.3
120.0
124.0
139.0
161.0
104.0
138.0
131.0
85.3
94.6
171.0
94.8
66.9
42.4
22.2
62.5
107.0
84.5
68.7
104.0
49.6
33.0
105.0
11.0
86.8
21.7
150.0
101.0
99.4
51.5
31.1
52.1
79.2
28.4
107.0
98.5
103.0
31.1
79.8
192.0
125.0
108.0
51.9
240.0
87.0
148.0
39.4
42.6
103.0
47.5
91.3
74.9
36.6
137.0
30.1
65.4
143.0
76.8
65.8
34.8
67.2
234.0
59.7
125.0
16.0
115.0
24.7
114.0
87.2
154.0
202.0
28.8
96.0
62.9
114.0
33.9
75.5
122.0
85.2
108.0
86.0
117.0
70.7
86.5
151.0
97.4
47.9
91.3
121.0
96.6
95.2
12.7
132.0
76.9
190.0
