65.1
52.4
119.0
234.0
178.0
252.0
42.6
167.0
24.9
190.0
34.2
108.0
91.4
200.0
71.4
128.0
101.0
102.0
61.4
71.0
143.0
130.0
224.0
33.7
161.0
97.1
46.4
95.9
84.0
164.0
10.7
39.5
105.0
199.0
77.9
32.4
124.0
58.2
18.3
89.0
51.1
167.0
100.0
131.0
87.5
136.0
37.2
191.0
27.0
36.5
73.6
41.5
108.0
197.0
112.0
171.0
49.7
25.9
236.0
212.0
216.0
170.0
183.0
229.0
85.1
74.5
184.0
42.2
190.0
225.0
255.0
6.7
127.0
64.9
168.0
156.0
103.0
116.0
60.4
53.4
120.0
63.5
86.4
82.9
125.0
169.0
179.0
185.0
76.6
174.0
255.0
144.0
25.2
22.9
127.0
132.0
146.0
92.2
213.0
85.1
61.6
100.0
107.0
108.0
26.7
161.0
30.0
214.0
95.4
169.0
206.0
246.0
167.0
68.7
32.2
196.0
86.9
17.2
160.0
272.0
70.2
72.4
145.0
73.4
165.0
201.0
36.6
202.0
198.0
64.2
232.0
59.5
109.0
131.0
73.5
171.0
91.0
83.0
114.0
82.6
72.6
201.0
22.0
89.0
115.0
84.9
255.0
48.9
228.0
111.0
235.0
85.7
160.0
33.9
176.0
41.2
63.7
178.0
49.1
158.0
89.5
8.5
13.0
21.9
20.6
90.9
9.3
145.0
76.7
79.7
135.0
149.0
53.0
70.7
29.9
81.1
19.7
94.5
48.6
46.9
96.7
217.0
11.0
89.8
95.3
75.4
105.0
45.9
222.0
142.0
161.0
243.0
190.0
268.0
14.4
191.0
63.8
54.2
265.0
125.0
135.0
235.0
141.0
36.6
37.8
52.4
88.3
227.0
26.7
105.0
126.0
20.8
193.0
84.1
93.2
158.0
99.7
71.6
66.7
165.0
125.0
137.0
173.0
215.0
109.0
146.0
119.0
0.0
156.0
79.9
72.9
232.0
129.0
122.0
247.0
212.0
99.0
94.9
98.1
107.0
215.0
46.3
57.9
104.0
16.0
118.0
23.7
246.0
133.0
65.8
35.7
210.0
30.7
133.0
195.0
115.0
3.4
43.0
225.0
123.0
16.6
221.0
79.7
128.0
78.0
256.0
178.0
66.7
79.3
88.7
152.0
126.0
34.8
171.0
189.0
71.5
127.0
191.0
116.0
173.0
94.3
236.0
20.9
64.0
59.8
122.0
55.6
169.0
104.0
8.1
115.0
91.3
114.0
39.2
165.0
211.0
15.1
81.5
200.0
60.7
234.0
86.5
99.8
14.5
137.0
80.5
43.2
158.0
118.0
137.0
145.0
229.0
47.6
50.3
117.0
52.3
194.0
150.0
11.9
104.0
95.7
140.0
38.1
173.0
240.0
174.0
80.2
182.0
56.4
200.0
100.0
45.2
130.0
62.9
56.6
176.0
68.5
157.0
206.0
235.0
27.5
121.0
26.2
241.0
31.0
25.1
101.0
218.0
89.2
151.0
