172.0
100.0
191.0
81.1
48.1
127.0
160.0
10.7
130.0
276.0
126.0
60.9
73.0
46.7
113.0
29.7
150.0
76.0
163.0
87.5
241.0
44.5
73.3
115.0
13.3
122.0
126.0
175.0
97.0
54.0
164.0
120.0
114.0
74.0
88.4
147.0
210.0
99.3
143.0
92.8
160.0
265.0
170.0
42.6
168.0
44.0
140.0
59.9
129.0
131.0
154.0
110.0
189.0
65.4
67.6
269.0
110.0
153.0
82.6
59.7
43.4
37.9
269.0
97.9
89.3
184.0
52.6
108.0
35.8
52.2
79.8
160.0
188.0
145.0
33.5
254.0
166.0
99.7
131.0
119.0
80.3
106.0
196.0
179.0
49.2
43.0
277.0
32.4
155.0
260.0
130.0
33.6
178.0
137.0
188.0
165.0
232.0
68.6
81.6
146.0
115.0
126.0
186.0
49.0
144.0
36.2
183.0
41.7
90.0
21.9
80.9
121.0
39.8
93.9
148.0
17.4
181.0
170.0
41.9
106.0
179.0
182.0
38.9
87.8
263.0
28.9
143.0
71.2
66.8
173.0
73.4
162.0
72.5
51.2
123.0
33.4
107.0
108.0
53.3
95.3
182.0
48.5
159.0
198.0
175.0
83.3
89.4
134.0
103.0
62.0
110.0
71.0
14.9
118.0
52.7
114.0
93.1
47.8
115.0
32.1
78.5
157.0
146.0
149.0
174.0
145.0
165.0
205.0
104.0
189.0
233.0
195.0
104.0
131.0
130.0
122.0
146.0
111.0
153.0
132.0
175.0
64.5
143.0
115.0
83.6
126.0
109.0
158.0
91.1
36.4
25.6
118.0
54.3
142.0
163.0
289.0
123.0
134.0
102.0
187.0
44.7
110.0
15.0
170.0
164.0
133.0
133.0
95.5
131.0
137.0
46.2
141.0
23.2
102.0
94.8
47.2
149.0
181.0
147.0
251.0
55.1
26.1
271.0
89.6
82.7
29.8
66.7
157.0
0.0
189.0
101.0
66.2
32.8
37.5
87.3
56.6
136.0
198.0
187.0
69.1
313.0
161.0
160.0
158.0
142.0
153.0
155.0
120.0
193.0
175.0
189.0
78.8
155.0
40.1
69.5
64.2
160.0
164.0
99.6
219.0
154.0
68.5
189.0
146.0
153.0
131.0
47.2
126.0
82.4
94.2
9.2
168.0
131.0
27.0
36.3
108.0
63.1
65.3
54.3
43.0
83.9
111.0
141.0
157.0
103.0
57.7
110.0
21.8
88.9
159.0
159.0
161.0
42.7
120.0
250.0
85.8
148.0
83.6
298.0
127.0
109.0
99.4
103.0
143.0
45.7
150.0
123.0
28.5
195.0
41.3
38.6
78.3
127.0
119.0
90.8
126.0
292.0
22.7
165.0
80.5
174.0
39.3
154.0
43.3
115.0
260.0
96.9
56.6
103.0
36.9
56.3
125.0
182.0
143.0
166.0
28.6
175.0
36.0
33.3
104.0
137.0
54.3
131.0
68.0
155.0
135.0
84.2
54.9
136.0
249.0
