14.2
90.7
52.9
271.0
196.0
270.0
122.0
194.0
86.6
119.0
61.6
142.0
138.0
249.0
89.0
163.0
78.3
120.0
24.5
110.0
72.5
164.0
241.0
82.1
179.0
88.1
63.3
44.3
111.0
199.0
92.7
92.1
94.4
217.0
114.0
49.7
53.7
96.6
88.9
116.0
30.5
96.1
22.4
149.0
19.4
153.0
50.9
225.0
74.9
56.3
48.0
89.8
24.2
231.0
130.0
100.0
102.0
55.4
280.0
230.0
234.0
187.0
112.0
263.0
119.0
22.8
218.0
83.3
238.0
242.0
273.0
88.7
67.8
49.0
202.0
85.1
51.7
122.0
58.8
101.0
138.0
116.0
15.2
15.5
142.0
187.0
108.0
203.0
30.6
103.0
273.0
178.0
107.0
55.6
63.3
62.8
75.6
126.0
247.0
62.8
79.2
82.4
53.0
142.0
97.3
195.0
112.0
232.0
113.0
186.0
224.0
264.0
201.0
114.0
103.0
213.0
12.0
99.2
178.0
289.0
8.7
7.2
159.0
107.0
94.0
219.0
105.0
237.0
232.0
27.4
249.0
23.3
134.0
148.0
73.9
189.0
96.7
101.0
148.0
108.0
39.0
218.0
96.0
12.9
37.3
121.0
272.0
96.2
246.0
129.0
253.0
120.0
194.0
77.6
210.0
76.1
100.0
195.0
102.0
176.0
124.0
65.9
74.8
58.4
103.0
38.3
74.5
51.0
94.3
10.9
64.2
55.4
91.4
62.3
57.7
74.2
64.2
95.8
116.0
94.3
27.8
234.0
82.0
95.5
113.0
67.0
105.0
41.7
256.0
160.0
195.0
260.0
208.0
285.0
69.6
120.0
66.2
55.9
283.0
65.6
153.0
253.0
175.0
107.0
108.0
63.0
66.0
261.0
93.0
82.9
143.0
77.1
211.0
102.0
111.0
192.0
44.7
12.3
50.9
94.7
146.0
171.0
102.0
233.0
127.0
163.0
132.0
85.6
190.0
0.0
125.0
250.0
163.0
156.0
264.0
247.0
76.7
24.1
14.4
141.0
145.0
34.3
25.1
33.7
71.0
52.4
57.9
263.0
43.4
13.5
118.0
244.0
101.0
167.0
213.0
143.0
88.5
114.0
243.0
52.7
65.7
259.0
19.9
81.7
55.6
274.0
213.0
67.8
113.0
106.0
186.0
56.8
54.5
189.0
207.0
89.1
145.0
208.0
134.0
190.0
128.0
254.0
65.1
30.1
90.7
139.0
80.2
230.0
121.0
68.1
63.6
37.9
148.0
86.6
93.8
229.0
85.7
127.0
129.0
113.0
252.0
104.0
113.0
71.5
155.0
58.2
69.2
176.0
41.7
154.0
179.0
246.0
60.1
75.0
135.0
65.5
124.0
184.0
93.8
124.0
20.0
158.0
116.0
191.0
258.0
104.0
97.8
200.0
109.0
218.0
134.0
69.8
78.0
54.5
28.7
224.0
12.0
174.0
223.0
312.0
74.9
156.0
62.5
258.0
57.9
67.4
119.0
235.0
66.8
80.1
