109.0
31.8
146.0
177.0
156.0
230.0
78.1
110.0
48.7
231.0
63.5
36.1
24.0
143.0
64.4
71.5
105.0
74.6
99.5
13.2
189.0
73.1
202.0
45.4
112.0
77.6
63.5
130.0
42.3
107.0
81.8
37.7
86.0
178.0
36.3
74.4
166.0
30.5
61.6
47.3
97.2
213.0
117.0
110.0
105.0
82.6
77.4
134.0
46.6
68.7
90.8
30.2
145.0
140.0
88.4
217.0
27.9
75.4
179.0
190.0
143.0
148.0
224.0
172.0
35.0
121.0
127.0
39.8
133.0
156.0
183.0
77.9
161.0
82.0
111.0
202.0
122.0
93.9
77.5
30.4
94.8
10.8
133.0
118.0
76.9
147.0
225.0
164.0
111.0
215.0
234.0
87.1
96.3
70.8
162.0
149.0
187.0
24.8
156.0
101.0
67.2
80.9
141.0
51.3
62.8
104.0
101.0
152.0
66.8
121.0
184.0
224.0
110.0
7.4
66.2
116.0
127.0
88.4
138.0
250.0
116.0
119.0
88.4
21.0
211.0
124.0
61.6
145.0
141.0
110.0
180.0
98.9
51.7
109.0
78.4
149.0
71.5
63.5
56.6
40.9
119.0
179.0
93.7
135.0
130.0
30.8
187.0
52.4
207.0
78.9
214.0
27.1
103.0
51.1
119.0
45.6
20.5
156.0
34.0
136.0
17.8
75.3
63.9
67.2
91.7
100.0
83.4
160.0
49.4
126.0
181.0
164.0
35.3
87.8
65.4
77.5
63.8
75.1
71.7
51.1
130.0
195.0
61.3
70.3
75.9
81.5
85.4
87.9
165.0
121.0
104.0
221.0
168.0
246.0
81.2
237.0
78.7
71.4
193.0
159.0
77.6
213.0
84.0
88.8
82.8
69.5
87.9
170.0
49.2
96.9
77.5
59.5
122.0
50.3
73.8
101.0
104.0
118.0
83.8
206.0
68.0
80.4
219.0
193.0
84.1
124.0
59.3
74.8
99.0
126.0
0.0
175.0
71.8
64.8
225.0
155.0
91.5
141.0
142.0
50.4
262.0
88.2
96.7
114.0
60.1
120.0
74.5
224.0
148.0
112.0
107.0
153.0
73.6
62.2
173.0
58.3
77.6
82.3
203.0
175.0
72.0
164.0
126.0
133.0
95.1
235.0
121.0
81.6
17.1
58.1
94.7
143.0
70.2
126.0
168.0
58.2
97.9
169.0
86.7
151.0
37.3
214.0
59.4
94.2
34.7
100.0
41.9
112.0
81.2
77.3
146.0
117.0
57.1
38.4
206.0
189.0
66.6
14.1
246.0
16.3
212.0
67.0
80.3
60.7
116.0
97.7
60.4
97.0
151.0
115.0
87.7
207.0
64.7
50.4
92.1
69.4
241.0
92.9
83.0
46.7
113.0
84.3
72.6
151.0
218.0
215.0
57.5
160.0
20.9
136.0
43.3
62.3
164.0
80.1
103.0
119.0
112.0
135.0
133.0
178.0
55.9
48.1
56.2
171.0
81.0
53.3
66.1
154.0
90.8
197.0
