233.0
168.0
251.0
30.6
68.0
55.3
227.0
55.7
198.0
336.0
207.0
128.0
141.0
35.0
173.0
98.0
210.0
136.0
224.0
155.0
301.0
111.0
20.1
207.0
67.6
183.0
207.0
235.0
169.0
75.6
241.0
217.0
174.0
36.0
177.0
207.0
271.0
186.0
245.0
165.0
221.0
325.0
231.0
104.0
229.0
114.0
201.0
41.0
210.0
202.0
215.0
177.0
250.0
35.9
128.0
329.0
177.0
213.0
27.5
21.8
22.9
67.9
329.0
40.6
169.0
245.0
56.3
176.0
45.8
19.8
13.1
237.0
248.0
206.0
59.3
314.0
227.0
160.0
191.0
187.0
140.0
173.0
257.0
239.0
132.0
79.9
337.0
50.1
216.0
320.0
60.9
78.9
255.0
213.0
248.0
225.0
292.0
136.0
39.3
206.0
175.0
186.0
246.0
116.0
212.0
76.6
260.0
30.2
150.0
62.7
49.6
51.8
64.5
161.0
215.0
49.0
241.0
247.0
88.8
38.5
240.0
243.0
93.2
155.0
323.0
50.6
210.0
30.1
48.7
234.0
7.2
223.0
157.0
112.0
183.0
60.5
167.0
168.0
121.0
172.0
243.0
31.9
252.0
259.0
235.0
151.0
22.2
201.0
36.7
145.0
30.2
138.0
61.8
202.0
68.1
201.0
161.0
75.4
183.0
79.6
146.0
223.0
223.0
216.0
250.0
205.0
232.0
265.0
172.0
250.0
293.0
255.0
189.0
191.0
215.0
182.0
223.0
171.0
221.0
200.0
235.0
12.6
230.0
175.0
144.0
186.0
169.0
219.0
42.8
98.0
63.0
50.1
41.6
73.3
227.0
349.0
183.0
195.0
34.4
247.0
99.1
64.1
81.4
264.0
232.0
194.0
193.0
37.2
198.0
197.0
116.0
225.0
45.6
162.0
155.0
83.2
209.0
242.0
208.0
311.0
108.0
87.0
331.0
39.0
143.0
91.3
147.0
233.0
66.4
250.0
168.0
0.0
99.2
105.0
19.1
20.2
196.0
258.0
247.0
137.0
374.0
222.0
221.0
219.0
219.0
213.0
215.0
35.2
253.0
236.0
266.0
45.2
258.0
118.0
38.2
118.0
236.0
231.0
54.4
280.0
223.0
19.9
250.0
206.0
214.0
62.0
54.0
186.0
150.0
154.0
71.2
228.0
203.0
60.5
48.5
168.0
123.0
58.4
135.0
69.9
167.0
41.5
218.0
218.0
184.0
118.0
182.0
53.5
149.0
226.0
219.0
222.0
110.0
187.0
311.0
51.7
242.0
151.0
358.0
194.0
42.8
160.0
163.0
219.0
107.0
210.0
194.0
82.8
256.0
104.0
95.2
15.7
196.0
185.0
151.0
186.0
353.0
76.8
242.0
157.0
234.0
109.0
221.0
64.6
37.2
320.0
157.0
51.3
170.0
41.5
124.0
194.0
243.0
204.0
227.0
46.7
236.0
87.7
33.0
48.6
217.0
122.0
212.0
15.5
215.0
212.0
144.0
14.4
196.0
309.0
