145.0
73.0
173.0
116.0
77.3
151.0
132.0
43.6
103.0
258.0
98.7
33.7
45.8
70.3
91.8
14.7
116.0
52.1
135.0
60.2
225.0
11.9
106.0
87.6
46.1
105.0
98.7
158.0
69.7
46.9
137.0
92.4
87.6
98.7
61.1
120.0
193.0
72.1
116.0
65.5
133.0
249.0
153.0
47.6
141.0
37.7
113.0
73.6
101.0
104.0
127.0
82.6
172.0
79.1
53.6
253.0
82.5
126.0
118.0
92.6
76.2
69.0
252.0
112.0
62.0
156.0
66.3
81.0
59.3
85.1
122.0
133.0
161.0
118.0
50.5
238.0
149.0
75.2
113.0
91.8
66.2
78.3
168.0
154.0
37.5
64.1
261.0
65.2
138.0
243.0
155.0
26.6
151.0
109.0
162.0
138.0
215.0
41.3
95.4
128.0
94.6
108.0
169.0
21.1
117.0
43.6
156.0
74.5
59.6
54.8
106.0
146.0
49.1
66.7
120.0
50.2
163.0
143.0
57.4
141.0
152.0
154.0
16.6
60.5
247.0
57.3
116.0
85.0
80.5
146.0
106.0
135.0
38.8
56.7
106.0
66.2
98.9
90.9
18.2
68.1
155.0
81.3
131.0
171.0
158.0
56.0
127.0
107.0
128.0
42.6
135.0
43.8
37.1
91.2
58.5
86.8
65.9
76.9
88.2
57.5
51.3
130.0
119.0
122.0
146.0
127.0
138.0
187.0
76.8
162.0
217.0
169.0
76.5
113.0
103.0
105.0
119.0
84.4
126.0
105.0
157.0
97.4
115.0
97.7
57.2
109.0
82.5
131.0
105.0
49.0
43.2
142.0
89.7
167.0
136.0
273.0
106.0
107.0
132.0
160.0
25.0
135.0
17.9
143.0
137.0
105.0
115.0
109.0
103.0
111.0
30.9
114.0
56.1
63.9
68.4
40.1
131.0
154.0
120.0
234.0
22.5
19.1
255.0
114.0
58.6
43.2
34.1
129.0
32.8
162.0
73.6
99.1
0.0
10.0
130.0
94.3
119.0
177.0
169.0
31.6
297.0
134.0
133.0
141.0
115.0
126.0
128.0
145.0
176.0
148.0
162.0
92.5
128.0
24.0
94.2
31.6
132.0
136.0
124.0
202.0
127.0
104.0
162.0
119.0
131.0
156.0
61.0
109.0
55.2
56.3
28.6
141.0
104.0
59.9
69.1
85.5
61.9
90.0
40.7
72.1
56.6
135.0
114.0
130.0
75.9
53.2
83.1
45.3
62.5
132.0
133.0
144.0
14.6
92.5
233.0
110.0
121.0
56.4
282.0
99.7
134.0
73.5
76.7
115.0
54.6
134.0
96.2
27.9
178.0
36.5
31.5
111.0
99.9
91.6
68.9
105.0
276.0
25.8
138.0
47.1
149.0
34.5
127.0
72.4
139.0
243.0
70.6
81.3
75.6
69.8
29.1
98.2
156.0
116.0
139.0
52.1
148.0
53.6
66.1
118.0
110.0
29.7
104.0
111.0
128.0
108.0
46.8
87.7
118.0
233.0
