139.0
66.6
167.0
118.0
88.7
161.0
126.0
51.3
96.4
252.0
92.3
27.3
39.4
84.6
85.4
10.7
126.0
81.8
129.0
53.8
219.0
19.7
114.0
81.2
53.9
98.6
92.3
151.0
63.3
49.1
130.0
86.0
113.0
109.0
54.7
114.0
187.0
65.7
109.0
59.1
127.0
242.0
147.0
57.6
134.0
45.4
107.0
75.8
94.9
97.5
120.0
76.2
166.0
81.3
61.3
247.0
76.1
119.0
120.0
100.0
84.6
78.5
245.0
114.0
55.6
150.0
68.4
74.6
74.6
97.9
124.0
126.0
182.0
112.0
52.6
231.0
143.0
101.0
107.0
85.4
102.0
71.9
162.0
147.0
45.3
74.0
254.0
73.0
132.0
236.0
165.0
28.7
145.0
103.0
187.0
164.0
208.0
34.9
97.5
122.0
88.2
102.0
162.0
15.4
111.0
45.8
149.0
93.3
89.4
62.5
116.0
156.0
51.2
60.3
114.0
58.0
156.0
137.0
67.3
143.0
146.0
148.0
26.5
54.1
240.0
66.0
109.0
87.1
82.7
140.0
122.0
128.0
37.3
64.4
99.4
74.0
92.5
84.5
18.2
61.7
148.0
89.1
125.0
165.0
151.0
49.6
129.0
100.0
138.0
47.0
145.0
37.4
44.8
84.8
60.7
80.4
59.5
88.4
81.8
72.7
44.9
124.0
112.0
116.0
140.0
121.0
132.0
181.0
70.4
155.0
211.0
185.0
70.1
107.0
96.6
98.5
112.0
96.0
119.0
98.8
151.0
105.0
109.0
91.3
83.0
102.0
108.0
125.0
107.0
58.9
45.3
152.0
94.9
177.0
129.0
266.0
99.7
101.0
134.0
186.0
32.8
145.0
25.7
137.0
131.0
99.0
109.0
111.0
96.9
118.0
38.7
107.0
63.9
84.5
94.1
42.2
125.0
147.0
113.0
227.0
30.2
22.0
249.0
124.0
91.2
53.1
38.6
123.0
40.6
156.0
67.2
117.0
9.9
0.0
132.0
96.5
113.0
170.0
163.0
35.4
291.0
127.0
126.0
135.0
109.0
141.0
122.0
155.0
169.0
141.0
155.0
94.6
121.0
17.3
104.0
32.2
126.0
130.0
134.0
196.0
120.0
106.0
155.0
145.0
125.0
166.0
63.1
103.0
48.8
76.9
36.4
167.0
97.2
67.7
76.9
79.2
69.6
99.9
48.5
83.6
50.2
145.0
108.0
124.0
69.5
61.0
76.7
54.0
88.3
126.0
158.0
138.0
7.5
86.1
227.0
120.0
114.0
50.0
276.0
93.3
144.0
88.0
103.0
109.0
64.5
127.0
89.8
37.8
172.0
46.4
26.9
130.0
93.5
85.2
99.2
98.9
270.0
34.6
131.0
46.9
142.0
44.4
120.0
83.9
149.0
236.0
78.5
91.2
69.2
77.5
22.7
91.8
182.0
110.0
132.0
60.8
142.0
63.6
74.5
120.0
104.0
19.8
97.7
113.0
122.0
102.0
73.2
96.1
112.0
226.0
