248.0
211.0
265.0
24.7
94.9
31.6
270.0
76.8
240.0
350.0
221.0
153.0
165.0
50.5
187.0
123.0
225.0
151.0
238.0
206.0
316.0
142.0
20.5
221.0
109.0
197.0
221.0
250.0
183.0
91.1
255.0
231.0
189.0
43.8
192.0
222.0
285.0
200.0
260.0
180.0
236.0
339.0
245.0
118.0
243.0
128.0
216.0
56.5
224.0
217.0
229.0
220.0
264.0
50.8
142.0
344.0
220.0
227.0
16.5
34.0
45.7
87.0
344.0
37.1
183.0
259.0
71.8
222.0
61.3
35.3
8.0
251.0
262.0
220.0
74.3
328.0
241.0
174.0
206.0
229.0
155.0
226.0
271.0
253.0
147.0
99.0
351.0
67.8
230.0
335.0
42.5
104.0
269.0
227.0
262.0
239.0
307.0
161.0
44.6
220.0
189.0
200.0
260.0
141.0
254.0
92.1
274.0
45.7
165.0
95.5
57.8
33.4
80.0
212.0
258.0
70.1
255.0
261.0
108.0
23.6
255.0
257.0
130.0
202.0
337.0
71.7
253.0
45.0
63.6
249.0
11.9
237.0
172.0
127.0
198.0
84.3
182.0
183.0
154.0
186.0
257.0
44.4
267.0
273.0
250.0
195.0
9.5
244.0
18.2
159.0
11.8
195.0
82.9
217.0
83.6
215.0
205.0
94.5
226.0
93.9
201.0
238.0
237.0
230.0
265.0
219.0
246.0
279.0
186.0
264.0
308.0
270.0
203.0
205.0
230.0
197.0
237.0
185.0
263.0
243.0
249.0
27.2
244.0
190.0
158.0
201.0
184.0
233.0
46.0
112.0
84.1
34.9
54.6
54.9
241.0
363.0
197.0
210.0
19.6
261.0
133.0
47.2
103.0
278.0
274.0
208.0
207.0
33.9
241.0
212.0
130.0
239.0
66.6
176.0
169.0
98.7
223.0
256.0
222.0
326.0
142.0
112.0
346.0
38.2
157.0
106.0
162.0
248.0
87.5
264.0
219.0
19.1
129.0
130.0
0.0
38.3
211.0
272.0
261.0
186.0
388.0
236.0
235.0
233.0
233.0
227.0
230.0
16.3
268.0
250.0
280.0
57.8
272.0
133.0
50.4
167.0
251.0
274.0
45.3
294.0
238.0
26.3
264.0
220.0
228.0
43.6
69.5
200.0
201.0
169.0
92.3
242.0
218.0
92.1
78.3
183.0
138.0
79.5
149.0
89.0
181.0
23.0
232.0
233.0
198.0
132.0
197.0
74.6
163.0
240.0
234.0
236.0
135.0
230.0
325.0
52.5
256.0
210.0
373.0
237.0
26.4
174.0
178.0
234.0
121.0
225.0
208.0
118.0
270.0
118.0
111.0
16.5
210.0
199.0
165.0
200.0
367.0
97.9
256.0
172.0
248.0
123.0
264.0
83.4
18.4
335.0
171.0
70.8
213.0
60.9
149.0
209.0
257.0
218.0
241.0
67.8
251.0
102.0
54.1
33.7
232.0
147.0
227.0
19.4
230.0
226.0
159.0
36.7
210.0
323.0
