231.0
157.0
249.0
24.6
73.8
69.4
216.0
46.0
187.0
334.0
183.0
118.0
130.0
14.9
171.0
87.1
208.0
134.0
221.0
144.0
299.0
105.0
38.5
171.0
58.0
180.0
183.0
233.0
166.0
55.5
220.0
176.0
172.0
49.7
145.0
205.0
268.0
156.0
200.0
149.0
219.0
323.0
228.0
101.0
226.0
88.7
199.0
20.9
185.0
200.0
212.0
167.0
247.0
17.6
125.0
327.0
166.0
210.0
26.4
48.1
18.5
65.9
327.0
34.6
146.0
242.0
36.2
165.0
25.7
7.6
30.7
216.0
245.0
204.0
38.7
312.0
224.0
158.0
189.0
176.0
138.0
162.0
254.0
236.0
93.9
77.9
335.0
40.7
213.0
318.0
81.1
68.0
235.0
211.0
246.0
222.0
290.0
125.0
25.9
204.0
173.0
183.0
244.0
106.0
201.0
56.5
240.0
15.0
148.0
53.1
63.4
72.0
44.4
151.0
204.0
39.4
238.0
227.0
86.8
49.2
238.0
240.0
83.6
144.0
321.0
41.0
200.0
14.3
30.4
232.0
33.9
220.0
129.0
110.0
181.0
54.6
165.0
166.0
110.0
169.0
240.0
36.9
215.0
257.0
233.0
140.0
34.9
190.0
56.8
142.0
50.4
128.0
48.0
175.0
48.0
171.0
150.0
73.4
172.0
77.2
135.0
214.0
202.0
213.0
230.0
203.0
222.0
263.0
169.0
247.0
291.0
253.0
160.0
188.0
187.0
180.0
202.0
169.0
210.0
189.0
232.0
32.8
199.0
173.0
141.0
184.0
167.0
217.0
35.4
95.6
49.2
73.5
42.4
93.4
225.0
347.0
180.0
193.0
45.1
245.0
89.4
85.8
67.2
227.0
221.0
191.0
190.0
31.2
187.0
195.0
90.9
198.0
35.9
160.0
153.0
63.1
207.0
239.0
205.0
309.0
98.0
76.2
329.0
57.4
141.0
88.9
128.0
213.0
56.8
248.0
158.0
20.2
93.7
94.1
38.3
0.0
194.0
255.0
244.0
126.0
371.0
219.0
218.0
216.0
199.0
210.0
213.0
54.2
251.0
234.0
245.0
28.8
212.0
97.7
42.8
124.0
216.0
220.0
72.8
277.0
221.0
12.0
247.0
204.0
211.0
82.2
33.9
183.0
139.0
152.0
57.4
226.0
201.0
50.9
43.1
166.0
121.0
63.0
99.0
67.9
141.0
61.6
198.0
216.0
160.0
115.0
167.0
39.7
147.0
223.0
217.0
219.0
99.3
176.0
308.0
70.3
205.0
140.0
356.0
184.0
65.0
157.0
161.0
199.0
104.0
208.0
191.0
73.2
253.0
102.0
75.1
34.0
193.0
182.0
149.0
184.0
350.0
70.0
222.0
137.0
231.0
84.0
211.0
65.3
56.2
318.0
155.0
53.8
159.0
33.8
113.0
192.0
240.0
202.0
224.0
37.1
234.0
85.3
23.4
41.6
194.0
111.0
188.0
16.4
213.0
192.0
142.0
18.9
193.0
307.0
