53.5
78.1
60.4
220.0
144.0
218.0
137.0
143.0
108.0
145.0
73.2
99.8
96.3
197.0
39.5
120.0
9.2
68.3
49.5
81.8
111.0
106.0
189.0
73.0
127.0
18.9
73.3
44.8
56.3
156.0
107.0
83.0
23.0
165.0
59.2
61.6
80.0
67.6
112.0
61.4
47.1
134.0
40.1
97.4
50.2
102.0
59.9
210.0
76.5
68.2
31.7
87.4
59.0
215.0
78.1
139.0
87.2
67.3
228.0
178.0
182.0
136.0
139.0
248.0
64.0
70.6
203.0
74.3
186.0
191.0
221.0
103.0
75.5
39.9
184.0
123.0
27.8
48.6
32.0
96.6
65.9
93.2
76.3
48.2
90.7
135.0
146.0
151.0
25.0
130.0
221.0
136.0
121.0
67.5
76.2
56.1
102.0
84.2
232.0
11.3
40.4
13.2
55.5
100.0
120.0
153.0
126.0
180.0
48.1
135.0
172.0
212.0
159.0
85.6
125.0
162.0
50.4
113.0
126.0
237.0
66.3
54.2
112.0
69.6
132.0
167.0
120.0
221.0
217.0
60.3
198.0
48.8
79.9
96.4
31.5
137.0
27.6
33.0
98.9
53.5
68.7
167.0
119.0
68.6
44.9
66.2
221.0
111.0
194.0
77.0
201.0
76.2
152.0
68.6
168.0
67.0
72.7
143.0
92.9
124.0
82.0
77.8
88.9
70.3
117.0
10.8
86.4
74.4
49.3
75.8
103.0
78.8
70.5
24.2
69.6
19.7
76.1
26.7
131.0
110.0
44.3
182.0
96.2
26.4
56.7
22.9
31.9
45.1
241.0
108.0
153.0
209.0
156.0
234.0
81.5
158.0
36.1
46.9
231.0
73.6
103.0
201.0
133.0
130.0
131.0
53.9
15.9
226.0
108.0
5.9
91.7
91.3
159.0
51.0
46.1
150.0
18.5
67.6
33.1
121.0
98.3
129.0
141.0
181.0
75.1
112.0
84.9
99.8
140.0
76.0
93.2
198.0
121.0
114.0
213.0
195.0
0.0
67.2
56.2
84.6
183.0
47.8
46.7
28.0
85.2
23.1
69.7
211.0
62.8
61.8
132.0
229.0
124.0
125.0
161.0
88.6
103.0
141.0
191.0
89.0
77.6
207.0
75.7
37.5
22.9
222.0
197.0
31.1
85.6
55.6
144.0
57.3
66.3
137.0
155.0
45.9
93.1
156.0
82.1
139.0
73.4
202.0
77.0
29.4
65.5
87.7
61.5
178.0
54.9
80.0
50.6
31.0
106.0
97.2
120.0
177.0
108.0
98.5
168.0
104.0
200.0
39.4
39.3
85.7
103.0
19.1
60.1
124.0
65.1
103.0
137.0
194.0
64.0
64.0
61.7
56.4
162.0
142.0
108.0
69.9
43.2
106.0
132.0
139.0
206.0
130.0
47.1
148.0
80.3
166.0
92.2
60.7
78.5
37.4
52.6
172.0
51.2
122.0
172.0
261.0
83.6
113.0
74.4
206.0
69.8
78.3
67.2
183.0
8.3
119.0
