23.1
106.0
38.4
268.0
192.0
266.0
140.0
191.0
105.0
108.0
80.0
148.0
144.0
245.0
87.7
169.0
48.6
116.0
46.3
130.0
63.6
154.0
238.0
97.2
175.0
67.1
81.7
32.4
105.0
205.0
111.0
107.0
73.5
213.0
107.0
68.1
42.2
116.0
107.0
110.0
48.9
87.2
16.5
146.0
24.9
150.0
69.3
258.0
93.3
74.8
54.1
105.0
9.8
264.0
126.0
91.4
117.0
73.8
276.0
226.0
230.0
184.0
101.0
296.0
112.0
43.7
251.0
98.4
234.0
239.0
269.0
107.0
53.4
64.1
232.0
76.2
39.8
102.0
73.9
119.0
134.0
131.0
17.6
16.3
139.0
183.0
99.1
199.0
40.3
91.8
269.0
184.0
126.0
74.0
48.9
50.9
64.0
132.0
280.0
51.4
94.3
61.4
38.6
148.0
116.0
201.0
130.0
228.0
96.3
183.0
220.0
260.0
207.0
134.0
121.0
210.0
6.5
118.0
174.0
286.0
20.7
15.8
160.0
118.0
85.1
215.0
124.0
270.0
265.0
45.9
246.0
32.0
128.0
145.0
79.7
185.0
75.8
81.1
147.0
102.0
57.4
215.0
114.0
9.7
22.9
114.0
269.0
115.0
243.0
125.0
250.0
124.0
200.0
92.7
216.0
91.1
121.0
192.0
117.0
172.0
130.0
84.3
93.2
76.8
121.0
46.7
92.9
36.5
97.4
22.7
55.4
40.9
107.0
69.6
76.2
67.9
82.6
74.9
134.0
113.0
13.4
231.0
100.0
74.6
109.0
68.1
77.1
59.8
289.0
157.0
201.0
257.0
204.0
282.0
88.0
111.0
81.3
71.0
279.0
51.2
151.0
249.0
181.0
126.0
127.0
78.1
61.2
274.0
111.0
62.5
140.0
95.6
207.0
99.2
94.3
198.0
39.5
26.1
69.1
83.1
146.0
177.0
93.6
229.0
123.0
160.0
133.0
104.0
188.0
14.4
141.0
246.0
169.0
162.0
261.0
243.0
55.7
15.2
0.0
133.0
136.0
52.8
50.8
29.3
89.4
41.9
76.3
260.0
29.0
23.5
136.0
277.0
120.0
174.0
209.0
137.0
107.0
132.0
239.0
43.8
84.2
255.0
38.4
69.8
59.0
271.0
246.0
77.7
134.0
104.0
192.0
44.9
72.9
186.0
203.0
94.1
141.0
205.0
130.0
187.0
122.0
250.0
83.6
47.7
114.0
136.0
95.3
226.0
108.0
86.5
51.7
27.4
154.0
105.0
82.2
225.0
104.0
147.0
121.0
128.0
248.0
87.6
82.6
90.0
151.0
62.6
84.3
172.0
27.3
151.0
185.0
243.0
78.5
90.1
131.0
80.6
115.0
190.0
112.0
118.0
20.0
154.0
135.0
187.0
254.0
92.0
95.3
196.0
129.0
214.0
140.0
84.9
66.1
69.6
47.1
220.0
20.1
171.0
220.0
309.0
93.3
162.0
80.9
255.0
76.4
85.8
115.0
232.0
54.3
71.2
