38.0
105.0
40.2
279.0
203.0
277.0
136.0
202.0
101.0
97.6
75.9
156.0
153.0
256.0
103.0
177.0
59.5
127.0
57.3
124.0
50.9
165.0
249.0
96.4
186.0
78.0
77.6
43.3
115.0
213.0
107.0
106.0
84.4
224.0
118.0
64.0
32.1
111.0
103.0
120.0
44.9
74.4
36.2
156.0
52.6
161.0
65.2
240.0
89.2
70.7
62.3
104.0
12.1
245.0
137.0
78.6
117.0
69.7
287.0
237.0
241.0
195.0
90.9
278.0
123.0
39.6
232.0
97.7
245.0
250.0
280.0
103.0
57.2
63.3
216.0
63.5
50.8
112.0
73.1
115.0
145.0
130.0
15.4
30.0
150.0
194.0
86.4
210.0
51.2
81.8
280.0
192.0
122.0
69.9
49.8
61.8
54.0
141.0
261.0
62.4
93.6
72.3
49.5
157.0
112.0
210.0
126.0
239.0
107.0
194.0
231.0
271.0
215.0
128.0
117.0
221.0
19.8
114.0
185.0
297.0
28.7
25.3
171.0
122.0
72.4
226.0
120.0
251.0
246.0
41.8
257.0
49.3
139.0
156.0
90.6
196.0
86.7
92.1
158.0
113.0
53.3
226.0
110.0
7.7
33.8
125.0
280.0
111.0
253.0
136.0
260.0
134.0
209.0
92.0
224.0
90.4
115.0
203.0
116.0
183.0
138.0
80.2
89.1
72.8
117.0
57.6
88.9
37.4
108.0
18.7
42.6
41.8
106.0
76.6
72.1
78.8
78.5
85.8
130.0
109.0
24.3
242.0
96.4
85.5
120.0
81.3
88.1
56.0
271.0
167.0
209.0
268.0
215.0
293.0
83.9
98.4
80.6
70.3
290.0
52.0
162.0
260.0
189.0
122.0
123.0
77.3
72.1
275.0
107.0
73.4
151.0
91.5
218.0
110.0
105.0
206.0
50.5
29.0
65.2
73.1
157.0
186.0
80.9
240.0
134.0
171.0
144.0
100.0
199.0
20.5
140.0
257.0
177.0
170.0
272.0
254.0
66.6
0.0
17.5
144.0
123.0
48.7
51.8
40.2
85.3
52.8
72.2
271.0
31.7
36.1
132.0
258.0
116.0
182.0
220.0
148.0
103.0
128.0
250.0
31.1
80.1
266.0
34.4
80.7
70.0
281.0
227.0
82.1
128.0
115.0
200.0
55.9
68.8
196.0
214.0
103.0
152.0
216.0
141.0
198.0
132.0
261.0
79.5
58.6
105.0
147.0
94.6
237.0
119.0
82.4
62.6
38.3
163.0
101.0
72.2
236.0
100.0
141.0
108.0
128.0
259.0
98.5
93.5
85.9
162.0
72.5
83.5
183.0
26.6
162.0
193.0
254.0
74.4
89.3
142.0
79.9
102.0
198.0
108.0
129.0
40.4
165.0
131.0
198.0
265.0
82.0
106.0
207.0
123.0
225.0
149.0
84.1
76.0
68.9
43.0
231.0
30.4
182.0
231.0
320.0
89.2
170.0
76.9
266.0
72.3
81.7
126.0
242.0
65.2
58.5
