130.0
52.4
147.0
147.0
118.0
192.0
112.0
80.2
82.3
232.0
78.1
22.9
31.1
113.0
65.5
41.9
97.0
36.7
120.0
39.7
198.0
24.9
164.0
67.0
59.7
78.8
78.1
131.0
27.5
77.9
116.0
71.8
68.3
140.0
25.9
104.0
167.0
51.5
95.2
23.5
118.0
221.0
127.0
52.5
126.0
37.3
98.3
105.0
80.8
83.3
112.0
62.1
146.0
110.0
50.4
225.0
61.9
110.0
149.0
152.0
113.0
110.0
225.0
143.0
20.0
142.0
97.2
60.4
103.0
127.0
153.0
112.0
142.0
103.0
81.4
210.0
123.0
55.9
88.3
71.3
56.8
57.7
153.0
135.0
32.8
109.0
233.0
126.0
112.0
216.0
196.0
57.5
130.0
88.9
142.0
119.0
189.0
20.2
126.0
102.0
68.3
82.0
142.0
21.7
96.4
74.6
135.0
122.0
44.4
70.2
146.0
186.0
80.0
46.1
99.8
86.8
137.0
122.0
100.0
212.0
137.0
139.0
34.4
40.0
219.0
94.8
95.2
116.0
111.0
131.0
151.0
120.0
12.5
70.7
79.6
111.0
68.2
64.6
13.4
48.9
140.0
141.0
111.0
156.0
132.0
20.2
157.0
86.0
169.0
27.4
176.0
16.0
73.6
70.7
89.5
66.3
45.3
118.0
67.6
98.3
30.7
109.0
98.0
101.0
126.0
101.0
118.0
161.0
50.5
147.0
189.0
149.0
55.9
87.0
82.4
78.7
98.0
65.1
105.0
84.7
131.0
157.0
94.9
71.5
37.9
82.6
63.3
116.0
136.0
64.5
74.1
183.0
131.0
208.0
115.0
245.0
79.8
92.3
163.0
141.0
30.7
175.0
54.5
122.0
116.0
90.4
89.0
140.0
82.8
91.5
30.6
93.1
92.7
39.5
49.1
71.0
105.0
139.0
105.0
208.0
21.1
50.8
228.0
155.0
46.1
86.0
19.0
109.0
69.4
147.0
53.1
145.0
31.6
35.3
187.0
125.0
92.6
154.0
143.0
0.0
270.0
119.0
118.0
115.0
94.5
107.0
112.0
186.0
150.0
133.0
141.0
123.0
107.0
46.8
135.0
12.6
112.0
116.0
165.0
176.0
106.0
135.0
147.0
100.0
110.0
197.0
91.9
82.7
34.6
31.8
65.2
122.0
83.0
75.3
130.0
59.3
59.9
131.0
28.9
113.0
11.3
176.0
93.5
115.0
35.2
46.3
45.6
82.8
43.2
111.0
113.0
118.0
24.1
71.9
207.0
151.0
100.0
33.6
255.0
79.2
175.0
54.2
57.5
94.8
77.6
106.0
75.7
43.2
152.0
42.8
58.1
169.0
79.4
51.2
54.2
83.0
249.0
63.4
117.0
14.6
130.0
37.4
106.0
113.0
180.0
217.0
46.1
122.0
55.0
106.0
12.8
77.6
137.0
101.0
124.0
89.6
133.0
96.8
103.0
149.0
89.5
35.0
83.5
142.0
112.0
87.4
28.1
125.0
91.9
205.0
