159.0
226.0
144.0
396.0
321.0
395.0
258.0
320.0
222.0
172.0
197.0
278.0
274.0
374.0
216.0
298.0
177.0
245.0
175.0
245.0
75.8
283.0
366.0
218.0
304.0
196.0
199.0
168.0
233.0
334.0
228.0
228.0
202.0
342.0
236.0
185.0
106.0
232.0
225.0
238.0
166.0
51.2
155.0
274.0
170.0
278.0
186.0
361.0
210.0
192.0
184.0
225.0
134.0
366.0
255.0
56.2
238.0
191.0
405.0
355.0
359.0
312.0
165.0
399.0
241.0
161.0
353.0
219.0
363.0
368.0
398.0
224.0
155.0
185.0
361.0
61.9
175.0
230.0
194.0
236.0
263.0
252.0
137.0
151.0
268.0
312.0
36.7
328.0
169.0
156.0
398.0
314.0
243.0
191.0
147.0
167.0
109.0
262.0
383.0
180.0
215.0
190.0
152.0
278.0
233.0
331.0
248.0
357.0
225.0
312.0
349.0
389.0
336.0
249.0
238.0
339.0
141.0
235.0
303.0
414.0
150.0
147.0
288.0
247.0
60.2
344.0
241.0
372.0
368.0
163.0
375.0
171.0
257.0
273.0
208.0
314.0
204.0
210.0
276.0
230.0
175.0
344.0
232.0
129.0
146.0
243.0
398.0
232.0
371.0
254.0
378.0
255.0
330.0
213.0
346.0
212.0
236.0
320.0
237.0
301.0
259.0
201.0
210.0
194.0
238.0
175.0
210.0
135.0
226.0
140.0
94.6
139.0
227.0
198.0
193.0
197.0
200.0
204.0
251.0
230.0
146.0
359.0
218.0
203.0
238.0
197.0
206.0
177.0
392.0
285.0
330.0
386.0
333.0
410.0
205.0
121.0
202.0
192.0
408.0
150.0
280.0
378.0
311.0
243.0
244.0
199.0
190.0
403.0
229.0
191.0
269.0
213.0
336.0
228.0
223.0
327.0
168.0
150.0
186.0
147.0
275.0
307.0
42.1
358.0
252.0
289.0
262.0
221.0
317.0
142.0
261.0
375.0
298.0
292.0
389.0
372.0
184.0
124.0
139.0
261.0
0.0
170.0
173.0
158.0
207.0
171.0
193.0
388.0
138.0
157.0
253.0
380.0
237.0
303.0
338.0
266.0
224.0
249.0
368.0
94.2
201.0
384.0
156.0
186.0
188.0
399.0
348.0
203.0
249.0
233.0
321.0
176.0
190.0
314.0
332.0
223.0
270.0
333.0
259.0
316.0
250.0
379.0
201.0
176.0
242.0
265.0
216.0
355.0
237.0
204.0
174.0
157.0
284.0
222.0
146.0
354.0
221.0
262.0
15.4
249.0
377.0
216.0
211.0
207.0
280.0
194.0
205.0
301.0
117.0
279.0
314.0
371.0
196.0
211.0
260.0
201.0
23.4
320.0
229.0
247.0
163.0
283.0
252.0
316.0
383.0
156.0
224.0
325.0
245.0
343.0
270.0
205.0
174.0
190.0
164.0
349.0
152.0
299.0
349.0
438.0
210.0
291.0
198.0
383.0
194.0
203.0
244.0
360.0
183.0
69.1
