19.7
62.3
75.3
243.0
167.0
241.0
87.8
166.0
52.3
145.0
27.4
114.0
110.0
220.0
60.6
134.0
49.9
91.7
21.1
81.1
97.8
136.0
213.0
53.7
150.0
59.6
29.1
52.3
82.5
170.0
58.5
53.2
66.0
189.0
85.3
15.5
79.0
68.2
54.7
87.5
5.6
121.0
38.7
121.0
26.2
125.0
16.7
197.0
40.7
22.1
19.6
61.4
62.8
202.0
101.0
126.0
73.9
21.2
251.0
201.0
205.0
159.0
138.0
235.0
90.2
18.0
189.0
54.9
209.0
214.0
244.0
54.5
83.1
20.6
174.0
110.0
67.5
93.5
30.4
66.5
109.0
77.2
40.9
39.3
114.0
158.0
133.0
175.0
40.7
129.0
245.0
150.0
73.0
21.4
83.8
70.8
101.0
97.9
219.0
34.3
50.8
53.9
70.8
114.0
63.1
167.0
77.8
203.0
84.6
158.0
195.0
236.0
172.0
85.4
68.6
185.0
41.4
65.0
149.0
261.0
24.8
27.0
131.0
79.1
119.0
190.0
71.2
208.0
204.0
10.5
221.0
14.0
106.0
120.0
45.5
160.0
68.3
72.2
119.0
79.6
22.0
190.0
61.7
43.5
61.5
92.3
244.0
62.0
218.0
100.0
225.0
91.4
166.0
49.2
182.0
47.6
72.0
167.0
73.3
147.0
95.2
31.7
40.6
24.2
68.4
40.2
40.3
83.3
65.9
34.2
89.5
87.7
63.0
33.9
23.5
45.8
30.0
67.4
81.3
60.1
53.1
206.0
47.8
67.1
84.5
38.6
76.8
6.6
228.0
132.0
166.0
232.0
180.0
257.0
35.4
145.0
37.8
27.5
254.0
88.9
125.0
224.0
147.0
73.0
74.2
34.5
37.6
232.0
58.8
54.5
115.0
42.9
182.0
73.3
82.4
163.0
49.0
26.1
22.5
120.0
118.0
143.0
128.0
204.0
98.4
135.0
103.0
51.4
162.0
34.4
86.6
221.0
134.0
128.0
236.0
218.0
48.2
49.4
52.6
113.0
170.0
0.0
14.3
42.4
36.8
67.4
23.7
235.0
71.7
20.3
83.5
216.0
67.1
139.0
184.0
115.0
54.3
79.5
214.0
78.0
31.5
230.0
26.5
77.1
27.2
246.0
184.0
39.3
85.0
77.9
157.0
64.8
20.3
161.0
179.0
60.7
116.0
180.0
105.0
162.0
100.0
225.0
30.9
23.0
62.3
111.0
51.8
201.0
92.9
33.9
79.3
47.7
120.0
52.4
119.0
200.0
51.5
98.2
155.0
84.9
224.0
75.7
84.2
37.3
127.0
29.8
40.8
147.0
81.8
126.0
150.0
218.0
25.9
46.6
106.0
37.1
149.0
156.0
59.6
96.0
42.1
129.0
82.2
162.0
229.0
129.0
69.4
171.0
80.5
190.0
106.0
41.4
93.7
26.1
8.4
196.0
23.1
146.0
195.0
284.0
40.7
127.0
28.3
230.0
23.7
33.2
90.5
207.0
38.4
105.0
