11.7
60.5
64.3
241.0
165.0
239.0
99.7
164.0
64.2
143.0
52.0
112.0
108.0
218.0
58.7
132.0
48.1
89.8
3.7
79.3
100.0
134.0
211.0
51.8
148.0
57.8
52.0
41.3
80.6
168.0
70.4
61.8
64.1
187.0
83.5
27.4
77.9
66.3
66.6
85.6
7.4
124.0
27.7
119.0
9.6
123.0
38.7
195.0
55.2
34.0
12.6
59.5
56.9
200.0
99.6
128.0
72.1
33.1
250.0
199.0
203.0
157.0
137.0
233.0
88.3
27.1
188.0
53.1
207.0
212.0
242.0
66.4
72.1
18.7
172.0
113.0
48.7
91.6
28.5
75.1
107.0
85.8
43.4
17.9
112.0
156.0
136.0
173.0
22.0
128.0
243.0
148.0
84.9
33.3
72.8
59.8
99.8
96.0
217.0
32.5
48.9
52.1
52.1
112.0
75.0
165.0
89.7
202.0
82.8
156.0
194.0
234.0
170.0
83.5
80.5
183.0
28.5
76.9
147.0
259.0
18.2
19.0
129.0
77.2
122.0
188.0
83.1
206.0
202.0
19.1
219.0
5.0
104.0
118.0
43.6
158.0
66.4
70.3
117.0
77.8
30.6
188.0
73.6
46.0
42.8
90.4
242.0
73.9
216.0
98.5
223.0
89.5
164.0
47.4
180.0
45.8
70.1
165.0
71.5
145.0
93.3
43.6
52.4
36.1
80.2
38.3
52.2
72.3
64.0
36.7
92.0
76.7
61.2
32.0
35.4
43.9
41.9
65.5
93.2
71.9
42.2
204.0
59.7
65.3
82.7
36.7
74.9
10.5
226.0
130.0
165.0
230.0
178.0
255.0
47.3
148.0
36.0
25.7
252.0
70.2
123.0
223.0
145.0
84.9
86.1
32.7
35.7
231.0
70.7
52.6
113.0
54.8
180.0
71.5
80.6
161.0
41.7
28.6
20.6
119.0
116.0
141.0
130.0
202.0
96.5
133.0
101.0
63.3
160.0
25.2
95.2
219.0
133.0
126.0
234.0
217.0
46.4
51.8
34.8
111.0
172.0
13.5
0.0
31.4
48.7
51.2
35.5
233.0
60.7
12.5
95.4
214.0
79.0
137.0
182.0
113.0
66.2
91.3
212.0
86.9
43.4
228.0
36.7
75.3
14.9
244.0
182.0
37.5
83.1
76.1
156.0
53.9
32.1
159.0
177.0
58.8
115.0
178.0
104.0
160.0
98.1
223.0
42.8
8.7
60.4
109.0
49.9
199.0
91.0
45.8
60.6
36.7
118.0
64.3
118.0
198.0
63.4
96.4
157.0
83.0
222.0
73.9
82.3
49.2
125.0
27.9
38.9
145.0
63.0
124.0
148.0
216.0
37.7
44.7
105.0
35.2
151.0
154.0
71.5
94.1
23.4
127.0
94.1
160.0
227.0
128.0
67.6
169.0
78.7
188.0
104.0
39.5
75.0
24.3
13.5
194.0
15.1
144.0
193.0
282.0
52.6
125.0
40.2
228.0
35.6
45.0
88.6
205.0
36.6
108.0
