25.3
88.5
34.6
241.0
165.0
239.0
131.0
164.0
95.9
120.0
80.1
121.0
118.0
219.0
61.1
142.0
22.0
89.9
29.0
103.0
85.0
128.0
211.0
79.9
148.0
40.5
80.1
18.9
77.9
178.0
102.0
89.9
46.9
187.0
80.8
59.0
54.2
89.2
98.3
82.9
44.6
109.0
11.5
119.0
24.4
123.0
66.8
232.0
83.3
65.6
41.1
87.6
33.1
237.0
99.7
113.0
109.0
64.7
250.0
200.0
203.0
157.0
113.0
270.0
85.6
68.0
224.0
81.1
208.0
212.0
242.0
98.0
49.7
46.8
205.0
97.6
16.5
74.9
56.6
103.0
107.0
114.0
50.4
17.0
112.0
156.0
121.0
173.0
12.6
104.0
243.0
158.0
116.0
64.9
50.4
37.4
76.0
106.0
253.0
24.8
62.0
34.8
29.7
122.0
107.0
175.0
121.0
202.0
69.6
156.0
194.0
234.0
180.0
107.0
112.0
183.0
21.7
109.0
147.0
259.0
31.3
25.6
133.0
91.2
107.0
189.0
115.0
243.0
238.0
57.7
219.0
33.1
101.0
118.0
53.0
158.0
49.1
54.5
120.0
75.1
66.1
188.0
105.0
42.7
19.0
87.7
242.0
106.0
216.0
98.6
223.0
97.8
174.0
75.4
190.0
73.8
94.2
165.0
99.5
146.0
104.0
75.2
84.1
67.7
112.0
20.1
83.8
48.5
70.8
53.7
76.8
52.9
92.1
43.0
67.1
41.3
73.5
48.3
125.0
104.0
18.4
204.0
91.3
48.0
82.8
41.5
50.5
42.5
263.0
130.0
174.0
230.0
178.0
255.0
78.9
133.0
56.1
53.7
252.0
47.8
125.0
223.0
155.0
116.0
118.0
60.7
34.6
248.0
102.0
35.8
113.0
86.5
180.0
72.6
67.7
171.0
12.9
65.1
42.5
95.0
120.0
151.0
115.0
202.0
96.6
133.0
106.0
94.9
162.0
33.7
115.0
219.0
142.0
135.0
234.0
217.0
29.1
41.3
30.3
106.0
157.0
45.2
33.5
0.0
80.3
19.8
67.2
233.0
37.0
29.4
127.0
250.0
111.0
147.0
182.0
110.0
97.8
123.0
212.0
63.2
75.0
229.0
73.2
29.7
32.3
244.0
219.0
51.1
107.0
77.2
165.0
22.5
63.8
159.0
177.0
67.4
115.0
178.0
104.0
160.0
94.9
223.0
74.4
20.6
87.1
109.0
78.0
200.0
81.2
77.4
38.2
6.3
128.0
95.9
94.2
199.0
95.0
120.0
142.0
111.0
222.0
60.9
55.9
80.9
125.0
36.0
67.0
145.0
39.3
124.0
158.0
216.0
69.4
72.8
105.0
63.3
136.0
163.0
103.0
91.4
12.0
127.0
126.0
160.0
227.0
104.0
68.7
169.0
102.0
188.0
114.0
67.6
52.6
46.8
50.0
194.0
23.0
144.0
193.0
282.0
84.2
135.0
71.8
228.0
67.2
76.7
88.7
205.0
27.7
92.6
