58.2
38.9
112.0
220.0
164.0
239.0
52.8
153.0
19.5
183.0
20.8
94.4
78.0
187.0
57.9
115.0
87.2
89.0
57.7
57.6
136.0
117.0
210.0
20.3
147.0
83.7
32.9
89.0
70.5
151.0
23.6
26.1
92.0
186.0
64.5
25.5
118.0
44.7
28.5
75.5
44.2
160.0
86.6
118.0
74.1
122.0
30.3
178.0
13.5
23.0
60.2
28.0
101.0
183.0
98.8
164.0
36.3
26.6
222.0
199.0
202.0
156.0
176.0
216.0
71.7
67.6
170.0
28.7
177.0
211.0
242.0
19.7
131.0
51.4
155.0
149.0
108.0
103.0
46.9
33.7
106.0
50.0
79.5
66.1
111.0
156.0
172.0
172.0
69.6
167.0
242.0
131.0
38.1
21.9
120.0
107.0
139.0
78.8
199.0
71.6
48.2
86.9
111.0
94.8
36.8
148.0
43.0
201.0
82.0
155.0
193.0
233.0
153.0
55.3
42.3
182.0
85.0
30.1
147.0
258.0
63.3
65.5
132.0
59.9
158.0
188.0
38.4
189.0
185.0
57.3
218.0
52.5
95.2
117.0
60.0
158.0
77.6
69.5
100.0
69.1
65.7
187.0
35.5
82.1
102.0
71.4
241.0
29.2
215.0
97.7
222.0
72.3
147.0
20.5
163.0
27.7
50.3
164.0
35.7
145.0
76.1
17.1
5.7
18.3
33.5
77.5
25.2
131.0
63.2
72.8
128.0
136.0
39.6
57.2
16.5
67.6
9.0
81.1
48.5
27.2
89.8
203.0
13.0
76.4
81.9
61.9
91.4
39.0
209.0
129.0
147.0
229.0
177.0
254.0
22.9
184.0
50.3
40.8
251.0
118.0
121.0
222.0
128.0
46.7
47.9
38.9
74.9
213.0
26.0
91.8
112.0
6.6
180.0
70.7
79.8
144.0
86.3
64.6
53.3
159.0
112.0
124.0
166.0
201.0
95.7
132.0
106.0
16.5
143.0
73.0
59.4
218.0
115.0
108.0
233.0
198.0
85.5
87.9
91.2
93.9
208.0
39.4
51.0
90.3
0.0
105.0
20.9
232.0
108.0
58.8
48.7
197.0
40.9
120.0
181.0
102.0
19.4
53.2
212.0
117.0
13.8
208.0
72.7
114.0
64.5
243.0
165.0
53.3
65.8
75.3
138.0
113.0
21.3
158.0
176.0
58.0
114.0
177.0
103.0
159.0
80.8
222.0
7.5
57.0
46.3
108.0
42.1
156.0
90.2
19.1
119.0
84.3
101.0
19.6
158.0
198.0
25.2
68.1
193.0
47.2
221.0
73.1
86.3
4.2
124.0
67.1
29.8
145.0
111.0
123.0
131.0
215.0
34.2
36.9
104.0
38.9
188.0
136.0
24.8
90.8
71.0
127.0
48.3
160.0
226.0
167.0
66.8
168.0
42.9
187.0
86.8
31.7
123.0
49.5
49.6
163.0
61.6
143.0
192.0
222.0
7.4
108.0
12.7
227.0
28.2
11.6
87.9
204.0
75.7
144.0
