43.4
106.0
45.5
236.0
160.0
234.0
149.0
159.0
114.0
132.0
91.4
128.0
124.0
213.0
67.5
148.0
14.1
77.6
46.9
110.0
97.8
115.0
206.0
91.2
143.0
47.0
91.4
16.3
84.4
184.0
125.0
101.0
47.9
182.0
87.2
76.9
66.9
95.7
130.0
89.4
62.4
121.0
30.0
114.0
42.2
118.0
78.1
226.0
94.6
83.5
49.9
98.9
44.8
232.0
88.6
126.0
115.0
82.5
245.0
194.0
198.0
152.0
126.0
264.0
92.1
85.8
219.0
92.4
203.0
207.0
237.0
121.0
44.6
58.1
200.0
110.0
8.7
63.1
56.7
114.0
80.4
125.0
62.1
40.1
100.0
151.0
133.0
168.0
25.4
117.0
238.0
164.0
139.0
82.7
44.9
21.5
88.7
112.0
248.0
33.6
68.4
41.3
26.3
128.0
138.0
181.0
144.0
197.0
74.2
151.0
189.0
229.0
206.0
114.0
130.0
178.0
40.2
132.0
142.0
254.0
49.8
44.1
120.0
97.7
119.0
183.0
133.0
238.0
233.0
75.5
214.0
50.9
93.3
113.0
59.5
153.0
55.6
61.0
112.0
81.5
83.9
183.0
123.0
54.4
29.3
94.2
237.0
123.0
211.0
87.4
218.0
104.0
167.0
86.7
196.0
85.1
101.0
160.0
111.0
140.0
110.0
93.0
107.0
85.6
135.0
24.8
102.0
61.3
77.3
65.4
89.5
52.0
98.5
51.8
84.9
47.8
91.3
54.7
143.0
121.0
30.1
199.0
114.0
54.5
71.2
47.9
46.4
60.3
258.0
125.0
181.0
225.0
173.0
250.0
96.7
145.0
64.9
65.0
247.0
43.8
111.0
218.0
161.0
148.0
136.0
72.1
41.0
243.0
120.0
26.0
105.0
109.0
175.0
79.0
71.1
178.0
16.2
82.9
51.2
108.0
107.0
157.0
128.0
197.0
78.2
128.0
92.7
118.0
157.0
52.2
121.0
214.0
127.0
142.0
229.0
212.0
23.1
53.0
42.0
108.0
170.0
63.0
51.4
19.9
103.0
0.0
85.0
228.0
46.9
58.8
150.0
245.0
129.0
153.0
177.0
102.0
121.0
141.0
207.0
75.9
92.9
223.0
81.1
10.7
41.1
239.0
214.0
59.9
114.0
83.7
166.0
19.2
81.6
154.0
172.0
73.9
92.5
173.0
95.2
155.0
103.0
218.0
92.3
39.3
93.6
104.0
89.3
194.0
69.4
95.2
14.0
14.5
134.0
108.0
107.0
193.0
127.0
126.0
155.0
122.0
217.0
67.4
53.8
104.0
120.0
44.7
78.3
140.0
65.7
119.0
165.0
211.0
82.1
84.1
76.2
74.6
149.0
170.0
126.0
93.3
35.2
122.0
150.0
155.0
222.0
117.0
75.1
164.0
108.0
183.0
117.0
78.9
39.4
55.6
67.9
189.0
41.1
139.0
188.0
277.0
102.0
141.0
89.7
223.0
85.1
96.4
80.1
200.0
34.2
105.0
