45.3
42.4
107.0
236.0
160.0
234.0
56.2
159.0
45.1
170.0
15.2
93.6
90.0
213.0
53.8
114.0
73.7
84.8
44.8
61.1
123.0
119.0
206.0
40.2
143.0
79.5
24.2
83.8
75.6
150.0
29.8
45.9
87.9
182.0
78.5
8.9
105.0
48.2
32.0
80.7
31.3
147.0
70.2
114.0
57.7
118.0
17.4
177.0
33.4
15.0
43.3
47.9
88.4
182.0
94.6
151.0
56.2
3.6
245.0
194.0
198.0
152.0
163.0
215.0
83.4
54.7
169.0
34.9
203.0
207.0
237.0
25.5
107.0
44.3
154.0
136.0
83.5
98.8
44.0
59.2
102.0
69.9
66.5
63.1
107.0
151.0
159.0
168.0
56.7
154.0
238.0
130.0
44.3
4.2
115.0
102.0
127.0
77.9
199.0
58.1
44.0
77.7
94.6
94.0
40.3
147.0
49.1
197.0
77.8
151.0
189.0
229.0
152.0
75.2
45.8
178.0
72.1
36.3
142.0
254.0
50.4
52.6
124.0
59.1
145.0
183.0
50.2
188.0
184.0
44.4
214.0
39.6
99.2
113.0
55.9
153.0
73.4
65.4
99.3
72.8
52.8
183.0
39.0
69.1
85.3
85.5
237.0
54.8
211.0
93.5
218.0
71.4
146.0
25.8
162.0
30.9
52.0
160.0
55.6
141.0
75.2
9.3
18.4
5.9
39.7
64.0
18.8
107.0
59.0
59.9
115.0
111.0
43.0
54.3
10.2
79.4
11.0
76.9
62.3
52.8
76.9
199.0
24.6
72.2
77.7
59.0
101.0
26.1
208.0
125.0
146.0
225.0
173.0
250.0
13.8
171.0
46.2
37.9
247.0
105.0
118.0
218.0
127.0
50.2
51.4
25.0
61.3
212.0
51.5
78.2
108.0
28.6
175.0
66.5
75.6
143.0
72.7
51.7
46.2
146.0
111.0
123.0
153.0
197.0
91.6
128.0
96.3
22.7
157.0
60.1
79.3
214.0
114.0
108.0
229.0
212.0
72.0
75.0
78.3
104.0
196.0
26.5
38.0
73.9
23.9
91.2
0.0
228.0
95.5
45.9
54.8
196.0
44.4
119.0
177.0
108.0
16.0
56.7
207.0
104.0
8.8
223.0
59.8
101.0
51.0
239.0
164.0
49.1
65.0
71.1
137.0
88.6
10.8
154.0
172.0
53.9
110.0
173.0
98.6
155.0
80.0
218.0
23.6
46.8
49.8
104.0
47.3
194.0
86.1
12.3
103.0
71.4
99.8
45.1
145.0
193.0
28.7
88.0
180.0
67.1
217.0
68.9
82.2
14.7
120.0
53.5
26.6
140.0
97.8
119.0
130.0
211.0
22.9
42.1
99.6
34.9
175.0
136.0
31.0
89.2
65.9
122.0
51.8
155.0
222.0
155.0
62.6
164.0
62.8
183.0
86.0
36.9
110.0
46.6
36.7
189.0
48.7
139.0
188.0
277.0
33.4
107.0
15.6
223.0
6.2
25.9
83.7
200.0
62.2
131.0
