247.0
210.0
264.0
39.7
93.9
18.7
269.0
108.0
239.0
349.0
220.0
183.0
213.0
65.4
187.0
151.0
224.0
150.0
237.0
205.0
315.0
141.0
35.6
220.0
108.0
196.0
220.0
249.0
182.0
141.0
254.0
230.0
188.0
55.1
191.0
221.0
284.0
199.0
259.0
179.0
235.0
338.0
244.0
117.0
242.0
127.0
215.0
71.5
224.0
216.0
228.0
219.0
263.0
65.7
141.0
343.0
219.0
226.0
31.4
46.0
60.7
86.1
343.0
52.1
182.0
258.0
86.8
221.0
76.2
50.2
22.9
250.0
261.0
219.0
123.0
327.0
240.0
173.0
205.0
228.0
154.0
225.0
270.0
252.0
146.0
98.0
350.0
84.5
229.0
334.0
30.0
153.0
268.0
226.0
262.0
238.0
306.0
200.0
59.6
219.0
188.0
199.0
259.0
171.0
253.0
142.0
273.0
60.7
164.0
94.6
64.1
22.2
130.0
211.0
257.0
101.0
254.0
260.0
107.0
26.1
254.0
256.0
129.0
201.0
336.0
107.0
252.0
60.0
78.5
248.0
26.9
236.0
171.0
126.0
197.0
83.3
181.0
182.0
153.0
185.0
256.0
56.5
266.0
273.0
249.0
194.0
24.7
243.0
20.5
158.0
9.6
194.0
119.0
216.0
142.0
214.0
204.0
93.6
225.0
93.0
200.0
237.0
236.0
229.0
264.0
218.0
245.0
278.0
185.0
263.0
307.0
269.0
202.0
204.0
229.0
196.0
236.0
184.0
262.0
242.0
248.0
43.5
243.0
189.0
157.0
200.0
183.0
233.0
60.9
111.0
127.0
34.8
78.3
44.5
241.0
362.0
196.0
209.0
38.1
260.0
132.0
38.8
137.0
277.0
273.0
207.0
206.0
48.8
240.0
211.0
129.0
238.0
98.5
175.0
168.0
148.0
222.0
255.0
221.0
325.0
141.0
161.0
345.0
39.6
156.0
105.0
161.0
247.0
122.0
263.0
218.0
34.1
145.0
155.0
15.4
53.2
210.0
271.0
260.0
185.0
387.0
235.0
234.0
232.0
232.0
226.0
229.0
0.0
267.0
249.0
279.0
72.7
271.0
162.0
62.4
166.0
250.0
273.0
45.2
293.0
237.0
41.2
263.0
219.0
227.0
32.4
84.4
199.0
200.0
168.0
125.0
241.0
217.0
91.2
77.4
182.0
137.0
78.6
148.0
88.0
180.0
12.5
231.0
232.0
197.0
131.0
196.0
118.0
163.0
239.0
233.0
235.0
164.0
229.0
324.0
58.4
255.0
209.0
372.0
236.0
26.3
173.0
177.0
233.0
120.0
224.0
207.0
117.0
269.0
117.0
160.0
30.8
209.0
198.0
164.0
199.0
366.0
141.0
255.0
171.0
247.0
123.0
263.0
82.5
5.7
334.0
170.0
69.9
212.0
71.3
195.0
208.0
256.0
217.0
240.0
112.0
250.0
101.0
69.1
49.4
231.0
176.0
226.0
34.3
229.0
225.0
158.0
51.7
209.0
322.0
