48.6
114.0
7.0
276.0
201.0
275.0
157.0
199.0
122.0
99.4
106.0
157.0
153.0
254.0
96.3
177.0
57.2
125.0
55.0
139.0
64.8
163.0
246.0
106.0
184.0
75.7
106.0
32.9
113.0
213.0
128.0
116.0
82.1
222.0
116.0
84.9
33.9
124.0
124.0
118.0
70.5
88.3
35.2
154.0
50.3
158.0
92.7
267.0
109.0
91.6
62.7
114.0
21.9
272.0
135.0
92.5
126.0
90.6
285.0
235.0
239.0
192.0
92.6
305.0
121.0
74.1
259.0
107.0
243.0
247.0
278.0
124.0
28.3
72.7
241.0
77.4
33.1
110.0
82.5
129.0
143.0
140.0
49.9
40.3
147.0
192.0
100.0
208.0
48.9
83.5
278.0
193.0
142.0
90.8
17.4
40.4
55.7
141.0
289.0
60.1
103.0
70.0
17.9
157.0
133.0
210.0
147.0
237.0
105.0
191.0
229.0
269.0
215.0
142.0
138.0
218.0
31.7
134.0
183.0
294.0
46.8
41.5
168.0
126.0
86.3
224.0
141.0
278.0
274.0
76.3
254.0
59.0
137.0
153.0
88.3
194.0
84.4
89.8
156.0
110.0
87.8
224.0
131.0
42.2
16.5
123.0
277.0
131.0
251.0
134.0
258.0
133.0
209.0
101.0
225.0
99.8
129.0
200.0
125.0
181.0
139.0
101.0
110.0
93.7
138.0
55.3
110.0
12.4
106.0
53.1
56.5
12.4
115.0
78.3
93.0
76.5
99.4
83.5
151.0
130.0
18.6
239.0
117.0
83.2
118.0
76.7
85.8
68.4
298.0
165.0
209.0
266.0
213.0
290.0
105.0
112.0
90.0
79.6
288.0
23.2
160.0
258.0
190.0
142.0
144.0
86.7
69.8
283.0
128.0
71.1
148.0
112.0
216.0
108.0
103.0
206.0
48.2
63.5
77.7
74.8
155.0
186.0
94.8
238.0
132.0
169.0
142.0
121.0
197.0
42.6
150.0
255.0
178.0
171.0
269.0
252.0
64.3
32.6
28.2
141.0
137.0
71.1
59.5
37.9
106.0
46.9
93.1
268.0
0.0
52.7
153.0
286.0
137.0
182.0
218.0
145.0
124.0
149.0
248.0
42.9
101.0
264.0
68.8
60.0
67.6
279.0
254.0
86.4
142.0
112.0
200.0
49.9
89.7
194.0
212.0
103.0
150.0
213.0
139.0
195.0
130.0
259.0
100.0
56.3
122.0
144.0
104.0
235.0
116.0
103.0
47.8
32.4
163.0
122.0
73.9
234.0
121.0
155.0
122.0
137.0
257.0
96.2
91.2
107.0
160.0
71.2
92.9
181.0
12.6
159.0
193.0
251.0
95.3
98.7
140.0
89.2
116.0
199.0
129.0
127.0
43.2
163.0
152.0
196.0
263.0
83.7
104.0
205.0
137.0
223.0
149.0
93.5
47.2
78.2
76.0
229.0
40.3
179.0
229.0
318.0
110.0
170.0
97.8
263.0
93.2
111.0
124.0
240.0
62.9
72.4
