4.5
77.7
49.6
258.0
182.0
257.0
109.0
181.0
73.5
134.0
48.5
129.0
125.0
236.0
76.0
150.0
65.3
107.0
11.8
96.5
87.6
151.0
228.0
69.0
166.0
75.0
50.2
48.7
97.8
185.0
79.6
79.1
81.4
204.0
101.0
36.6
68.8
83.5
75.9
103.0
17.5
111.0
17.6
136.0
11.2
140.0
37.8
212.0
61.8
43.3
34.9
76.8
33.3
218.0
117.0
115.0
89.3
42.3
267.0
217.0
220.0
174.0
128.0
250.0
106.0
20.5
205.0
70.3
225.0
229.0
260.0
75.7
79.5
35.9
189.0
100.0
56.1
109.0
45.7
87.7
124.0
103.0
30.8
12.6
129.0
174.0
123.0
190.0
24.5
119.0
260.0
165.0
94.1
42.5
80.2
67.2
90.7
113.0
234.0
49.7
66.2
69.3
59.5
129.0
84.3
182.0
99.0
219.0
100.0
173.0
211.0
251.0
188.0
101.0
89.8
200.0
19.7
86.1
165.0
276.0
6.7
7.6
146.0
94.4
109.0
206.0
92.3
224.0
219.0
14.2
236.0
10.5
121.0
135.0
60.8
176.0
83.6
87.5
135.0
95.0
25.7
205.0
82.9
33.4
34.0
108.0
259.0
83.2
233.0
116.0
240.0
107.0
181.0
64.6
197.0
63.0
87.4
182.0
88.7
163.0
111.0
52.8
61.7
45.4
89.5
55.5
61.5
64.3
81.2
19.6
79.4
68.7
78.4
49.2
44.7
61.2
51.1
82.8
102.0
81.2
32.5
221.0
69.0
82.5
99.9
53.9
92.2
28.6
243.0
147.0
182.0
247.0
195.0
272.0
56.5
135.0
53.2
42.9
269.0
77.6
140.0
240.0
162.0
94.1
95.3
49.9
52.9
248.0
80.0
69.8
130.0
64.1
198.0
88.7
97.8
179.0
49.1
11.4
37.8
110.0
133.0
158.0
118.0
219.0
114.0
150.0
118.0
72.6
177.0
13.5
112.0
236.0
150.0
143.0
251.0
234.0
63.6
39.2
23.5
128.0
160.0
21.3
12.4
38.8
57.9
58.5
44.8
250.0
52.7
0.0
105.0
231.0
88.3
154.0
199.0
130.0
75.4
101.0
230.0
67.8
52.7
246.0
19.5
92.5
42.6
261.0
200.0
54.7
100.0
93.3
173.0
61.2
41.4
176.0
194.0
76.0
132.0
195.0
121.0
177.0
115.0
240.0
52.1
18.6
77.6
126.0
67.1
217.0
108.0
55.0
68.0
44.1
135.0
73.5
109.0
216.0
72.6
114.0
145.0
100.0
239.0
91.1
99.6
58.5
142.0
45.1
56.1
163.0
55.0
141.0
166.0
233.0
47.0
61.9
122.0
52.5
139.0
171.0
80.8
111.0
17.4
145.0
103.0
178.0
244.0
119.0
84.8
186.0
95.9
205.0
121.0
56.7
82.4
41.5
12.7
211.0
7.9
161.0
210.0
299.0
61.8
143.0
49.4
245.0
44.9
54.3
106.0
222.0
53.8
95.2
