97.5
84.8
151.0
266.0
210.0
284.0
69.3
199.0
53.5
222.0
66.6
140.0
124.0
232.0
104.0
161.0
133.0
135.0
97.1
103.0
176.0
162.0
256.0
66.1
193.0
130.0
78.8
146.0
116.0
197.0
29.0
71.9
138.0
232.0
110.0
64.8
157.0
90.6
45.0
121.0
83.5
199.0
115.0
164.0
102.0
168.0
69.6
224.0
59.4
68.9
106.0
73.9
141.0
229.0
145.0
203.0
82.2
58.3
268.0
245.0
248.0
202.0
216.0
262.0
118.0
107.0
216.0
74.6
222.0
257.0
287.0
31.7
159.0
97.3
200.0
188.0
153.0
149.0
92.8
85.8
152.0
95.9
119.0
105.0
157.0
201.0
211.0
218.0
127.0
207.0
288.0
176.0
17.7
55.3
160.0
164.0
179.0
125.0
245.0
118.0
94.0
133.0
139.0
141.0
53.3
194.0
6.8
247.0
128.0
201.0
239.0
279.0
199.0
101.0
58.8
228.0
119.0
24.0
192.0
304.0
103.0
105.0
178.0
106.0
197.0
233.0
63.2
235.0
230.0
96.6
264.0
91.9
141.0
163.0
106.0
203.0
123.0
115.0
146.0
115.0
105.0
233.0
26.3
121.0
147.0
117.0
287.0
81.3
261.0
144.0
268.0
118.0
193.0
66.3
208.0
73.6
96.1
210.0
81.6
191.0
122.0
45.1
45.4
54.3
18.7
123.0
38.6
177.0
109.0
112.0
167.0
164.0
85.5
103.0
62.4
113.0
52.1
127.0
75.3
79.3
129.0
249.0
39.6
122.0
128.0
108.0
137.0
78.3
255.0
175.0
193.0
275.0
223.0
300.0
50.9
223.0
96.2
86.7
297.0
157.0
167.0
268.0
173.0
41.4
44.2
84.8
121.0
259.0
55.3
138.0
158.0
53.2
225.0
117.0
126.0
190.0
132.0
104.0
99.1
198.0
157.0
170.0
206.0
247.0
142.0
178.0
152.0
36.3
188.0
112.0
105.0
264.0
161.0
154.0
279.0
244.0
131.0
127.0
131.0
140.0
248.0
78.7
90.3
118.0
48.4
151.0
56.1
278.0
148.0
98.2
0.0
242.0
32.1
166.0
227.0
148.0
37.2
47.5
257.0
156.0
49.1
254.0
112.0
160.0
110.0
289.0
211.0
99.1
112.0
121.0
184.0
141.0
67.2
204.0
222.0
104.0
160.0
223.0
149.0
205.0
127.0
268.0
53.4
96.4
92.2
154.0
88.0
202.0
136.0
44.1
165.0
141.0
147.0
71.6
197.0
244.0
37.4
114.0
233.0
93.1
267.0
119.0
132.0
46.9
170.0
113.0
75.6
190.0
150.0
169.0
177.0
261.0
80.0
82.8
150.0
84.7
227.0
182.0
30.4
137.0
110.0
172.0
64.8
205.0
272.0
207.0
113.0
214.0
88.8
233.0
133.0
77.6
180.0
95.3
89.0
209.0
101.0
189.0
238.0
268.0
59.9
154.0
58.6
273.0
63.4
57.5
134.0
250.0
122.0
183.0
