227.0
155.0
282.0
34.4
107.0
91.2
214.0
72.9
185.0
367.0
181.0
116.0
128.0
31.2
204.0
85.4
241.0
167.0
218.0
142.0
333.0
104.0
70.1
170.0
91.9
214.0
181.0
266.0
152.0
53.7
219.0
174.0
205.0
77.4
143.0
202.0
302.0
154.0
198.0
148.0
215.0
356.0
262.0
135.0
223.0
123.0
195.0
22.1
183.0
186.0
209.0
165.0
281.0
13.4
159.0
360.0
165.0
208.0
42.7
67.9
47.4
99.4
360.0
30.4
144.0
239.0
23.9
163.0
40.6
35.3
52.5
215.0
279.0
200.0
48.1
345.0
258.0
191.0
195.0
174.0
172.0
160.0
250.0
236.0
128.0
111.0
368.0
81.8
247.0
351.0
103.0
66.2
233.0
192.0
279.0
256.0
323.0
123.0
16.2
237.0
206.0
217.0
277.0
104.0
199.0
54.7
238.0
39.9
181.0
87.0
91.0
93.8
42.6
149.0
202.0
73.3
272.0
225.0
120.0
59.7
234.0
237.0
107.0
143.0
354.0
65.8
198.0
15.1
16.3
228.0
55.6
217.0
127.0
143.0
214.0
88.1
198.0
200.0
108.0
150.0
237.0
64.5
213.0
253.0
267.0
138.0
50.7
189.0
78.6
134.0
72.2
126.0
66.0
173.0
35.7
169.0
148.0
107.0
170.0
111.0
133.0
212.0
201.0
204.0
229.0
236.0
220.0
296.0
159.0
244.0
324.0
286.0
159.0
222.0
185.0
214.0
201.0
202.0
208.0
187.0
266.0
58.7
198.0
206.0
175.0
217.0
200.0
213.0
15.3
129.0
54.4
95.3
70.0
115.0
218.0
380.0
214.0
189.0
50.8
278.0
117.0
108.0
84.1
225.0
219.0
187.0
224.0
28.0
185.0
229.0
123.0
196.0
71.0
173.0
186.0
61.4
240.0
236.0
202.0
343.0
114.0
74.4
362.0
89.0
174.0
122.0
126.0
212.0
80.7
244.0
156.0
46.1
92.0
92.4
60.0
29.3
228.0
259.0
278.0
124.0
405.0
216.0
215.0
250.0
197.0
244.0
210.0
76.0
284.0
230.0
244.0
0.0
210.0
95.9
70.5
122.0
214.0
219.0
104.0
311.0
209.0
33.8
244.0
237.0
213.0
104.0
32.1
217.0
137.0
165.0
75.4
259.0
186.0
84.8
68.0
168.0
154.0
113.0
132.0
101.0
139.0
83.4
196.0
212.0
158.0
149.0
165.0
57.7
180.0
214.0
250.0
253.0
97.5
175.0
342.0
104.0
203.0
138.0
389.0
182.0
86.8
191.0
194.0
197.0
138.0
216.0
178.0
107.0
287.0
135.0
73.3
65.7
182.0
174.0
182.0
187.0
384.0
68.2
220.0
135.0
231.0
118.0
209.0
98.8
78.0
351.0
188.0
104.0
158.0
61.1
111.0
180.0
274.0
198.0
221.0
57.5
230.0
119.0
48.3
36.4
192.0
109.0
186.0
42.8
210.0
190.0
175.0
47.9
227.0
340.0
