87.4
76.9
161.0
233.0
202.0
277.0
23.1
166.0
26.7
212.0
58.7
107.0
93.4
199.0
95.9
128.0
125.0
127.0
83.7
70.2
166.0
129.0
248.0
58.3
185.0
122.0
70.9
138.0
83.1
164.0
22.6
64.1
130.0
224.0
77.1
54.7
147.0
71.3
16.8
88.1
73.4
189.0
125.0
156.0
112.0
160.0
59.4
190.0
51.5
57.0
85.4
66.0
131.0
196.0
137.0
193.0
49.6
48.1
235.0
237.0
240.0
194.0
205.0
228.0
84.3
96.7
183.0
66.7
189.0
212.0
279.0
19.8
169.0
89.4
167.0
178.0
146.0
141.0
84.9
46.8
144.0
63.0
109.0
105.0
149.0
194.0
201.0
210.0
119.0
196.0
280.0
143.0
14.8
45.2
150.0
137.0
169.0
91.3
212.0
110.0
86.1
125.0
149.0
107.0
11.2
160.0
26.8
239.0
120.0
193.0
231.0
271.0
166.0
70.7
16.7
173.0
109.0
11.3
185.0
296.0
92.5
94.7
144.0
72.5
187.0
180.0
21.1
202.0
197.0
86.4
256.0
81.7
108.0
155.0
98.0
196.0
116.0
108.0
113.0
81.7
94.9
225.0
6.2
111.0
140.0
84.0
279.0
27.3
253.0
136.0
260.0
84.9
159.0
58.5
175.0
65.7
62.8
202.0
48.2
183.0
88.6
39.7
37.5
44.1
22.2
115.0
32.2
169.0
90.2
102.0
157.0
173.0
77.6
95.2
54.5
106.0
42.0
119.0
29.1
34.9
119.0
241.0
23.9
114.0
120.0
99.9
129.0
68.2
222.0
167.0
160.0
267.0
215.0
292.0
47.8
213.0
88.3
78.8
289.0
167.0
134.0
260.0
140.0
9.5
12.3
76.9
113.0
226.0
25.1
130.0
150.0
31.6
218.0
91.0
118.0
157.0
124.0
93.8
91.2
188.0
124.0
136.0
195.0
239.0
134.0
170.0
118.0
35.7
155.0
102.0
72.4
256.0
128.0
121.0
271.0
211.0
124.0
117.0
120.0
106.0
238.0
68.5
80.1
128.0
40.6
143.0
46.0
270.0
138.0
88.0
32.5
209.0
0.0
133.0
219.0
114.0
26.5
15.6
250.0
146.0
38.9
220.0
102.0
152.0
103.0
281.0
178.0
91.2
78.4
98.9
151.0
131.0
59.3
196.0
214.0
96.0
152.0
215.0
141.0
197.0
93.4
260.0
45.5
86.2
84.3
146.0
80.1
168.0
128.0
41.7
137.0
134.0
113.0
40.9
187.0
236.0
12.3
83.5
222.0
60.2
259.0
111.0
124.0
39.0
162.0
105.0
67.8
183.0
160.0
161.0
144.0
253.0
72.1
74.9
142.0
76.8
217.0
149.0
17.0
103.0
100.0
165.0
16.4
198.0
264.0
197.0
105.0
206.0
55.5
225.0
99.4
69.7
152.0
87.5
78.8
175.0
90.8
181.0
230.0
234.0
52.1
121.0
50.7
227.0
53.3
49.6
107.0
242.0
114.0
173.0
