151.0
78.6
179.0
120.0
88.3
167.0
138.0
50.9
109.0
264.0
104.0
26.1
38.2
86.2
97.5
10.5
139.0
93.8
141.0
65.9
231.0
36.0
113.0
93.3
53.4
111.0
104.0
163.0
75.4
43.8
142.0
98.0
125.0
114.0
66.8
126.0
199.0
77.8
121.0
71.2
139.0
254.0
159.0
71.7
146.0
61.7
119.0
77.4
107.0
110.0
132.0
88.3
178.0
82.9
72.3
259.0
88.2
131.0
122.0
99.8
96.5
78.0
257.0
115.0
67.7
162.0
70.0
86.7
76.2
99.6
126.0
138.0
194.0
124.0
52.9
244.0
155.0
113.0
119.0
97.5
114.0
68.5
174.0
159.0
61.6
83.2
266.0
72.5
144.0
248.0
170.0
29.0
157.0
115.0
199.0
176.0
221.0
37.8
99.1
134.0
100.0
114.0
174.0
23.6
123.0
43.5
162.0
94.9
102.0
62.1
121.0
161.0
51.5
72.4
126.0
57.5
168.0
149.0
82.1
145.0
158.0
160.0
40.6
66.2
252.0
66.3
121.0
88.7
84.3
152.0
124.0
140.0
48.7
80.7
112.0
73.5
105.0
96.6
29.5
73.8
160.0
88.6
137.0
177.0
164.0
61.7
130.0
112.0
143.0
58.4
150.0
49.4
44.3
96.9
55.5
92.5
71.6
87.9
93.9
72.2
56.9
136.0
124.0
128.0
152.0
133.0
144.0
193.0
82.4
167.0
223.0
197.0
82.2
119.0
109.0
111.0
124.0
108.0
132.0
111.0
163.0
105.0
121.0
103.0
95.0
115.0
120.0
137.0
109.0
73.0
45.6
158.0
94.4
183.0
142.0
278.0
112.0
113.0
136.0
198.0
49.1
150.0
25.2
149.0
143.0
111.0
121.0
113.0
109.0
130.0
54.9
119.0
63.4
96.6
106.0
35.0
137.0
159.0
125.0
240.0
46.5
18.3
261.0
130.0
103.0
70.0
49.9
135.0
40.1
168.0
59.2
118.0
24.0
17.3
134.0
98.1
125.0
183.0
175.0
47.5
303.0
139.0
138.0
147.0
121.0
153.0
134.0
160.0
181.0
153.0
167.0
96.2
133.0
0.0
110.0
43.5
138.0
142.0
140.0
208.0
132.0
107.0
167.0
157.0
137.0
171.0
64.7
115.0
60.9
89.0
35.9
179.0
109.0
67.2
76.4
91.2
80.6
105.0
59.5
83.1
62.3
151.0
120.0
136.0
81.6
76.8
88.8
54.3
100.0
138.0
170.0
150.0
18.9
98.2
239.0
126.0
126.0
48.1
288.0
105.0
149.0
100.0
115.0
121.0
78.6
139.0
102.0
51.9
184.0
60.5
17.2
132.0
106.0
97.3
111.0
111.0
282.0
30.3
143.0
59.0
154.0
58.5
132.0
83.4
155.0
249.0
90.6
96.7
81.3
77.1
34.7
104.0
194.0
122.0
144.0
72.7
154.0
76.1
86.4
121.0
116.0
13.8
110.0
114.0
134.0
114.0
85.2
108.0
124.0
239.0
