196.0
159.0
214.0
64.8
29.6
54.7
218.0
43.7
188.0
299.0
169.0
132.0
162.0
49.4
136.0
100.0
173.0
98.8
186.0
154.0
264.0
90.5
30.8
169.0
57.5
145.0
169.0
198.0
131.0
89.8
203.0
179.0
137.0
6.9
140.0
170.0
233.0
148.0
208.0
128.0
184.0
288.0
193.0
66.2
191.0
76.4
164.0
55.4
173.0
165.0
177.0
168.0
212.0
58.9
90.4
292.0
168.0
175.0
59.7
17.2
31.6
35.2
292.0
74.8
132.0
207.0
70.7
170.0
50.0
34.9
46.5
199.0
210.0
169.0
72.6
277.0
189.0
122.0
154.0
177.0
103.0
174.0
219.0
201.0
95.0
40.1
300.0
29.4
178.0
283.0
57.0
102.0
218.0
176.0
211.0
187.0
255.0
150.0
68.3
169.0
138.0
148.0
209.0
120.0
202.0
90.8
222.0
37.6
113.0
43.7
20.5
47.9
78.7
160.0
206.0
37.0
203.0
210.0
49.0
73.7
203.0
205.0
78.1
150.0
286.0
39.8
201.0
56.7
73.4
197.0
40.5
185.0
120.0
74.9
146.0
32.5
130.0
131.0
102.0
134.0
205.0
6.0
215.0
222.0
198.0
143.0
57.4
192.0
43.7
107.0
49.7
143.0
54.7
165.0
91.6
163.0
153.0
35.6
174.0
42.1
149.0
186.0
185.0
178.0
213.0
168.0
195.0
227.0
134.0
212.0
256.0
218.0
151.0
153.0
178.0
145.0
185.0
134.0
211.0
191.0
197.0
25.3
192.0
138.0
106.0
149.0
132.0
182.0
77.0
60.6
76.2
33.9
8.3
69.4
190.0
312.0
145.0
158.0
69.6
209.0
81.4
47.9
85.8
226.0
223.0
156.0
155.0
71.4
189.0
160.0
78.6
188.0
33.1
125.0
118.0
97.5
172.0
204.0
170.0
274.0
90.4
110.0
294.0
22.4
105.0
53.8
110.0
196.0
70.8
213.0
167.0
37.9
94.6
105.0
50.4
42.5
159.0
220.0
209.0
134.0
336.0
184.0
183.0
181.0
181.0
175.0
178.0
62.7
216.0
198.0
228.0
70.1
220.0
111.0
0.0
115.0
199.0
222.0
37.1
242.0
186.0
54.1
212.0
169.0
176.0
53.8
68.4
148.0
149.0
117.0
60.3
191.0
166.0
40.3
17.3
131.0
85.9
20.2
97.4
30.3
129.0
51.4
181.0
181.0
146.0
80.4
145.0
66.7
112.0
188.0
182.0
184.0
113.0
178.0
273.0
27.5
205.0
158.0
321.0
185.0
36.9
122.0
126.0
182.0
69.4
173.0
156.0
66.0
218.0
66.5
109.0
35.8
158.0
147.0
114.0
149.0
315.0
90.1
204.0
120.0
196.0
71.7
212.0
26.2
57.1
283.0
120.0
13.1
161.0
20.8
144.0
157.0
205.0
167.0
189.0
42.7
199.0
50.3
33.6
81.8
180.0
125.0
175.0
45.1
178.0
174.0
107.0
27.7
158.0
272.0
