125.0
59.3
142.0
146.0
97.0
171.0
119.0
64.1
89.2
227.0
85.0
36.4
43.7
112.0
60.1
40.6
91.5
25.2
115.0
46.6
192.0
18.6
143.0
73.9
49.5
73.3
85.0
126.0
34.8
76.6
123.0
78.7
62.8
118.0
40.4
98.6
161.0
58.4
102.0
30.1
113.0
216.0
121.0
42.2
120.0
27.0
92.8
103.0
87.7
93.7
106.0
69.0
140.0
109.0
33.3
220.0
68.8
104.0
148.0
131.0
92.9
88.7
220.0
141.0
27.4
136.0
95.9
67.4
102.0
102.0
129.0
119.0
136.0
97.5
80.1
205.0
117.0
50.4
82.8
78.2
42.4
64.6
148.0
129.0
22.5
69.1
228.0
104.0
106.0
211.0
174.0
56.2
137.0
104.0
137.0
113.0
183.0
32.7
125.0
96.7
62.8
76.5
137.0
26.6
103.0
73.3
142.0
91.2
32.7
59.9
125.0
165.0
78.7
53.0
107.0
67.6
132.0
129.0
65.2
191.0
132.0
134.0
24.1
46.9
214.0
78.4
102.0
115.0
110.0
126.0
123.0
114.0
8.9
45.6
74.1
90.1
62.7
59.1
13.9
43.5
134.0
120.0
118.0
151.0
126.0
35.3
174.0
92.9
148.0
15.7
154.0
28.6
67.2
77.6
88.2
73.2
52.2
96.6
74.6
77.2
41.8
116.0
105.0
108.0
133.0
95.7
124.0
156.0
45.0
141.0
184.0
144.0
62.8
81.5
89.3
73.2
105.0
59.6
112.0
91.6
125.0
136.0
102.0
66.0
32.4
77.1
57.8
111.0
135.0
54.2
72.8
162.0
109.0
187.0
119.0
240.0
74.3
86.8
184.0
136.0
20.4
154.0
48.1
129.0
123.0
84.9
83.5
139.0
89.7
86.0
20.3
100.0
72.7
34.0
43.6
69.7
99.7
133.0
99.3
202.0
10.8
49.2
222.0
134.0
31.7
50.7
7.3
116.0
63.0
141.0
60.0
116.0
30.4
32.3
166.0
124.0
87.1
148.0
137.0
12.6
264.0
113.0
112.0
109.0
101.0
101.0
107.0
165.0
144.0
127.0
148.0
122.0
114.0
45.0
114.0
0.0
119.0
123.0
144.0
170.0
113.0
133.0
141.0
94.6
104.0
176.0
90.6
77.2
41.5
26.3
58.8
117.0
89.9
65.0
108.0
53.8
39.8
110.0
18.7
91.8
20.8
155.0
100.0
110.0
49.7
36.0
56.3
75.5
37.7
118.0
108.0
112.0
24.6
78.9
201.0
130.0
107.0
51.0
249.0
86.1
153.0
48.7
52.0
102.0
52.4
101.0
85.2
33.0
146.0
32.5
61.7
148.0
87.1
61.9
42.0
77.5
243.0
56.0
124.0
17.1
124.0
27.1
113.0
92.1
159.0
211.0
40.7
101.0
61.9
86.4
27.4
85.8
131.0
95.5
118.0
82.3
128.0
58.6
82.8
147.0
96.4
41.4
90.4
118.0
107.0
94.3
20.0
104.0
86.4
200.0
