69.1
56.3
141.0
238.0
182.0
256.0
45.5
171.0
27.8
194.0
38.2
112.0
95.4
204.0
75.4
132.0
105.0
106.0
68.6
75.0
147.0
134.0
227.0
37.7
165.0
101.0
50.3
118.0
87.9
168.0
5.2
43.5
109.0
203.0
81.9
36.4
128.0
62.2
21.2
93.0
55.1
171.0
86.3
135.0
91.5
140.0
41.2
195.0
30.9
40.4
77.6
45.4
112.0
201.0
116.0
175.0
53.7
29.9
239.0
216.0
220.0
174.0
187.0
233.0
89.1
78.4
188.0
46.1
194.0
229.0
259.0
7.9
131.0
68.9
172.0
160.0
107.0
120.0
64.3
57.3
124.0
67.4
90.3
77.0
129.0
173.0
183.0
189.0
80.5
178.0
259.0
148.0
18.5
26.9
149.0
136.0
150.0
96.2
217.0
89.1
65.6
104.0
128.0
112.0
29.6
165.0
31.5
218.0
99.4
173.0
210.0
250.0
171.0
72.7
35.1
200.0
95.9
18.7
164.0
276.0
74.2
76.4
149.0
77.3
169.0
205.0
39.5
206.0
202.0
68.2
236.0
63.4
113.0
134.0
77.4
175.0
95.0
86.9
118.0
86.5
76.6
205.0
23.4
92.9
119.0
88.9
259.0
52.8
232.0
115.0
239.0
89.7
164.0
37.9
180.0
45.1
67.7
182.0
53.1
162.0
93.5
8.3
16.9
25.8
22.0
94.9
5.7
149.0
80.6
83.7
139.0
153.0
57.0
74.6
33.9
85.0
23.7
98.5
51.5
50.9
101.0
221.0
13.9
93.8
99.3
79.3
109.0
49.9
226.0
146.0
165.0
247.0
194.0
272.0
13.5
195.0
67.8
58.2
269.0
146.0
139.0
239.0
145.0
39.4
40.7
56.3
92.3
231.0
29.5
109.0
130.0
24.7
197.0
88.1
97.2
162.0
104.0
75.5
70.7
169.0
129.0
141.0
177.0
219.0
113.0
150.0
123.0
3.9
160.0
83.9
76.9
236.0
133.0
126.0
251.0
216.0
103.0
98.8
102.0
111.0
219.0
50.2
61.8
108.0
20.0
122.0
17.0
250.0
137.0
69.7
37.2
214.0
26.5
137.0
199.0
119.0
0.0
45.9
229.0
127.0
20.6
225.0
83.6
132.0
81.9
260.0
182.0
70.7
83.2
92.7
156.0
130.0
38.7
175.0
193.0
75.4
131.0
195.0
120.0
177.0
98.2
240.0
24.9
81.0
63.7
126.0
59.5
173.0
108.0
6.9
119.0
113.0
118.0
43.2
169.0
215.0
15.4
85.5
204.0
64.6
238.0
90.5
104.0
18.5
141.0
84.5
47.2
162.0
122.0
141.0
149.0
232.0
51.6
54.3
121.0
56.3
198.0
154.0
13.3
108.0
81.9
144.0
41.0
177.0
244.0
178.0
84.2
186.0
60.3
204.0
104.0
49.1
151.0
66.9
60.5
180.0
72.5
161.0
210.0
239.0
31.5
125.0
30.1
245.0
22.4
29.0
105.0
221.0
93.1
155.0
