99.3
81.1
173.0
241.0
205.0
280.0
6.8
174.0
40.6
224.0
70.7
116.0
102.0
208.0
108.0
136.0
137.0
124.0
95.6
78.8
177.0
138.0
251.0
70.3
177.0
127.0
82.9
150.0
91.7
172.0
35.4
63.2
135.0
227.0
85.7
66.7
159.0
79.9
28.8
96.7
85.3
201.0
137.0
159.0
124.0
147.0
71.4
199.0
63.5
69.0
97.4
66.6
142.0
204.0
138.0
205.0
58.2
60.1
243.0
240.0
208.0
197.0
217.0
237.0
92.8
109.0
192.0
78.7
198.0
221.0
248.0
39.4
161.0
101.0
176.0
190.0
138.0
143.0
96.9
48.1
144.0
71.6
121.0
107.0
141.0
197.0
213.0
213.0
131.0
208.0
283.0
152.0
30.2
57.2
182.0
149.0
181.0
99.9
221.0
122.0
98.1
130.0
141.0
116.0
23.5
169.0
42.1
216.0
116.0
196.0
234.0
274.0
174.0
79.3
20.2
181.0
121.0
26.7
187.0
299.0
104.0
107.0
153.0
81.1
199.0
189.0
22.4
210.0
206.0
98.4
245.0
93.7
116.0
158.0
110.0
199.0
121.0
113.0
121.0
90.3
107.0
228.0
21.6
123.0
132.0
92.6
252.0
35.3
256.0
128.0
263.0
93.4
168.0
70.4
184.0
77.7
71.4
205.0
56.8
186.0
97.2
51.6
49.5
56.1
37.5
127.0
56.3
161.0
98.7
114.0
169.0
185.0
84.7
107.0
66.5
127.0
53.9
124.0
12.9
35.0
131.0
244.0
35.8
120.0
125.0
112.0
135.0
80.2
230.0
170.0
168.0
270.0
218.0
295.0
59.8
225.0
100.0
90.8
257.0
159.0
142.0
263.0
149.0
9.9
4.1
88.9
125.0
234.0
34.8
142.0
145.0
43.5
187.0
99.6
123.0
165.0
136.0
106.0
103.0
200.0
133.0
145.0
207.0
242.0
133.0
173.0
127.0
47.7
164.0
114.0
81.0
240.0
136.0
130.0
274.0
220.0
136.0
129.0
132.0
115.0
250.0
80.5
92.1
140.0
52.5
155.0
58.0
273.0
170.0
100.0
47.8
218.0
15.6
141.0
222.0
123.0
50.6
0.0
252.0
158.0
50.9
229.0
114.0
164.0
114.0
284.0
186.0
103.0
87.0
107.0
159.0
163.0
71.3
199.0
217.0
108.0
147.0
218.0
136.0
200.0
102.0
263.0
57.5
98.2
84.1
149.0
92.1
177.0
131.0
53.7
149.0
126.0
122.0
49.5
199.0
239.0
30.2
92.1
234.0
68.8
262.0
116.0
130.0
51.0
165.0
117.0
79.7
162.0
172.0
164.0
152.0
256.0
84.1
86.9
141.0
88.8
229.0
158.0
31.1
112.0
132.0
151.0
14.0
201.0
267.0
209.0
107.0
209.0
64.1
228.0
108.0
81.7
164.0
99.4
90.8
184.0
103.0
184.0
198.0
243.0
55.9
129.0
62.7
236.0
65.2
61.6
115.0
245.0
126.0
185.0
