226.0
189.0
244.0
69.0
52.6
30.9
248.0
87.2
218.0
329.0
200.0
162.0
192.0
90.1
166.0
131.0
203.0
129.0
216.0
184.0
294.0
121.0
34.6
199.0
87.6
175.0
200.0
228.0
161.0
120.0
233.0
209.0
167.0
30.2
170.0
200.0
263.0
179.0
238.0
158.0
214.0
318.0
223.0
96.3
221.0
106.0
194.0
96.1
203.0
195.0
207.0
198.0
242.0
95.1
120.0
322.0
198.0
205.0
60.8
36.2
72.3
66.2
322.0
81.4
162.0
237.0
122.0
201.0
105.0
75.6
54.8
229.0
240.0
199.0
103.0
307.0
219.0
153.0
184.0
207.0
133.0
204.0
249.0
231.0
125.0
64.9
330.0
62.8
208.0
313.0
33.1
132.0
248.0
206.0
241.0
217.0
285.0
180.0
90.0
199.0
168.0
178.0
239.0
150.0
233.0
121.0
252.0
78.3
143.0
73.8
23.7
24.1
109.0
191.0
236.0
80.6
234.0
240.0
73.8
71.6
233.0
235.0
108.0
181.0
316.0
85.8
231.0
89.4
108.0
227.0
48.9
216.0
150.0
105.0
176.0
62.6
160.0
161.0
132.0
164.0
235.0
46.7
245.0
252.0
228.0
173.0
53.4
222.0
27.1
138.0
34.1
173.0
98.3
195.0
122.0
193.0
184.0
60.4
204.0
72.2
179.0
216.0
215.0
209.0
243.0
198.0
225.0
258.0
164.0
242.0
286.0
248.0
181.0
183.0
208.0
175.0
215.0
164.0
241.0
221.0
227.0
44.5
222.0
168.0
136.0
179.0
162.0
212.0
90.3
90.7
106.0
10.9
45.1
45.5
220.0
342.0
176.0
188.0
63.5
240.0
111.0
10.3
116.0
256.0
253.0
186.0
186.0
78.2
219.0
190.0
109.0
218.0
73.8
155.0
148.0
128.0
202.0
234.0
201.0
304.0
120.0
141.0
324.0
15.9
136.0
83.9
140.0
226.0
101.0
243.0
197.0
54.4
125.0
135.0
45.3
82.6
189.0
250.0
239.0
164.0
366.0
214.0
213.0
211.0
211.0
205.0
208.0
44.1
246.0
229.0
258.0
102.0
250.0
141.0
37.0
145.0
229.0
252.0
0.0
272.0
216.0
70.6
242.0
199.0
206.0
26.0
116.0
178.0
179.0
147.0
104.0
221.0
196.0
70.4
55.7
161.0
116.0
38.1
127.0
59.3
160.0
31.5
211.0
211.0
176.0
111.0
175.0
96.8
142.0
218.0
212.0
214.0
144.0
208.0
303.0
13.9
235.0
188.0
351.0
215.0
18.9
152.0
156.0
212.0
99.5
203.0
186.0
96.1
248.0
96.6
140.0
39.6
188.0
177.0
144.0
179.0
345.0
120.0
234.0
150.0
226.0
102.0
242.0
54.5
38.4
313.0
150.0
43.1
191.0
61.5
174.0
187.0
235.0
197.0
219.0
91.2
229.0
72.4
74.3
77.6
210.0
155.0
205.0
63.7
208.0
205.0
137.0
68.4
188.0
302.0
