65.8
133.0
49.3
302.0
226.0
300.0
164.0
225.0
129.0
76.6
104.0
182.0
178.0
279.0
122.0
203.0
82.5
150.0
80.2
152.0
22.4
188.0
271.0
124.0
209.0
101.0
105.0
72.9
138.0
238.0
135.0
134.0
107.0
247.0
141.0
91.8
11.0
150.0
131.0
143.0
72.7
45.9
60.5
179.0
75.6
184.0
93.0
292.0
117.0
98.5
90.1
132.0
40.8
298.0
160.0
50.1
144.0
97.5
310.0
260.0
264.0
218.0
69.8
330.0
146.0
67.4
285.0
125.0
268.0
273.0
303.0
131.0
60.0
91.1
266.0
34.9
80.3
135.0
101.0
143.0
168.0
158.0
43.2
57.8
173.0
217.0
57.8
233.0
74.2
60.7
303.0
218.0
149.0
97.7
52.6
72.1
32.9
166.0
314.0
85.4
121.0
95.3
56.9
182.0
139.0
235.0
154.0
262.0
130.0
217.0
254.0
294.0
241.0
168.0
145.0
244.0
47.6
141.0
208.0
320.0
56.5
53.1
194.0
152.0
43.8
249.0
148.0
303.0
299.0
69.6
280.0
77.1
162.0
178.0
114.0
219.0
110.0
115.0
181.0
136.0
81.1
249.0
138.0
35.5
51.6
148.0
303.0
138.0
276.0
159.0
283.0
158.0
234.0
120.0
250.0
118.0
143.0
226.0
144.0
206.0
164.0
108.0
117.0
101.0
145.0
80.6
117.0
40.2
131.0
46.5
14.3
44.6
134.0
104.0
99.9
102.0
106.0
109.0
158.0
136.0
47.9
265.0
124.0
109.0
143.0
102.0
111.0
83.8
323.0
190.0
235.0
291.0
238.0
316.0
112.0
69.8
108.0
98.1
313.0
54.9
185.0
283.0
215.0
149.0
151.0
105.0
95.1
308.0
135.0
96.4
174.0
119.0
241.0
133.0
128.0
232.0
73.5
56.8
93.0
52.0
180.0
211.0
52.3
263.0
157.0
194.0
167.0
128.0
222.0
48.3
168.0
280.0
203.0
196.0
295.0
277.0
89.6
30.6
45.3
167.0
94.5
76.5
84.8
63.2
113.0
76.4
100.0
294.0
43.4
63.9
160.0
311.0
143.0
207.0
243.0
171.0
131.0
156.0
273.0
0.0
108.0
289.0
62.2
91.7
92.9
304.0
279.0
110.0
156.0
138.0
226.0
81.6
96.6
219.0
237.0
128.0
175.0
239.0
164.0
221.0
155.0
284.0
107.0
81.6
148.0
170.0
122.0
260.0
142.0
110.0
79.5
61.9
188.0
129.0
51.1
259.0
128.0
181.0
79.3
155.0
282.0
121.0
116.0
114.0
185.0
96.5
111.0
206.0
26.9
185.0
219.0
276.0
102.0
117.0
165.0
108.0
73.6
224.0
136.0
152.0
68.5
188.0
159.0
221.0
288.0
60.9
129.0
230.0
151.0
248.0
174.0
112.0
78.8
96.7
70.8
254.0
58.2
205.0
254.0
343.0
117.0
196.0
105.0
289.0
100.0
109.0
149.0
265.0
88.2
29.9
