51.4
53.8
105.0
235.0
169.0
243.0
49.8
168.0
32.1
176.0
17.4
109.0
92.9
201.0
62.4
130.0
79.8
93.4
51.0
72.5
130.0
131.0
215.0
35.2
152.0
88.1
30.3
82.2
85.4
166.0
23.4
41.0
96.5
190.0
79.4
18.8
111.0
59.6
25.5
90.4
37.4
153.0
76.4
122.0
56.1
127.0
23.5
193.0
28.4
21.1
49.5
42.9
94.6
198.0
103.0
157.0
51.2
12.2
253.0
203.0
207.0
161.0
170.0
231.0
86.6
60.8
185.0
43.6
191.0
216.0
246.0
19.1
121.0
50.5
169.0
142.0
89.6
107.0
52.6
54.8
111.0
64.9
72.7
69.3
116.0
160.0
165.0
176.0
70.6
160.0
246.0
145.0
37.8
9.3
114.0
101.0
133.0
93.6
214.0
64.3
52.6
83.9
101.0
110.0
33.9
163.0
42.7
205.0
86.4
160.0
197.0
237.0
168.0
70.2
39.4
187.0
73.2
29.9
151.0
263.0
56.6
58.8
147.0
74.8
151.0
192.0
43.8
204.0
199.0
50.5
223.0
45.8
110.0
122.0
64.5
162.0
82.0
74.0
115.0
84.0
59.0
192.0
32.5
75.3
91.5
86.3
246.0
50.3
219.0
102.0
226.0
87.2
162.0
35.4
177.0
42.6
65.1
169.0
50.6
149.0
90.9
6.2
11.9
8.2
33.2
70.1
16.4
113.0
67.6
66.0
121.0
118.0
54.5
63.8
13.3
75.7
5.7
85.5
55.8
48.3
90.8
208.0
18.1
80.8
86.3
68.5
107.0
32.3
224.0
133.0
162.0
234.0
181.0
259.0
11.5
177.0
54.8
46.5
256.0
111.0
126.0
226.0
142.0
43.7
45.0
33.6
67.5
228.0
47.1
84.4
117.0
22.2
184.0
75.1
84.2
159.0
78.9
57.9
52.4
152.0
126.0
139.0
160.0
206.0
100.0
137.0
105.0
16.3
157.0
66.2
74.3
223.0
130.0
123.0
238.0
213.0
78.2
81.2
84.4
109.0
202.0
32.6
44.2
80.1
17.5
97.3
10.1
237.0
109.0
52.1
48.4
211.0
37.9
135.0
186.0
117.0
19.2
50.2
216.0
110.0
0.0
223.0
66.0
107.0
57.1
247.0
180.0
57.7
80.7
79.7
153.0
94.7
19.3
162.0
180.0
62.5
118.0
182.0
107.0
164.0
95.7
227.0
8.6
52.9
61.2
113.0
57.0
171.0
94.7
10.0
102.0
85.4
116.0
40.7
151.0
202.0
22.2
83.0
187.0
62.1
225.0
77.5
90.8
8.0
128.0
59.7
44.7
149.0
112.0
128.0
146.0
220.0
31.5
51.8
108.0
43.5
181.0
151.0
24.5
97.8
72.0
131.0
45.3
164.0
231.0
161.0
71.2
173.0
57.8
191.0
102.0
46.6
124.0
56.0
42.9
197.0
54.9
148.0
197.0
237.0
29.0
123.0
13.2
232.0
17.4
14.2
92.3
209.0
68.3
137.0
