243.0
169.0
260.0
12.6
85.7
57.4
228.0
57.9
199.0
346.0
194.0
129.0
142.0
26.8
183.0
99.0
220.0
146.0
233.0
156.0
311.0
117.0
36.3
183.0
69.9
192.0
194.0
245.0
178.0
67.4
232.0
188.0
184.0
61.0
157.0
217.0
280.0
168.0
212.0
161.0
231.0
334.0
240.0
113.0
238.0
101.0
211.0
32.8
197.0
212.0
224.0
178.0
259.0
24.5
137.0
339.0
178.0
222.0
14.4
45.8
30.4
77.8
339.0
22.6
158.0
254.0
44.3
177.0
37.6
19.5
18.7
228.0
257.0
216.0
50.6
324.0
236.0
169.0
201.0
188.0
150.0
174.0
266.0
248.0
106.0
89.8
346.0
52.6
225.0
330.0
69.1
79.9
247.0
223.0
258.0
234.0
302.0
137.0
19.4
215.0
184.0
195.0
256.0
118.0
213.0
68.4
252.0
26.9
160.0
65.0
74.6
60.0
56.3
162.0
216.0
51.3
250.0
239.0
98.7
37.2
250.0
252.0
95.4
156.0
332.0
52.9
212.0
18.8
37.3
244.0
21.8
232.0
141.0
122.0
193.0
66.5
177.0
178.0
122.0
181.0
252.0
48.1
227.0
269.0
245.0
152.0
22.8
202.0
44.8
154.0
38.3
140.0
59.9
187.0
56.1
183.0
162.0
85.3
184.0
89.1
147.0
226.0
214.0
225.0
242.0
215.0
234.0
274.0
181.0
259.0
303.0
265.0
172.0
200.0
199.0
192.0
214.0
180.0
222.0
201.0
244.0
36.6
211.0
185.0
153.0
196.0
179.0
229.0
23.3
108.0
61.1
61.5
53.6
81.4
237.0
358.0
192.0
205.0
33.1
256.0
101.0
73.8
79.1
239.0
233.0
203.0
202.0
19.2
199.0
207.0
103.0
209.0
47.8
172.0
164.0
75.0
219.0
251.0
217.0
321.0
110.0
88.1
341.0
55.2
152.0
101.0
139.0
225.0
68.7
260.0
169.0
19.9
106.0
106.0
26.2
12.0
206.0
267.0
256.0
138.0
383.0
231.0
230.0
228.0
211.0
222.0
225.0
42.2
263.0
245.0
257.0
31.5
224.0
110.0
54.1
136.0
228.0
232.0
70.6
289.0
233.0
0.0
259.0
216.0
223.0
70.2
45.8
195.0
151.0
164.0
69.3
238.0
213.0
62.8
55.0
178.0
133.0
74.3
111.0
79.8
152.0
49.6
210.0
228.0
172.0
127.0
179.0
51.6
159.0
235.0
229.0
231.0
111.0
188.0
320.0
70.0
217.0
152.0
368.0
196.0
53.0
169.0
173.0
211.0
116.0
220.0
203.0
85.1
265.0
113.0
87.0
31.8
205.0
194.0
160.0
196.0
362.0
81.9
233.0
149.0
243.0
95.9
223.0
77.2
44.2
330.0
167.0
65.1
171.0
45.7
125.0
204.0
252.0
214.0
236.0
49.0
246.0
97.2
35.3
29.6
206.0
123.0
200.0
9.0
225.0
204.0
154.0
26.4
205.0
319.0
