24.2
91.0
77.8
272.0
196.0
270.0
122.0
195.0
86.8
131.0
61.9
142.0
139.0
249.0
89.3
163.0
78.6
120.0
31.7
110.0
84.2
164.0
241.0
82.4
179.0
88.4
63.6
71.8
111.0
199.0
93.0
92.4
94.7
217.0
114.0
50.0
65.4
96.9
89.2
116.0
30.8
108.0
36.2
149.0
30.9
154.0
51.2
226.0
75.2
56.6
48.3
90.1
49.2
231.0
130.0
112.0
103.0
55.7
280.0
230.0
234.0
188.0
124.0
263.0
119.0
9.1
218.0
83.6
238.0
243.0
273.0
89.0
92.8
49.3
202.0
96.8
79.2
122.0
59.1
101.0
138.0
116.0
23.3
31.8
143.0
187.0
120.0
203.0
61.7
115.0
273.0
178.0
107.0
55.9
82.2
90.3
87.3
127.0
247.0
63.0
79.5
82.6
78.0
143.0
97.6
196.0
112.0
232.0
113.0
187.0
224.0
264.0
201.0
114.0
103.0
214.0
30.6
99.5
178.0
289.0
17.1
21.9
160.0
108.0
106.0
219.0
106.0
237.0
232.0
16.3
250.0
30.5
135.0
148.0
74.2
189.0
97.0
101.0
148.0
108.0
24.2
219.0
96.2
29.9
62.3
121.0
273.0
96.5
246.0
129.0
253.0
120.0
195.0
77.9
210.0
76.3
101.0
195.0
102.0
176.0
124.0
66.2
75.1
58.7
103.0
68.9
74.8
69.8
94.6
15.7
75.9
74.2
91.7
62.6
58.0
74.5
64.5
96.1
116.0
94.5
52.8
234.0
82.3
95.8
113.0
67.3
106.0
42.0
257.0
160.0
195.0
261.0
208.0
286.0
69.9
132.0
66.5
56.2
283.0
84.4
153.0
253.0
175.0
107.0
109.0
63.3
66.3
261.0
93.3
83.2
144.0
77.4
211.0
102.0
111.0
192.0
77.7
8.6
51.2
106.0
146.0
172.0
114.0
233.0
127.0
164.0
132.0
85.9
190.0
20.4
126.0
250.0
163.0
156.0
265.0
247.0
76.9
35.8
39.0
142.0
156.0
26.2
32.3
68.7
71.3
81.3
58.1
263.0
69.0
20.0
118.0
244.0
102.0
168.0
213.0
143.0
88.8
114.0
243.0
64.4
66.0
259.0
0.0
106.0
55.9
274.0
213.0
68.1
114.0
107.0
186.0
93.5
54.7
189.0
207.0
89.4
145.0
209.0
134.0
191.0
129.0
254.0
65.4
49.1
91.0
140.0
80.5
230.0
122.0
68.4
91.1
66.8
149.0
86.9
105.0
229.0
86.0
127.0
141.0
114.0
252.0
104.0
113.0
71.8
155.0
58.5
69.5
176.0
59.0
155.0
179.0
246.0
60.3
75.3
135.0
65.8
135.0
184.0
94.1
125.0
36.3
158.0
117.0
191.0
258.0
115.0
98.1
200.0
109.0
218.0
135.0
70.1
106.0
54.8
22.4
224.0
26.8
174.0
224.0
313.0
75.2
156.0
62.8
258.0
58.2
67.7
119.0
235.0
67.1
91.8
