72.8
108.0
51.3
226.0
151.0
225.0
163.0
150.0
125.0
149.0
99.9
129.0
125.0
204.0
78.7
150.0
27.7
68.0
74.2
121.0
114.0
105.0
196.0
99.7
134.0
40.3
99.9
28.5
95.5
186.0
134.0
110.0
38.3
172.0
98.4
88.2
83.3
107.0
138.0
91.7
73.8
138.0
59.4
104.0
69.6
108.0
86.6
217.0
103.0
94.9
58.4
107.0
80.2
222.0
79.0
142.0
126.0
93.9
235.0
185.0
189.0
142.0
142.0
255.0
103.0
97.2
210.0
101.0
193.0
198.0
228.0
130.0
45.2
66.6
191.0
127.0
20.9
53.5
65.2
123.0
70.8
134.0
90.3
67.5
90.7
142.0
150.0
158.0
52.2
133.0
228.0
165.0
148.0
94.1
45.5
22.1
105.0
113.0
239.0
42.1
79.6
52.4
40.9
129.0
147.0
182.0
153.0
187.0
64.6
142.0
179.0
219.0
197.0
125.0
152.0
169.0
69.7
140.0
133.0
244.0
92.9
73.5
111.0
109.0
136.0
174.0
147.0
228.0
224.0
86.9
205.0
78.3
83.7
103.0
70.7
144.0
54.8
72.2
103.0
92.7
95.3
174.0
145.0
82.7
53.6
105.0
228.0
135.0
201.0
77.8
208.0
107.0
158.0
95.2
197.0
93.6
112.0
150.0
119.0
131.0
113.0
104.0
116.0
97.0
143.0
41.2
113.0
61.8
88.5
102.0
106.0
52.6
110.0
60.3
96.3
58.9
103.0
46.6
157.0
133.0
63.9
189.0
123.0
47.1
61.6
59.1
36.8
71.7
248.0
115.0
182.0
216.0
163.0
241.0
108.0
162.0
73.4
73.5
238.0
44.3
101.0
208.0
162.0
157.0
158.0
80.5
52.2
233.0
132.0
34.4
95.2
118.0
166.0
90.2
61.5
179.0
25.8
94.3
59.7
124.0
97.6
159.0
144.0
188.0
68.6
119.0
83.2
126.0
147.0
81.6
132.0
205.0
117.0
143.0
220.0
202.0
35.5
81.2
70.3
98.0
186.0
74.4
73.3
29.5
112.0
10.4
96.4
218.0
61.8
88.5
159.0
236.0
151.0
155.0
168.0
92.4
129.0
163.0
198.0
92.3
104.0
214.0
102.0
0.0
49.6
229.0
204.0
68.4
113.0
80.7
156.0
25.5
93.0
144.0
162.0
85.1
82.9
163.0
85.6
146.0
93.2
209.0
104.0
56.0
105.0
94.6
97.8
185.0
59.8
107.0
16.6
24.2
135.0
117.0
123.0
184.0
135.0
122.0
171.0
131.0
207.0
61.3
44.2
112.0
110.0
53.2
86.8
131.0
66.3
109.0
166.0
201.0
90.6
92.6
66.6
83.1
165.0
171.0
135.0
83.7
62.5
113.0
158.0
146.0
213.0
133.0
86.3
155.0
120.0
173.0
108.0
87.4
40.0
64.1
79.3
179.0
70.5
129.0
179.0
268.0
110.0
143.0
101.0
213.0
96.5
105.0
70.5
190.0
45.3
122.0
