23.1
60.4
66.3
236.0
160.0
234.0
115.0
159.0
77.2
151.0
52.0
112.0
108.0
213.0
33.1
132.0
25.2
84.3
13.4
79.2
118.0
122.0
205.0
51.8
143.0
35.0
52.0
50.6
72.4
168.0
85.6
61.8
41.3
181.0
75.2
40.4
85.9
66.3
90.5
77.4
25.9
142.0
29.9
113.0
16.9
118.0
38.7
195.0
55.2
47.0
5.6
59.5
64.8
200.0
94.1
146.0
72.0
46.0
244.0
194.0
198.0
152.0
145.0
233.0
80.1
49.3
188.0
53.0
202.0
207.0
237.0
81.7
81.4
18.7
200.0
131.0
41.9
68.8
19.7
75.1
86.1
85.8
61.2
30.5
107.0
151.0
154.0
167.0
12.9
135.0
237.0
148.0
100.0
46.2
82.0
71.1
108.0
96.0
217.0
9.1
48.9
29.3
61.3
112.0
98.8
165.0
105.0
196.0
64.1
151.0
188.0
228.0
170.0
83.5
104.0
178.0
39.5
92.1
142.0
253.0
45.1
47.3
128.0
77.2
140.0
183.0
96.1
206.0
202.0
39.0
214.0
17.4
95.9
112.0
26.3
153.0
43.6
49.0
115.0
69.5
47.4
183.0
97.5
63.8
50.7
82.2
237.0
86.9
210.0
93.0
217.0
89.5
164.0
47.3
180.0
45.8
70.1
159.0
71.4
140.0
93.3
56.5
67.7
49.1
95.5
11.6
65.2
80.2
65.3
54.5
110.0
84.6
61.1
15.3
48.4
24.8
54.8
42.7
106.0
84.9
50.1
198.0
75.0
42.4
77.0
19.4
52.1
23.8
226.0
124.0
165.0
225.0
172.0
250.0
60.2
166.0
28.4
25.6
247.0
79.5
119.0
217.0
145.0
109.0
110.0
32.7
16.6
231.0
86.3
29.8
108.0
70.1
175.0
67.0
62.1
161.0
24.3
46.4
11.9
127.0
114.0
141.0
148.0
197.0
91.1
128.0
101.0
78.6
156.0
54.8
95.2
214.0
133.0
126.0
229.0
211.0
23.6
69.7
62.0
101.0
190.0
26.5
14.9
33.8
63.9
42.7
48.5
227.0
68.6
40.6
111.0
214.0
103.0
137.0
177.0
105.0
81.4
115.0
207.0
94.8
56.4
223.0
54.5
52.4
0.0
238.0
182.0
23.4
83.1
71.6
156.0
63.1
45.1
153.0
171.0
61.9
109.0
173.0
98.1
155.0
89.4
218.0
55.8
6.5
60.4
104.0
49.9
194.0
75.1
58.8
65.6
36.8
118.0
68.9
126.0
193.0
87.2
96.3
175.0
83.0
216.0
55.4
59.5
64.5
119.0
8.8
38.9
140.0
70.9
119.0
148.0
210.0
42.7
44.7
81.9
35.2
169.0
154.0
86.8
85.9
25.5
122.0
110.0
155.0
222.0
136.0
63.1
164.0
78.7
182.0
104.0
39.5
84.3
13.1
31.4
188.0
24.5
138.0
188.0
277.0
62.3
125.0
53.2
222.0
48.6
57.1
83.2
199.0
16.2
126.0
