257.0
220.0
275.0
67.3
104.0
16.5
279.0
118.0
250.0
360.0
231.0
193.0
223.0
94.4
197.0
162.0
234.0
160.0
247.0
215.0
325.0
152.0
45.2
230.0
119.0
206.0
231.0
259.0
192.0
151.0
264.0
240.0
198.0
46.9
201.0
231.0
294.0
210.0
269.0
189.0
245.0
349.0
254.0
127.0
252.0
138.0
225.0
100.0
234.0
226.0
239.0
229.0
273.0
94.7
152.0
353.0
229.0
237.0
59.0
51.7
89.6
96.5
353.0
79.7
193.0
268.0
153.0
232.0
136.0
79.1
51.8
260.0
272.0
230.0
134.0
338.0
250.0
184.0
215.0
239.0
164.0
235.0
280.0
263.0
156.0
108.0
361.0
94.8
239.0
344.0
11.7
164.0
279.0
237.0
272.0
249.0
316.0
211.0
87.2
230.0
199.0
210.0
270.0
181.0
264.0
152.0
284.0
89.6
174.0
105.0
46.1
10.3
140.0
222.0
267.0
112.0
265.0
271.0
117.0
61.4
264.0
266.0
139.0
212.0
347.0
117.0
263.0
88.9
107.0
258.0
54.8
247.0
181.0
136.0
207.0
93.7
191.0
192.0
163.0
195.0
267.0
62.2
276.0
283.0
259.0
204.0
51.7
253.0
27.9
169.0
31.3
204.0
129.0
226.0
153.0
224.0
215.0
104.0
235.0
103.0
210.0
247.0
246.0
240.0
274.0
229.0
256.0
289.0
195.0
274.0
317.0
279.0
213.0
215.0
239.0
206.0
246.0
195.0
273.0
252.0
259.0
53.0
254.0
199.0
168.0
210.0
193.0
243.0
88.6
122.0
137.0
19.9
61.8
23.3
251.0
373.0
207.0
219.0
61.8
271.0
143.0
18.0
147.0
287.0
284.0
217.0
217.0
76.4
250.0
221.0
140.0
249.0
109.0
186.0
179.0
159.0
233.0
266.0
232.0
335.0
152.0
172.0
355.0
31.4
167.0
115.0
171.0
257.0
132.0
274.0
229.0
62.0
156.0
166.0
43.6
82.1
220.0
282.0
271.0
195.0
397.0
246.0
245.0
242.0
243.0
237.0
239.0
32.4
277.0
260.0
289.0
102.0
282.0
172.0
53.8
177.0
260.0
283.0
22.4
303.0
247.0
70.1
274.0
230.0
237.0
0.0
147.0
210.0
210.0
178.0
135.0
252.0
227.0
102.0
87.8
192.0
147.0
60.5
159.0
98.4
191.0
22.7
242.0
242.0
208.0
142.0
206.0
128.0
173.0
249.0
243.0
245.0
175.0
239.0
334.0
36.3
266.0
220.0
382.0
247.0
28.3
183.0
187.0
243.0
131.0
234.0
218.0
127.0
279.0
128.0
171.0
50.2
219.0
208.0
175.0
210.0
376.0
151.0
265.0
181.0
258.0
133.0
274.0
92.8
26.8
344.0
181.0
80.3
222.0
77.0
205.0
218.0
266.0
228.0
251.0
122.0
260.0
112.0
98.0
84.7
241.0
186.0
236.0
63.2
239.0
236.0
168.0
76.3
220.0
333.0
