196.0
124.0
251.0
55.8
75.7
143.0
183.0
41.3
153.0
336.0
149.0
84.2
96.3
22.0
173.0
53.8
210.0
136.0
186.0
111.0
301.0
72.1
72.2
138.0
60.3
182.0
149.0
235.0
120.0
22.1
187.0
143.0
174.0
90.2
112.0
170.0
270.0
123.0
166.0
116.0
184.0
325.0
230.0
103.0
191.0
91.0
164.0
13.2
152.0
154.0
177.0
133.0
249.0
18.7
127.0
329.0
133.0
176.0
57.6
73.6
38.2
67.9
329.0
51.2
113.0
207.0
11.6
132.0
13.1
35.4
61.9
183.0
247.0
168.0
16.5
314.0
226.0
159.0
164.0
142.0
140.0
129.0
219.0
204.0
96.2
79.8
336.0
50.3
215.0
320.0
146.0
34.7
202.0
160.0
248.0
224.0
292.0
91.9
34.9
205.0
174.0
185.0
246.0
72.3
167.0
23.2
206.0
30.7
150.0
55.4
97.0
137.0
11.0
117.0
171.0
41.7
240.0
194.0
88.8
80.4
203.0
205.0
75.1
111.0
322.0
34.2
166.0
24.5
20.1
197.0
59.3
185.0
95.8
112.0
183.0
56.6
167.0
168.0
76.6
119.0
205.0
62.4
182.0
222.0
235.0
107.0
66.0
157.0
119.0
103.0
81.5
94.3
34.5
142.0
20.3
137.0
116.0
75.4
139.0
79.1
102.0
181.0
169.0
172.0
197.0
205.0
189.0
264.0
127.0
212.0
293.0
255.0
127.0
190.0
154.0
182.0
169.0
171.0
176.0
156.0
234.0
66.5
166.0
175.0
143.0
186.0
169.0
182.0
44.4
97.6
22.8
134.0
72.2
159.0
186.0
348.0
182.0
158.0
71.6
246.0
85.2
126.0
52.5
193.0
188.0
156.0
192.0
48.8
154.0
197.0
91.1
164.0
39.5
141.0
155.0
29.8
209.0
204.0
170.0
311.0
82.6
42.8
331.0
106.0
142.0
90.8
94.3
180.0
49.2
212.0
124.0
54.0
60.4
60.8
69.4
33.9
196.0
227.0
246.0
92.4
373.0
184.0
183.0
218.0
166.0
212.0
179.0
85.4
253.0
198.0
212.0
32.0
178.0
64.3
85.7
90.6
183.0
187.0
116.0
279.0
177.0
43.2
212.0
206.0
182.0
147.0
0.0
185.0
106.0
134.0
43.8
228.0
154.0
53.2
56.9
136.0
123.0
81.4
101.0
69.8
107.0
127.0
165.0
181.0
126.0
117.0
134.0
26.1
149.0
183.0
219.0
221.0
66.0
143.0
310.0
102.0
171.0
107.0
358.0
150.0
125.0
159.0
163.0
166.0
106.0
184.0
147.0
75.5
255.0
104.0
41.8
67.8
150.0
142.0
150.0
156.0
352.0
36.7
188.0
104.0
199.0
86.3
177.0
67.2
131.0
320.0
157.0
72.7
126.0
52.1
79.6
149.0
242.0
166.0
189.0
25.9
199.0
87.2
39.1
57.2
161.0
77.6
155.0
50.1
179.0
159.0
144.0
48.2
195.0
309.0
