50.3
35.1
84.3
208.0
132.0
206.0
103.0
131.0
68.3
169.0
40.5
79.9
76.4
185.0
9.7
101.0
43.3
56.3
40.6
61.9
130.0
90.1
177.0
40.3
115.0
21.4
40.5
68.6
36.5
137.0
74.1
50.3
29.8
153.0
39.3
40.8
104.0
47.8
79.0
41.5
38.2
154.0
58.2
85.4
45.7
89.5
26.0
198.0
43.7
35.9
29.1
48.0
82.9
203.0
66.1
158.0
60.5
46.5
216.0
166.0
170.0
124.0
163.0
236.0
44.2
61.7
191.0
27.6
174.0
179.0
209.0
70.2
99.4
21.3
172.0
143.0
60.0
39.8
9.0
63.6
73.8
74.3
73.6
58.8
78.7
123.0
166.0
139.0
35.2
153.0
209.0
116.0
88.6
46.7
100.0
89.2
126.0
64.3
220.0
24.8
8.5
20.7
79.4
80.4
87.3
133.0
93.5
168.0
34.7
123.0
160.0
200.0
139.0
65.8
92.8
150.0
67.8
80.6
114.0
225.0
57.4
59.6
95.6
49.8
152.0
155.0
87.2
209.0
205.0
51.4
186.0
39.9
60.1
84.4
7.0
125.0
20.1
15.3
79.0
33.6
59.8
155.0
86.0
76.2
68.8
46.3
209.0
78.0
182.0
65.0
189.0
56.4
132.0
35.8
148.0
24.6
52.8
131.0
59.9
112.0
62.2
57.0
56.2
49.5
84.0
33.6
65.7
98.3
23.2
66.9
122.0
103.0
27.3
8.7
48.8
13.6
56.1
22.6
97.3
76.0
68.1
170.0
63.5
17.9
49.2
9.4
33.0
36.2
229.0
96.4
133.0
197.0
144.0
222.0
60.7
178.0
5.1
14.3
219.0
97.5
89.4
189.0
113.0
97.2
98.4
19.9
15.2
214.0
74.8
36.4
79.7
58.6
147.0
30.7
32.7
130.0
42.4
58.7
20.7
145.0
82.3
109.0
160.0
169.0
63.1
99.7
67.8
67.0
128.0
67.1
73.3
186.0
101.0
93.9
201.0
183.0
31.1
82.0
80.1
64.7
203.0
38.9
37.8
51.9
52.4
60.8
49.0
199.0
86.7
52.9
99.2
217.0
91.4
105.0
149.0
68.8
69.9
104.0
179.0
113.0
56.8
195.0
66.8
70.5
23.5
210.0
185.0
0.0
65.8
35.3
124.0
81.1
37.0
125.0
143.0
18.0
81.1
145.0
70.1
127.0
53.5
190.0
51.7
30.0
31.1
75.7
20.6
166.0
57.6
59.2
83.6
54.9
86.2
57.4
144.0
165.0
75.7
78.6
187.0
71.5
188.0
26.0
30.1
53.0
91.3
15.7
27.4
112.0
89.0
90.5
117.0
182.0
29.3
15.4
71.1
9.9
182.0
122.0
75.3
50.0
53.8
93.9
98.8
127.0
194.0
154.0
24.4
136.0
60.5
154.0
72.4
18.7
102.0
17.1
43.7
160.0
53.3
110.0
160.0
249.0
50.8
93.6
45.9
194.0
49.1
45.5
55.2
171.0
22.2
138.0
