97.4
25.2
140.0
160.0
134.0
208.0
84.6
93.3
55.1
225.0
51.0
34.4
24.8
127.0
58.3
55.0
99.3
52.3
87.7
5.6
178.0
56.6
179.0
39.8
95.8
71.5
51.0
124.0
36.2
91.0
88.8
44.6
79.9
155.0
19.5
72.2
159.0
24.4
68.0
22.8
85.3
201.0
120.0
87.4
92.8
66.1
65.5
118.0
53.6
56.2
78.9
34.9
138.0
123.0
66.1
205.0
34.8
77.9
162.0
168.0
126.0
126.0
218.0
156.0
19.2
109.0
110.0
33.3
117.0
140.0
166.0
84.8
155.0
70.2
94.5
190.0
116.0
71.6
65.7
44.1
72.5
23.6
121.0
106.0
60.4
125.0
213.0
141.0
104.0
209.0
211.0
70.6
103.0
61.7
156.0
134.0
181.0
18.8
139.0
94.9
61.1
74.8
135.0
34.8
69.2
87.7
108.0
135.0
60.0
104.0
162.0
202.0
93.1
12.0
72.6
99.9
115.0
95.3
116.0
227.0
105.0
107.0
71.9
12.8
199.0
108.0
68.0
129.0
125.0
98.5
164.0
87.0
35.2
86.4
72.3
127.0
65.4
57.4
40.1
34.8
107.0
157.0
83.6
123.0
124.0
14.4
171.0
58.8
184.0
56.6
191.0
12.3
86.7
43.5
103.0
39.1
13.4
133.0
40.5
114.0
12.2
82.3
70.9
74.2
98.7
94.0
90.3
154.0
43.2
114.0
169.0
158.0
28.8
76.0
55.3
71.4
70.8
68.9
78.1
57.5
124.0
172.0
67.8
64.2
53.6
75.3
78.9
83.3
149.0
98.4
87.2
199.0
146.0
224.0
88.1
225.0
72.5
59.5
176.0
153.0
61.1
191.0
67.6
95.2
89.3
57.6
81.8
153.0
55.6
90.8
61.0
66.0
106.0
44.1
64.7
84.1
98.0
106.0
72.0
200.0
51.5
63.9
208.0
171.0
61.8
102.0
42.8
81.7
82.5
114.0
19.0
158.0
55.3
48.4
203.0
138.0
85.4
129.0
136.0
33.9
250.0
86.0
84.9
107.0
67.4
114.0
80.4
201.0
142.0
100.0
114.0
137.0
80.0
59.9
151.0
41.9
84.6
88.8
181.0
168.0
79.0
148.0
114.0
116.0
83.3
212.0
105.0
75.4
0.0
47.5
78.3
137.0
55.9
110.0
145.0
52.0
75.6
146.0
53.8
129.0
20.8
192.0
66.4
82.4
28.2
77.7
35.4
95.9
58.9
84.3
129.0
110.0
40.7
44.8
199.0
167.0
73.1
16.4
234.0
29.1
190.0
60.9
73.1
67.7
93.3
85.8
48.5
80.5
145.0
73.3
71.2
184.0
52.2
43.9
69.8
57.6
229.0
76.5
90.0
30.3
101.0
67.9
79.0
129.0
196.0
209.0
51.3
138.0
27.9
119.0
26.8
50.5
158.0
68.2
90.8
103.0
100.0
112.0
116.0
162.0
62.4
48.1
56.3
155.0
80.5
60.2
43.8
138.0
84.7
185.0
