91.0
45.2
108.0
176.0
101.0
175.0
104.0
99.5
74.6
193.0
64.6
64.6
61.1
154.0
25.9
85.2
67.4
21.3
81.3
48.9
158.0
42.9
146.0
64.4
83.7
39.6
64.6
92.3
14.8
121.0
98.2
64.2
36.9
122.0
26.3
64.9
128.0
34.7
87.6
13.8
79.0
182.0
87.7
54.2
86.4
44.1
59.1
148.0
67.8
60.0
72.5
54.4
107.0
153.0
35.0
186.0
54.3
70.6
185.0
135.0
139.0
92.4
186.0
186.0
17.4
102.0
141.0
53.3
143.0
147.0
178.0
94.3
123.0
63.8
141.0
171.0
83.7
40.5
42.9
63.6
41.5
60.3
114.0
95.7
38.4
91.8
194.0
108.0
72.6
177.0
178.0
101.0
113.0
70.8
124.0
103.0
149.0
49.0
170.0
63.0
28.7
42.9
103.0
65.0
88.7
118.0
118.0
137.0
11.5
91.5
129.0
169.0
123.0
52.7
92.1
119.0
97.9
105.0
82.7
194.0
98.1
100.0
48.3
36.7
180.0
124.0
87.5
159.0
155.0
92.1
154.0
80.6
16.7
53.2
40.4
93.8
28.5
25.5
35.6
20.3
100.0
124.0
110.0
117.0
92.5
22.6
178.0
78.4
151.0
25.6
158.0
42.6
117.0
59.9
133.0
59.1
39.7
100.0
60.0
80.8
48.5
81.2
80.3
73.6
108.0
62.1
89.8
122.0
16.3
108.0
150.0
126.0
37.6
47.8
72.9
39.5
80.2
28.7
97.6
77.0
91.8
139.0
87.3
32.3
15.3
43.4
47.9
76.9
179.0
65.2
117.0
166.0
113.0
190.0
84.9
206.0
34.4
53.1
188.0
121.0
42.3
158.0
97.8
115.0
109.0
51.3
49.9
184.0
75.1
58.9
42.1
82.7
116.0
7.2
18.9
114.0
66.0
99.5
65.6
168.0
35.0
94.1
188.0
138.0
30.7
68.5
24.3
91.2
96.9
108.0
60.2
155.0
54.7
78.6
169.0
152.0
53.5
115.0
104.0
27.1
231.0
79.6
78.5
75.6
76.5
82.2
73.1
168.0
110.0
93.7
123.0
167.0
99.6
90.2
118.0
25.4
94.0
108.0
148.0
137.0
80.9
164.0
108.0
84.8
70.5
179.0
135.0
37.3
48.3
0.0
108.0
105.0
61.1
94.2
112.0
19.6
44.5
113.0
33.3
95.5
20.8
159.0
75.8
76.0
32.6
44.5
33.2
135.0
27.8
83.4
97.9
78.5
70.9
64.3
168.0
134.0
99.8
57.8
215.0
71.5
157.0
20.9
28.3
77.1
60.1
67.2
51.5
80.7
113.0
59.4
101.0
151.0
53.4
42.4
38.8
37.6
210.0
107.0
99.4
12.3
90.7
48.3
98.6
95.8
163.0
177.0
10.9
105.0
47.4
123.0
36.6
52.1
126.0
61.8
84.4
129.0
94.0
79.3
129.0
218.0
81.9
78.3
70.0
163.0
73.2
69.7
12.7
140.0
52.8
166.0
