168.0
96.0
196.0
81.8
57.3
131.0
155.0
16.1
126.0
281.0
122.0
56.7
68.8
42.6
115.0
25.4
156.0
85.2
158.0
83.2
248.0
40.3
79.1
111.0
22.5
128.0
122.0
181.0
92.7
39.1
160.0
115.0
123.0
78.1
84.1
143.0
216.0
95.1
139.0
88.5
156.0
272.0
176.0
51.7
164.0
53.2
136.0
55.8
124.0
127.0
150.0
106.0
195.0
61.3
76.8
276.0
106.0
149.0
83.6
65.5
48.3
55.8
275.0
93.8
85.0
179.0
48.5
104.0
31.7
57.1
84.7
156.0
197.0
141.0
29.4
261.0
172.0
109.0
136.0
115.0
89.5
101.0
191.0
177.0
58.4
52.2
284.0
38.2
161.0
266.0
134.0
29.4
174.0
132.0
197.0
174.0
238.0
64.3
77.6
151.0
118.0
131.0
192.0
44.8
140.0
27.0
179.0
46.6
99.2
31.1
85.0
125.0
28.1
89.7
143.0
23.2
186.0
166.0
51.1
106.0
175.0
177.0
43.4
83.5
270.0
29.7
139.0
67.2
62.7
169.0
78.3
158.0
68.2
60.4
129.0
42.6
122.0
114.0
49.1
91.1
178.0
54.3
154.0
194.0
181.0
79.0
92.1
130.0
107.0
70.9
114.0
66.8
9.4
114.0
41.9
110.0
88.9
57.0
111.0
41.3
74.3
153.0
142.0
145.0
169.0
151.0
161.0
210.0
99.8
185.0
240.0
215.0
99.5
136.0
126.0
128.0
142.0
120.0
149.0
128.0
180.0
70.3
139.0
121.0
92.8
132.0
118.0
154.0
87.1
45.6
17.2
122.0
60.1
146.0
159.0
296.0
129.0
130.0
102.0
196.0
53.4
114.0
10.8
166.0
160.0
128.0
138.0
91.4
126.0
147.0
55.4
137.0
29.0
114.0
104.0
33.2
154.0
177.0
143.0
257.0
50.8
21.9
278.0
93.6
91.9
39.0
62.5
152.0
9.2
185.0
96.6
71.1
28.6
33.2
92.2
57.4
142.0
200.0
192.0
64.8
320.0
157.0
156.0
164.0
138.0
162.0
151.0
124.0
199.0
171.0
185.0
74.7
151.0
35.9
73.6
60.0
155.0
159.0
104.0
225.0
150.0
69.3
185.0
155.0
154.0
135.0
43.2
132.0
78.2
106.0
0.0
177.0
127.0
30.9
42.1
109.0
72.3
69.4
63.5
57.7
79.6
115.0
137.0
153.0
98.9
66.9
106.0
17.7
98.1
155.0
168.0
167.0
38.4
116.0
256.0
89.8
144.0
79.4
305.0
123.0
113.0
117.0
112.0
138.0
54.9
157.0
119.0
37.7
201.0
50.5
34.3
86.8
123.0
115.0
100.0
128.0
299.0
12.4
161.0
76.3
172.0
48.5
150.0
55.1
119.0
266.0
108.0
60.6
98.6
42.7
52.1
121.0
192.0
139.0
162.0
24.5
171.0
45.2
38.2
99.8
133.0
50.0
127.0
72.9
151.0
131.0
75.2
59.8
141.0
256.0
