47.4
108.0
40.8
250.0
175.0
249.0
151.0
174.0
116.0
138.0
99.8
153.0
149.0
228.0
79.0
174.0
30.6
92.0
48.8
121.0
104.0
129.0
220.0
99.6
158.0
58.5
99.8
11.8
95.9
210.0
122.0
110.0
62.3
196.0
98.7
78.8
72.8
107.0
118.0
101.0
64.3
127.0
34.0
128.0
44.1
132.0
86.5
241.0
103.0
85.4
56.6
107.0
47.6
246.0
103.0
131.0
120.0
84.4
259.0
209.0
213.0
166.0
131.0
279.0
104.0
87.7
234.0
101.0
217.0
222.0
252.0
118.0
34.7
66.5
215.0
116.0
11.5
77.5
76.3
123.0
94.8
134.0
64.9
42.0
115.0
166.0
139.0
182.0
31.7
122.0
252.0
189.0
136.0
84.6
35.0
10.4
94.6
137.0
263.0
42.8
96.7
52.8
24.0
153.0
126.0
206.0
141.0
211.0
88.5
166.0
203.0
243.0
221.0
125.0
132.0
193.0
44.2
128.0
157.0
268.0
53.8
48.1
135.0
109.0
125.0
198.0
134.0
252.0
248.0
77.4
229.0
52.8
108.0
127.0
71.0
168.0
67.1
72.5
127.0
93.0
85.8
198.0
125.0
57.2
25.2
106.0
252.0
125.0
225.0
102.0
232.0
131.0
182.0
95.2
221.0
93.6
112.0
174.0
119.0
155.0
137.0
94.9
104.0
87.5
132.0
34.3
104.0
51.3
88.8
68.1
95.4
42.0
109.0
61.0
86.8
59.3
93.2
70.5
145.0
123.0
38.4
213.0
111.0
66.0
85.6
59.5
60.8
62.2
272.0
139.0
206.0
240.0
187.0
264.0
98.6
151.0
83.8
73.4
262.0
33.8
125.0
232.0
186.0
136.0
137.0
80.5
52.5
257.0
122.0
58.4
119.0
106.0
190.0
90.5
85.4
203.0
25.7
84.8
68.4
114.0
122.0
182.0
134.0
212.0
92.6
143.0
107.0
115.0
171.0
56.2
133.0
229.0
141.0
167.0
243.0
226.0
47.1
55.7
44.8
122.0
176.0
64.9
53.3
21.5
100.0
18.4
86.9
242.0
41.2
60.7
147.0
260.0
130.0
179.0
192.0
116.0
118.0
143.0
222.0
81.8
94.8
238.0
92.9
24.4
50.3
253.0
228.0
69.1
125.0
105.0
180.0
0.0
83.5
168.0
186.0
85.4
107.0
187.0
110.0
169.0
117.0
233.0
94.2
50.1
105.0
119.0
97.7
209.0
83.8
97.1
7.5
15.8
159.0
116.0
113.0
208.0
115.0
146.0
161.0
131.0
231.0
78.9
68.2
101.0
134.0
54.0
86.7
155.0
55.8
133.0
190.0
225.0
89.1
92.5
90.5
83.0
155.0
195.0
123.0
108.0
37.0
137.0
145.0
170.0
237.0
123.0
86.6
179.0
126.0
197.0
132.0
87.3
29.5
72.1
69.8
203.0
45.1
153.0
203.0
292.0
104.0
167.0
91.6
237.0
87.0
105.0
94.5
214.0
45.7
111.0
