40.8
31.8
94.5
209.0
150.0
224.0
70.2
142.0
34.8
166.0
7.9
83.0
79.4
175.0
43.0
104.0
69.2
74.1
40.3
50.6
119.0
105.0
195.0
29.9
133.0
68.7
7.7
71.5
59.5
140.0
40.9
35.7
77.1
171.0
53.5
8.1
100.0
37.6
45.8
64.5
26.8
142.0
57.9
103.0
45.4
107.0
10.5
166.0
23.1
2.4
38.8
37.6
83.9
172.0
83.9
147.0
45.9
8.5
234.0
184.0
188.0
141.0
159.0
204.0
60.7
50.1
159.0
24.4
165.0
196.0
227.0
37.0
102.0
39.8
143.0
131.0
86.7
88.0
33.2
49.0
91.5
59.6
62.0
48.7
96.4
141.0
154.0
157.0
52.2
150.0
227.0
119.0
55.4
6.2
111.0
90.0
122.0
67.3
188.0
53.6
33.2
73.2
90.0
83.4
54.1
136.0
60.3
186.0
67.0
140.0
178.0
218.0
142.0
54.9
59.6
167.0
67.5
47.4
132.0
243.0
45.9
48.1
120.0
48.5
140.0
173.0
53.6
178.0
173.0
39.8
203.0
35.1
83.8
102.0
45.1
143.0
62.6
54.6
88.7
62.0
48.3
172.0
52.8
64.6
80.8
60.4
226.0
44.5
200.0
82.7
207.0
60.9
135.0
15.3
151.0
20.3
41.5
149.0
45.3
130.0
64.6
22.4
23.0
7.0
50.8
59.4
28.4
110.0
48.3
55.3
111.0
107.0
32.5
53.1
4.3
65.0
12.4
66.1
63.8
42.5
72.4
188.0
30.3
61.4
66.9
57.8
96.0
21.6
198.0
114.0
136.0
214.0
162.0
239.0
23.4
166.0
35.4
27.1
237.0
100.0
107.0
207.0
116.0
64.0
65.2
14.2
56.8
202.0
41.3
73.7
97.4
25.4
165.0
55.7
64.8
133.0
68.2
47.2
41.7
141.0
100.0
112.0
149.0
186.0
80.8
117.0
85.5
33.8
131.0
55.6
69.0
204.0
104.0
97.0
218.0
187.0
67.5
70.5
73.7
82.5
191.0
21.9
33.5
61.6
19.2
86.6
9.9
217.0
98.7
41.4
66.0
185.0
58.2
109.0
166.0
90.4
36.7
70.5
197.0
99.1
18.9
196.0
55.3
96.4
46.5
228.0
154.0
38.3
54.4
60.3
127.0
91.8
0.0
143.0
161.0
43.1
98.9
162.0
87.8
144.0
69.4
208.0
13.4
39.6
39.2
93.4
34.4
144.0
75.3
21.9
90.8
66.9
89.3
34.8
140.0
183.0
42.5
67.7
176.0
56.8
206.0
58.1
71.4
19.8
109.0
49.0
13.6
130.0
93.2
108.0
120.0
200.0
9.0
30.0
88.8
24.1
170.0
125.0
42.1
78.4
53.6
112.0
64.7
145.0
212.0
150.0
51.8
154.0
52.5
172.0
75.4
24.8
113.0
45.4
32.2
178.0
44.2
128.0
177.0
210.0
23.1
96.6
10.7
212.0
15.6
15.6
72.9
189.0
57.7
126.0
