190.0
153.0
208.0
71.2
31.3
84.3
212.0
27.5
183.0
293.0
164.0
99.2
111.0
39.9
130.0
67.9
167.0
93.0
180.0
148.0
258.0
84.8
44.1
163.0
33.1
139.0
164.0
192.0
125.0
60.2
197.0
174.0
131.0
30.1
134.0
164.0
227.0
143.0
202.0
122.0
178.0
282.0
187.0
60.5
186.0
70.7
158.0
45.9
167.0
159.0
172.0
162.0
206.0
74.7
84.7
286.0
162.0
170.0
66.1
30.5
24.7
23.5
286.0
81.2
126.0
201.0
61.8
165.0
45.2
35.3
63.2
193.0
205.0
163.0
43.0
271.0
183.0
117.0
148.0
172.0
97.3
168.0
213.0
196.0
89.3
35.4
294.0
7.1
172.0
277.0
87.6
72.7
212.0
170.0
205.0
182.0
249.0
144.0
70.8
163.0
132.0
143.0
203.0
87.3
197.0
61.2
217.0
28.1
107.0
22.7
37.0
78.5
49.1
155.0
200.0
20.9
198.0
204.0
44.4
104.0
197.0
199.0
72.3
145.0
280.0
26.1
196.0
57.3
76.1
191.0
55.7
180.0
114.0
69.2
140.0
13.2
124.0
125.0
96.2
128.0
200.0
19.3
209.0
216.0
192.0
137.0
72.9
186.0
60.7
102.0
67.7
137.0
38.6
159.0
62.0
157.0
148.0
31.0
168.0
36.4
143.0
180.0
179.0
173.0
207.0
162.0
189.0
222.0
128.0
207.0
250.0
212.0
146.0
148.0
172.0
139.0
179.0
128.0
206.0
185.0
192.0
35.4
187.0
132.0
101.0
143.0
126.0
176.0
80.4
54.9
46.6
57.2
9.1
99.9
184.0
306.0
140.0
152.0
85.1
204.0
75.7
66.0
53.3
220.0
217.0
150.0
150.0
77.8
183.0
154.0
72.8
182.0
14.9
119.0
112.0
67.8
166.0
199.0
165.0
268.0
84.7
80.9
288.0
45.6
99.8
48.1
104.0
190.0
38.3
207.0
162.0
48.5
71.1
75.8
78.9
43.1
153.0
215.0
204.0
128.0
330.0
179.0
178.0
175.0
176.0
170.0
172.0
77.8
210.0
193.0
222.0
68.0
215.0
78.4
17.3
110.0
193.0
216.0
55.7
236.0
180.0
60.5
207.0
163.0
170.0
88.7
56.5
143.0
143.0
111.0
44.1
185.0
160.0
19.3
0.0
125.0
80.2
21.4
91.7
25.4
124.0
68.1
175.0
175.0
141.0
74.7
139.0
37.1
106.0
182.0
176.0
178.0
80.9
172.0
267.0
41.8
199.0
153.0
315.0
180.0
66.5
116.0
120.0
176.0
63.7
167.0
151.0
60.3
213.0
60.8
79.8
49.1
153.0
141.0
108.0
143.0
310.0
60.4
198.0
114.0
191.0
66.0
207.0
22.8
72.1
277.0
114.0
12.6
155.0
11.0
94.6
151.0
199.0
161.0
184.0
31.5
193.0
44.6
19.7
88.2
174.0
92.5
169.0
51.5
172.0
169.0
101.0
34.1
153.0
266.0
