128.0
85.4
146.0
146.0
70.2
144.0
144.0
69.0
115.0
231.0
102.0
91.7
88.2
123.0
68.0
72.6
105.0
24.3
118.0
80.4
196.0
45.7
116.0
102.0
53.2
77.5
102.0
130.0
57.5
127.0
135.0
112.0
69.1
91.6
66.5
102.0
165.0
74.9
140.0
54.4
116.0
220.0
126.0
17.2
124.0
21.3
96.3
136.0
105.0
97.2
110.0
94.6
144.0
142.0
11.0
224.0
94.5
108.0
154.0
104.0
108.0
61.9
224.0
174.0
58.0
140.0
129.0
103.0
112.0
117.0
147.0
131.0
143.0
101.0
110.0
209.0
122.0
29.5
86.3
104.0
11.2
100.0
151.0
134.0
20.0
54.4
232.0
77.7
110.0
215.0
148.0
84.2
150.0
108.0
143.0
120.0
187.0
76.1
158.0
101.0
69.8
80.7
141.0
63.2
129.0
128.0
155.0
106.0
45.0
61.0
98.5
139.0
116.0
86.9
132.0
88.0
136.0
142.0
39.1
164.0
135.0
137.0
41.9
76.9
218.0
93.3
128.0
148.0
143.0
129.0
124.0
118.0
39.8
15.2
78.3
63.3
62.1
63.4
50.5
60.5
138.0
93.1
147.0
154.0
130.0
69.2
147.0
119.0
121.0
24.4
128.0
69.6
77.2
97.1
129.0
95.5
79.9
69.8
100.0
50.4
75.6
118.0
117.0
111.0
145.0
100.0
127.0
160.0
66.5
145.0
188.0
150.0
77.7
85.7
110.0
77.4
117.0
46.8
138.0
117.0
130.0
109.0
125.0
70.2
38.7
81.3
64.1
114.0
168.0
28.2
114.0
135.0
82.6
160.0
122.0
244.0
77.8
90.3
157.0
142.0
34.5
127.0
81.5
158.0
149.0
88.4
87.8
153.0
115.0
92.3
26.6
120.0
85.2
51.0
49.9
135.0
104.0
137.0
103.0
206.0
36.4
76.7
226.0
107.0
19.9
38.1
34.8
128.0
66.5
145.0
93.8
124.0
57.9
65.7
139.0
121.0
91.4
153.0
142.0
50.0
268.0
117.0
116.0
113.0
114.0
108.0
110.0
138.0
148.0
131.0
160.0
155.0
153.0
81.9
87.1
40.2
131.0
148.0
117.0
174.0
118.0
133.0
145.0
101.0
108.0
149.0
124.0
80.7
75.4
43.4
75.6
123.0
98.3
63.7
81.7
63.2
0.0
82.9
21.0
65.0
55.8
128.0
113.0
113.0
72.8
5.7
77.1
104.0
32.1
121.0
114.0
116.0
61.2
104.0
205.0
103.0
137.0
84.8
253.0
112.0
127.0
54.5
58.3
114.0
23.1
105.0
88.7
34.8
151.0
22.3
89.1
121.0
90.6
79.5
16.3
80.9
248.0
89.2
137.0
46.4
129.0
26.4
139.0
65.3
132.0
215.0
52.0
74.2
87.6
92.6
70.2
89.3
138.0
99.0
122.0
98.7
131.0
48.8
98.1
187.0
112.0
78.0
107.0
133.0
110.0
107.0
33.4
110.0
90.6
204.0
