173.0
136.0
190.0
75.4
26.3
97.4
195.0
15.1
165.0
275.0
146.0
87.9
100.0
47.7
113.0
56.7
150.0
75.6
163.0
114.0
241.0
56.5
61.7
146.0
15.5
122.0
146.0
175.0
108.0
57.2
180.0
156.0
114.0
44.7
117.0
147.0
210.0
125.0
185.0
105.0
161.0
264.0
170.0
43.1
168.0
47.5
141.0
53.7
150.0
142.0
154.0
145.0
189.0
71.6
67.3
269.0
145.0
152.0
76.9
48.1
37.6
14.2
269.0
85.4
108.0
184.0
58.8
147.0
42.2
46.5
74.0
176.0
187.0
145.0
39.9
253.0
166.0
99.4
131.0
154.0
79.9
151.0
196.0
178.0
52.7
30.4
276.0
15.7
155.0
260.0
101.0
52.2
194.0
152.0
188.0
164.0
232.0
95.6
87.9
145.0
114.0
125.0
186.0
76.0
179.0
58.2
199.0
35.9
89.6
5.1
51.6
91.6
46.1
121.0
183.0
12.3
180.0
186.0
32.2
117.0
180.0
182.0
42.4
115.0
262.0
23.1
178.0
77.5
73.1
174.0
67.7
162.0
74.0
51.8
123.0
7.9
107.0
108.0
67.9
111.0
182.0
36.9
192.0
199.0
175.0
120.0
83.7
169.0
73.8
84.3
80.8
98.0
24.8
142.0
58.9
140.0
130.0
25.9
151.0
16.7
106.0
163.0
162.0
155.0
190.0
144.0
171.0
204.0
111.0
189.0
233.0
195.0
128.0
130.0
155.0
122.0
162.0
110.0
188.0
168.0
174.0
53.0
169.0
115.0
83.2
126.0
109.0
159.0
97.4
37.5
36.8
88.2
26.7
113.0
167.0
288.0
122.0
135.0
95.9
186.0
48.2
80.6
42.0
203.0
199.0
133.0
132.0
82.0
166.0
137.0
49.7
164.0
17.5
101.0
94.4
64.8
148.0
181.0
147.0
251.0
56.8
53.2
271.0
60.2
82.4
30.7
69.3
173.0
27.0
189.0
128.0
60.5
59.8
64.5
92.1
50.9
136.0
197.0
186.0
76.6
313.0
161.0
160.0
158.0
158.0
152.0
155.0
90.9
193.0
175.0
205.0
85.0
197.0
67.1
40.2
66.8
176.0
199.0
70.3
219.0
163.0
62.8
189.0
145.0
153.0
102.0
53.5
125.0
109.0
93.8
31.0
168.0
143.0
0.0
19.0
108.0
62.7
36.0
57.8
20.4
106.0
81.3
157.0
158.0
123.0
57.3
122.0
27.5
88.6
165.0
159.0
161.0
69.7
155.0
250.0
56.4
182.0
111.0
298.0
162.0
79.7
99.0
103.0
159.0
46.3
150.0
133.0
32.0
195.0
43.4
65.6
66.7
135.0
124.0
90.4
125.0
292.0
49.7
181.0
96.8
173.0
42.8
189.0
21.8
85.3
260.0
96.5
27.3
138.0
27.8
83.3
134.0
182.0
144.0
166.0
28.4
176.0
23.4
27.5
92.3
157.0
81.3
152.0
62.3
155.0
151.0
83.8
49.1
135.0
248.0
