194.0
157.0
211.0
85.0
14.5
69.0
216.0
61.5
186.0
296.0
167.0
124.0
160.0
69.6
133.0
92.3
171.0
96.6
184.0
152.0
262.0
88.3
48.8
167.0
51.1
143.0
167.0
196.0
129.0
94.2
201.0
177.0
135.0
24.7
138.0
168.0
231.0
146.0
206.0
126.0
182.0
285.0
191.0
64.0
189.0
74.2
162.0
103.0
170.0
163.0
175.0
166.0
210.0
109.0
88.2
290.0
166.0
173.0
79.8
37.4
51.8
28.1
290.0
95.0
129.0
205.0
95.8
168.0
79.2
55.1
66.7
197.0
208.0
166.0
76.9
274.0
187.0
120.0
152.0
175.0
101.0
172.0
217.0
199.0
92.8
26.7
297.0
28.6
176.0
281.0
71.3
107.0
215.0
173.0
208.0
185.0
253.0
147.0
88.4
166.0
135.0
146.0
206.0
112.0
200.0
95.2
220.0
57.8
111.0
44.8
19.4
62.2
83.1
158.0
204.0
54.8
201.0
207.0
35.7
105.0
201.0
203.0
75.9
148.0
283.0
60.1
199.0
76.9
110.0
195.0
60.7
183.0
118.0
72.7
144.0
34.0
128.0
129.0
99.7
132.0
203.0
26.1
213.0
219.0
196.0
141.0
75.4
190.0
62.3
105.0
69.3
141.0
72.5
163.0
95.9
161.0
151.0
22.3
172.0
36.7
147.0
184.0
183.0
176.0
211.0
165.0
192.0
225.0
132.0
210.0
254.0
216.0
149.0
151.0
176.0
143.0
183.0
131.0
209.0
189.0
195.0
45.5
190.0
136.0
104.0
147.0
130.0
180.0
97.2
58.4
80.6
49.4
20.5
83.7
187.0
309.0
143.0
156.0
87.7
207.0
79.2
48.4
77.6
224.0
220.0
154.0
153.0
91.6
187.0
158.0
76.4
185.0
52.0
122.0
115.0
102.0
169.0
202.0
168.0
272.0
88.2
88.7
292.0
43.1
103.0
51.6
108.0
194.0
62.6
210.0
165.0
58.1
92.4
100.0
68.4
62.7
157.0
218.0
207.0
132.0
334.0
182.0
181.0
179.0
179.0
173.0
176.0
79.4
214.0
196.0
226.0
122.0
218.0
103.0
20.2
113.0
197.0
220.0
38.1
240.0
184.0
74.3
210.0
166.0
174.0
64.2
90.5
146.0
147.0
115.0
78.1
188.0
164.0
40.7
21.6
129.0
83.7
0.0
95.2
21.1
127.0
69.8
178.0
179.0
144.0
78.2
143.0
71.1
109.0
186.0
180.0
182.0
105.0
176.0
271.0
24.3
202.0
156.0
319.0
183.0
52.3
120.0
124.0
180.0
67.2
171.0
154.0
63.8
216.0
64.3
114.0
53.8
156.0
145.0
111.0
146.0
313.0
94.4
202.0
118.0
194.0
69.5
210.0
16.4
73.8
281.0
117.0
9.0
159.0
32.5
142.0
155.0
203.0
164.0
187.0
65.4
197.0
34.3
41.2
102.0
178.0
117.0
173.0
65.3
176.0
172.0
105.0
47.9
156.0
269.0
