71.5
42.8
100.0
190.0
114.0
188.0
102.0
113.0
72.2
185.0
45.1
64.4
60.9
168.0
9.1
85.1
59.6
38.9
61.7
46.4
151.0
70.8
160.0
44.8
97.4
31.8
45.1
84.5
21.0
121.0
78.7
54.9
40.2
136.0
23.8
45.4
120.0
32.3
83.5
26.0
59.4
174.0
79.8
67.9
66.9
72.1
39.6
148.0
48.3
40.5
53.0
52.0
98.7
153.0
48.7
178.0
51.9
51.0
199.0
149.0
152.0
106.0
178.0
186.0
28.7
82.8
140.0
46.1
157.0
161.0
191.0
74.7
115.0
44.2
154.0
163.0
75.8
52.8
26.2
61.2
56.3
57.9
94.7
80.0
61.2
105.0
186.0
122.0
64.8
169.0
192.0
101.0
93.2
51.2
116.0
103.0
142.0
48.8
169.0
55.2
11.9
35.0
95.2
64.9
91.9
118.0
98.0
151.0
19.5
105.0
143.0
183.0
123.0
50.3
89.7
132.0
90.1
85.2
96.4
208.0
78.6
80.8
76.2
34.3
172.0
138.0
85.1
159.0
155.0
72.5
168.0
61.1
44.5
66.9
17.1
107.0
25.7
9.4
63.5
10.9
80.9
137.0
90.5
97.3
84.6
30.8
191.0
75.9
165.0
47.6
172.0
40.8
117.0
40.4
133.0
38.8
37.3
114.0
57.6
94.5
46.7
61.6
60.8
54.1
88.6
54.2
70.2
114.0
5.6
88.0
142.0
119.0
20.9
29.2
53.4
31.7
60.7
29.2
95.2
74.6
84.0
153.0
68.0
24.5
31.8
35.6
39.6
57.3
179.0
78.9
117.0
179.0
127.0
204.0
65.3
198.0
17.6
33.6
201.0
113.0
67.6
172.0
97.6
102.0
106.0
31.7
42.0
183.0
72.7
51.1
62.2
63.1
129.0
11.5
27.9
114.0
58.2
79.9
46.1
161.0
62.9
93.9
181.0
151.0
45.6
82.3
49.5
71.6
111.0
88.3
57.8
168.0
85.3
78.4
183.0
166.0
45.6
103.0
95.9
49.2
223.0
60.0
58.9
67.7
57.0
74.4
53.6
182.0
103.0
74.1
104.0
167.0
95.9
90.0
131.0
53.3
74.5
106.0
161.0
129.0
61.4
177.0
88.0
86.8
57.3
193.0
135.0
18.1
50.3
19.8
108.0
97.0
41.6
108.0
126.0
0.0
63.7
127.0
52.6
109.0
38.0
172.0
56.2
56.4
30.2
58.2
15.7
148.0
40.1
63.8
99.9
70.7
70.7
61.9
160.0
148.0
80.3
63.1
208.0
69.1
171.0
21.2
34.4
57.5
73.8
36.2
32.0
94.4
105.0
73.1
101.0
165.0
33.9
19.0
53.6
20.8
202.0
107.0
79.8
34.5
75.0
76.5
96.1
109.0
176.0
170.0
10.1
118.0
44.9
137.0
56.9
32.6
118.0
42.3
64.9
143.0
74.5
93.0
142.0
231.0
55.4
78.1
50.5
177.0
53.7
50.1
38.0
154.0
44.9
158.0
