118.0
74.1
135.0
155.0
79.6
154.0
133.0
56.9
104.0
220.0
91.2
51.8
60.0
133.0
57.4
55.4
84.6
18.9
108.0
61.2
186.0
28.9
125.0
91.0
42.3
66.9
91.2
120.0
46.2
87.4
125.0
93.0
55.9
101.0
55.1
91.5
155.0
63.6
116.0
43.1
106.0
209.0
115.0
25.0
113.0
10.8
85.7
146.0
94.4
86.6
99.1
83.3
134.0
151.0
12.9
214.0
83.2
97.2
164.0
114.0
118.0
71.3
214.0
184.0
40.3
129.0
138.0
82.1
122.0
126.0
157.0
121.0
130.0
90.4
120.0
198.0
111.0
41.6
75.8
92.5
25.5
89.2
141.0
123.0
5.1
70.7
221.0
87.1
99.9
205.0
157.0
67.0
139.0
97.4
130.0
106.0
177.0
49.0
167.0
90.3
59.3
70.2
130.0
42.0
118.0
84.1
144.0
116.0
34.5
52.7
108.0
148.0
89.6
67.6
121.0
60.4
125.0
131.0
51.1
173.0
125.0
127.0
26.4
65.6
207.0
103.0
116.0
157.0
153.0
119.0
133.0
107.0
21.6
28.2
67.7
72.7
55.9
52.8
29.3
49.2
127.0
102.0
137.0
143.0
120.0
49.9
156.0
107.0
130.0
7.8
137.0
50.4
65.1
86.5
99.0
85.0
68.6
79.2
88.9
59.8
56.4
108.0
107.0
100.0
135.0
89.4
116.0
149.0
50.7
134.0
178.0
137.0
66.4
75.1
99.5
66.8
107.0
52.7
127.0
106.0
119.0
118.0
114.0
59.6
25.5
70.7
50.9
103.0
177.0
40.1
83.7
144.0
92.0
169.0
111.0
233.0
67.2
79.7
167.0
129.0
16.8
137.0
58.3
144.0
138.0
77.9
77.2
162.0
104.0
79.2
9.6
109.0
94.6
39.7
36.7
80.5
93.4
126.0
92.2
196.0
15.3
59.5
216.0
117.0
23.4
47.5
13.7
118.0
54.3
134.0
74.6
134.0
40.7
48.5
148.0
131.0
80.8
142.0
131.0
28.9
258.0
106.0
105.0
103.0
103.0
94.5
99.7
147.0
138.0
120.0
150.0
165.0
142.0
64.7
96.5
19.1
121.0
137.0
127.0
164.0
108.0
143.0
134.0
87.8
97.8
158.0
133.0
70.1
56.1
32.1
63.5
110.0
87.7
73.1
91.0
52.6
20.9
92.3
0.0
74.4
35.4
138.0
102.0
103.0
61.5
18.6
62.0
71.9
30.8
110.0
101.0
106.0
40.0
93.2
195.0
113.0
126.0
65.6
243.0
100.0
136.0
43.9
45.1
104.0
35.0
94.5
78.1
25.8
140.0
20.4
71.9
130.0
80.0
69.0
29.3
70.4
237.0
66.3
126.0
29.7
118.0
15.0
127.0
74.7
142.0
205.0
41.4
83.5
76.2
102.0
42.8
78.7
124.0
88.4
111.0
108.0
121.0
58.2
107.0
196.0
102.0
56.8
96.6
142.0
99.8
96.3
17.8
119.0
80.1
193.0
