174.0
137.0
191.0
91.8
6.4
92.7
196.0
40.6
166.0
276.0
147.0
103.0
139.0
69.3
113.0
72.2
151.0
76.5
164.0
132.0
242.0
68.2
64.1
147.0
31.0
123.0
147.0
176.0
109.0
73.3
181.0
157.0
114.0
40.0
118.0
147.0
211.0
126.0
186.0
106.0
161.0
265.0
171.0
43.9
169.0
54.1
142.0
82.3
150.0
143.0
155.0
146.0
190.0
87.8
68.1
269.0
146.0
153.0
93.3
52.7
54.1
7.2
270.0
120.0
109.0
185.0
74.9
148.0
58.3
62.9
90.5
177.0
188.0
146.0
56.0
254.0
167.0
100.0
132.0
155.0
80.8
152.0
197.0
179.0
72.7
11.0
277.0
23.6
156.0
260.0
95.9
85.8
195.0
153.0
188.0
165.0
233.0
127.0
104.0
146.0
115.0
126.0
186.0
91.5
180.0
74.3
200.0
52.4
90.4
23.9
39.9
86.9
62.2
138.0
184.0
34.0
181.0
187.0
20.0
112.0
181.0
183.0
55.8
128.0
263.0
39.2
179.0
93.6
89.2
175.0
69.5
163.0
97.7
52.6
124.0
13.1
107.0
109.0
79.7
112.0
183.0
41.5
193.0
199.0
176.0
120.0
95.4
170.0
69.1
85.2
76.1
121.0
51.7
142.0
75.1
141.0
131.0
6.6
151.0
16.7
127.0
164.0
163.0
156.0
191.0
145.0
172.0
205.0
112.0
190.0
233.0
195.0
129.0
131.0
155.0
123.0
163.0
111.0
189.0
168.0
175.0
54.3
170.0
116.0
84.1
127.0
109.0
159.0
114.0
38.3
59.7
83.5
28.1
108.0
167.0
289.0
123.0
136.0
106.0
187.0
59.1
68.9
57.5
204.0
200.0
134.0
133.0
98.4
167.0
138.0
56.3
165.0
31.2
102.0
95.3
80.9
149.0
182.0
148.0
252.0
68.1
68.6
272.0
55.5
83.2
31.6
87.6
174.0
42.5
190.0
145.0
69.7
72.3
80.0
87.3
67.3
137.0
198.0
187.0
112.0
314.0
162.0
161.0
159.0
159.0
153.0
156.0
86.2
194.0
176.0
206.0
101.0
198.0
82.6
35.5
93.0
177.0
200.0
58.6
220.0
163.0
79.2
190.0
146.0
154.0
97.1
69.6
126.0
127.0
94.7
57.2
168.0
144.0
19.8
25.2
109.0
63.6
20.5
75.1
0.0
107.0
76.5
158.0
159.0
124.0
58.1
122.0
50.2
89.4
166.0
159.0
162.0
85.2
156.0
251.0
44.8
182.0
136.0
299.0
163.0
74.9
99.9
104.0
160.0
47.1
150.0
134.0
43.7
196.0
44.3
92.9
69.1
136.0
125.0
91.2
126.0
293.0
73.5
182.0
97.7
174.0
49.4
190.0
3.5
80.5
261.0
97.3
22.5
139.0
35.7
122.0
135.0
183.0
144.0
167.0
44.6
177.0
14.6
44.0
135.0
157.0
96.8
153.0
78.7
156.0
152.0
84.7
55.3
136.0
249.0
