110.0
37.7
127.0
162.0
113.0
187.0
97.0
95.1
67.6
212.0
63.4
36.3
32.7
128.0
45.3
56.9
86.3
31.9
100.0
25.0
177.0
36.2
159.0
52.3
97.6
58.5
63.4
111.0
16.3
92.8
101.0
57.1
63.5
135.0
14.6
83.8
147.0
36.8
80.5
12.2
97.8
201.0
107.0
66.9
105.0
45.0
78.0
120.0
66.1
68.6
91.4
47.4
125.0
125.0
45.6
205.0
47.2
89.5
164.0
147.0
128.0
105.0
205.0
158.0
8.7
121.0
112.0
45.7
118.0
142.0
168.0
97.3
137.0
82.6
96.4
190.0
103.0
51.1
68.1
56.6
52.1
43.0
133.0
115.0
39.3
104.0
213.0
121.0
91.5
196.0
191.0
72.4
116.0
74.2
137.0
114.0
168.0
20.6
141.0
81.9
48.1
61.8
122.0
36.7
81.7
89.5
121.0
137.0
30.6
104.0
142.0
182.0
95.0
31.4
85.1
102.0
117.0
108.0
95.4
207.0
117.0
119.0
43.7
25.3
199.0
110.0
80.4
131.0
126.0
111.0
167.0
99.5
14.1
65.9
59.4
106.0
52.4
44.4
24.7
21.6
119.0
136.0
96.1
136.0
111.0
8.9
190.0
71.3
164.0
29.2
171.0
11.3
88.6
56.0
104.0
51.6
30.6
113.0
52.9
93.5
20.2
94.8
83.3
86.6
111.0
81.0
103.0
141.0
30.3
126.0
169.0
145.0
41.2
66.7
67.7
58.4
83.3
60.3
90.6
69.9
111.0
152.0
80.2
51.2
33.1
62.4
58.5
95.7
151.0
77.9
89.1
178.0
126.0
203.0
101.0
225.0
59.6
72.0
200.0
136.0
40.0
171.0
69.4
108.0
102.0
70.1
68.8
155.0
68.1
86.7
39.9
78.4
128.0
24.4
44.3
86.0
85.0
118.0
84.5
187.0
30.4
65.7
207.0
150.0
41.3
81.2
21.7
94.2
84.4
127.0
38.3
167.0
57.2
50.2
182.0
140.0
72.4
134.0
123.0
11.3
250.0
98.4
97.3
94.5
79.8
102.0
92.1
181.0
129.0
113.0
126.0
138.0
92.5
61.8
130.0
20.7
97.1
101.0
160.0
156.0
91.4
150.0
126.0
95.3
89.4
192.0
107.0
62.5
19.9
19.7
80.1
117.0
68.3
107.0
125.0
39.1
55.1
126.0
32.7
108.0
0.0
171.0
78.8
94.8
23.9
57.2
34.3
97.8
38.4
96.8
108.0
97.5
42.5
57.2
187.0
146.0
85.5
29.4
234.0
64.5
170.0
47.9
52.7
80.1
72.8
86.1
61.0
52.6
132.0
52.1
73.1
164.0
64.6
39.9
49.4
62.7
229.0
78.3
102.0
8.8
110.0
46.7
91.5
108.0
175.0
196.0
31.1
117.0
40.3
136.0
19.5
62.9
132.0
80.7
103.0
105.0
113.0
92.0
118.0
164.0
74.8
49.9
68.8
156.0
92.1
72.7
23.3
153.0
71.7
185.0
