237.0
200.0
254.0
46.8
83.8
16.0
259.0
97.9
229.0
339.0
210.0
172.0
202.0
73.9
176.0
141.0
214.0
139.0
227.0
195.0
305.0
131.0
24.7
210.0
98.2
186.0
210.0
239.0
172.0
131.0
244.0
220.0
178.0
44.1
181.0
210.0
274.0
189.0
249.0
169.0
225.0
328.0
234.0
107.0
232.0
117.0
205.0
79.9
213.0
206.0
218.0
209.0
253.0
74.2
131.0
333.0
209.0
216.0
38.5
35.0
69.1
76.0
333.0
59.2
172.0
248.0
132.0
211.0
116.0
58.7
31.3
240.0
251.0
209.0
113.0
317.0
230.0
163.0
195.0
218.0
144.0
215.0
260.0
242.0
136.0
87.9
340.0
74.4
219.0
323.0
21.6
143.0
258.0
216.0
251.0
228.0
296.0
190.0
66.7
209.0
178.0
189.0
249.0
161.0
243.0
132.0
263.0
69.1
153.0
84.4
53.2
12.5
119.0
201.0
247.0
91.2
244.0
250.0
96.9
39.2
244.0
246.0
119.0
191.0
326.0
96.5
242.0
68.4
87.0
238.0
34.3
226.0
161.0
116.0
187.0
73.2
170.0
172.0
143.0
175.0
246.0
45.5
256.0
262.0
239.0
183.0
31.2
233.0
7.4
148.0
10.8
184.0
109.0
206.0
132.0
204.0
194.0
83.5
214.0
82.9
190.0
227.0
226.0
219.0
254.0
208.0
235.0
268.0
175.0
253.0
296.0
258.0
192.0
194.0
219.0
186.0
226.0
174.0
252.0
232.0
238.0
32.5
233.0
179.0
147.0
190.0
172.0
222.0
68.1
101.0
117.0
21.5
55.7
33.9
230.0
352.0
186.0
199.0
41.3
250.0
122.0
26.3
127.0
267.0
263.0
197.0
196.0
56.0
230.0
201.0
119.0
228.0
88.4
165.0
158.0
138.0
212.0
245.0
211.0
315.0
131.0
151.0
335.0
28.6
146.0
94.6
151.0
237.0
112.0
253.0
208.0
41.5
135.0
145.0
23.1
61.6
200.0
261.0
250.0
175.0
377.0
225.0
224.0
222.0
222.0
216.0
219.0
12.5
257.0
239.0
269.0
81.1
261.0
152.0
51.4
156.0
240.0
263.0
31.5
283.0
226.0
49.6
253.0
209.0
217.0
22.7
127.0
189.0
190.0
158.0
114.0
231.0
207.0
81.0
67.3
172.0
127.0
68.5
138.0
77.9
170.0
0.0
221.0
222.0
187.0
121.0
185.0
107.0
152.0
229.0
222.0
225.0
154.0
219.0
314.0
40.3
245.0
199.0
362.0
226.0
12.2
163.0
167.0
223.0
110.0
213.0
197.0
107.0
259.0
107.0
150.0
29.7
199.0
188.0
154.0
189.0
356.0
131.0
245.0
161.0
237.0
112.0
253.0
72.4
6.9
324.0
160.0
59.8
202.0
60.3
185.0
198.0
246.0
207.0
230.0
102.0
240.0
91.0
77.5
62.5
220.0
166.0
216.0
42.7
219.0
215.0
148.0
55.8
199.0
312.0
