49.7
38.0
111.0
219.0
164.0
238.0
59.7
152.0
24.3
175.0
11.2
93.5
77.1
186.0
57.0
114.0
78.1
88.1
49.2
56.7
128.0
116.0
209.0
19.4
147.0
82.7
14.0
80.4
69.6
150.0
27.8
25.2
91.1
185.0
63.6
17.0
109.0
43.8
32.6
74.6
35.7
151.0
66.8
117.0
54.3
121.0
21.8
177.0
12.6
14.5
47.7
27.1
92.8
182.0
97.9
156.0
35.4
18.0
221.0
198.0
202.0
155.0
168.0
215.0
70.8
59.0
169.0
27.8
176.0
210.0
241.0
23.8
111.0
50.5
154.0
140.0
95.6
102.0
46.0
38.5
106.0
49.1
70.9
67.5
110.0
155.0
163.0
171.0
68.9
159.0
241.0
130.0
42.3
13.4
112.0
107.0
131.0
77.8
198.0
62.5
47.2
82.1
91.2
93.9
41.0
147.0
47.1
200.0
81.1
154.0
192.0
232.0
152.0
54.4
46.5
181.0
71.4
34.3
146.0
257.0
54.8
57.0
131.0
59.0
149.0
187.0
43.1
188.0
184.0
48.8
217.0
44.0
94.3
116.0
59.1
157.0
76.7
68.6
99.2
68.2
57.2
186.0
39.7
73.5
81.9
70.5
240.0
34.0
214.0
96.8
221.0
71.4
146.0
19.6
162.0
26.8
49.3
163.0
34.8
144.0
75.1
21.3
9.9
8.7
37.7
68.3
29.3
119.0
62.3
64.2
120.0
124.0
38.7
56.3
8.0
66.7
4.7
80.2
53.2
32.0
89.0
202.0
17.1
75.4
81.0
61.0
90.5
30.5
208.0
128.0
146.0
228.0
176.0
253.0
20.3
175.0
49.4
39.9
251.0
109.0
120.0
221.0
127.0
50.9
52.1
38.0
65.7
212.0
30.7
82.6
111.0
12.3
179.0
69.8
78.9
143.0
77.1
56.1
52.4
150.0
111.0
123.0
158.0
201.0
94.8
131.0
105.0
20.7
142.0
64.5
58.5
218.0
114.0
107.0
232.0
197.0
76.4
79.4
82.7
93.0
200.0
30.8
42.4
78.3
6.1
90.3
16.2
231.0
108.0
50.3
52.8
196.0
45.1
119.0
181.0
101.0
23.6
57.4
211.0
108.0
8.9
207.0
64.2
105.0
55.4
242.0
164.0
52.3
64.9
74.4
137.0
93.0
12.8
157.0
175.0
57.1
113.0
176.0
102.0
158.0
79.9
222.0
0.0
51.2
45.4
107.0
41.2
155.0
89.3
23.3
107.0
83.6
99.8
24.3
149.0
197.0
29.4
67.2
185.0
46.3
220.0
72.1
85.4
4.2
123.0
57.9
28.9
144.0
110.0
122.0
130.0
214.0
17.2
36.0
103.0
38.0
179.0
136.0
29.0
89.9
62.5
126.0
54.2
159.0
226.0
159.0
65.9
168.0
42.0
186.0
85.9
30.8
114.0
48.6
41.1
162.0
53.1
142.0
191.0
221.0
12.6
107.0
5.6
226.0
23.6
5.1
86.9
203.0
66.6
135.0
