15.9
59.7
59.4
240.0
165.0
239.0
107.0
163.0
71.4
138.0
51.3
111.0
107.0
218.0
58.0
132.0
31.7
89.0
6.6
78.5
104.0
133.0
210.0
51.0
148.0
41.4
51.3
36.4
78.8
167.0
77.6
61.1
47.8
186.0
81.7
34.6
73.0
65.5
73.8
83.8
20.1
127.0
22.8
118.0
9.8
122.0
37.9
194.0
54.5
41.2
6.6
58.8
52.0
200.0
98.8
132.0
71.3
40.2
249.0
199.0
203.0
156.0
132.0
232.0
86.5
43.5
187.0
52.3
207.0
211.0
242.0
73.6
67.2
18.0
171.0
116.0
43.8
75.3
27.7
74.3
106.0
85.0
55.4
23.4
111.0
156.0
139.0
172.0
13.8
123.0
242.0
147.0
92.0
40.4
67.8
54.9
94.8
95.3
216.0
15.5
48.2
35.7
47.1
111.0
82.2
164.0
96.9
201.0
70.5
155.0
193.0
233.0
170.0
82.8
87.7
182.0
32.4
84.1
147.0
258.0
24.3
23.7
128.0
76.4
125.0
188.0
90.3
206.0
201.0
33.2
218.0
10.7
102.0
117.0
32.8
158.0
50.0
55.4
117.0
76.0
41.6
187.0
80.8
58.0
37.9
88.6
241.0
81.1
215.0
97.7
222.0
88.8
163.0
46.6
179.0
45.0
69.4
164.0
70.7
145.0
92.6
50.7
59.6
43.3
87.4
17.8
59.4
67.4
63.2
48.7
95.6
71.7
60.4
21.8
42.6
31.3
49.0
49.2
100.0
79.1
37.2
203.0
66.9
48.9
81.9
25.9
58.6
18.0
225.0
129.0
164.0
229.0
177.0
254.0
54.4
151.0
35.2
24.9
252.0
65.3
122.0
222.0
144.0
92.0
93.3
31.9
23.0
230.0
77.9
36.2
112.0
62.0
180.0
73.5
68.6
161.0
23.0
40.6
13.0
114.0
115.0
140.0
134.0
201.0
95.8
132.0
101.0
70.5
159.0
29.8
94.4
218.0
132.0
125.0
233.0
216.0
30.0
63.9
49.2
107.0
176.0
20.7
8.4
20.9
55.9
46.2
42.7
232.0
55.8
18.6
103.0
213.0
86.2
136.0
181.0
111.0
73.4
98.5
212.0
82.0
50.6
228.0
48.7
58.9
6.5
243.0
182.0
29.9
82.3
78.1
155.0
48.9
39.3
158.0
176.0
58.1
114.0
177.0
103.0
159.0
97.3
223.0
50.0
0.0
59.7
108.0
49.2
199.0
81.6
52.9
55.7
31.8
117.0
71.5
113.0
198.0
70.5
95.6
161.0
82.2
221.0
61.8
66.0
56.4
124.0
15.3
38.2
145.0
58.1
123.0
148.0
215.0
42.0
43.9
104.0
34.5
155.0
153.0
78.7
92.3
18.4
127.0
101.0
160.0
227.0
123.0
69.6
168.0
77.9
187.0
103.0
38.8
70.1
17.3
25.6
193.0
17.5
143.0
192.0
281.0
59.8
125.0
47.4
227.0
42.8
56.3
87.9
204.0
22.6
111.0
