73.5
8.9
119.0
176.0
129.0
204.0
79.3
109.0
49.8
204.0
34.4
50.0
46.4
142.0
37.8
70.6
78.8
48.0
63.7
23.6
170.0
72.2
175.0
23.3
112.0
51.0
34.4
104.0
15.7
107.0
68.3
39.3
59.4
151.0
9.4
48.3
139.0
6.2
62.7
20.8
61.4
193.0
99.1
83.1
68.9
70.9
41.6
133.0
37.9
39.6
55.0
19.8
118.0
139.0
61.8
198.0
29.5
53.9
178.0
164.0
167.0
121.0
198.0
171.0
16.5
84.8
126.0
16.8
132.0
176.0
207.0
64.3
135.0
46.2
110.0
182.0
95.1
67.3
33.6
38.8
68.2
35.5
96.7
82.0
65.2
121.0
205.0
137.0
84.0
189.0
207.0
86.2
82.7
45.2
135.0
122.0
161.0
34.3
155.0
74.4
23.8
54.3
115.0
50.4
63.9
103.0
87.6
166.0
40.2
120.0
158.0
198.0
109.0
27.9
67.3
147.0
109.0
74.8
112.0
223.0
80.6
82.8
77.7
12.6
191.0
153.0
62.7
145.0
140.0
74.5
183.0
63.1
46.0
82.1
51.9
123.0
44.9
36.9
55.7
8.5
82.9
152.0
80.1
99.3
104.0
16.3
206.0
53.5
180.0
52.3
187.0
26.4
102.0
27.0
118.0
18.2
14.5
129.0
35.2
110.0
32.2
61.7
50.3
53.6
78.1
73.5
69.8
133.0
12.9
90.0
162.0
138.0
5.0
39.8
38.7
50.9
50.3
48.5
72.8
52.2
103.0
168.0
62.5
43.7
49.3
54.9
58.8
59.3
165.0
94.1
103.0
194.0
142.0
219.0
67.6
217.0
26.2
35.6
216.0
133.0
69.1
187.0
83.2
89.9
84.0
33.7
61.3
169.0
50.3
70.3
68.9
52.7
145.0
23.7
47.2
99.7
77.5
81.9
48.1
180.0
64.4
79.5
200.0
166.0
57.5
97.4
51.0
61.2
98.1
90.3
35.4
183.0
70.9
63.9
198.0
154.0
64.9
105.0
115.0
34.8
242.0
62.0
61.0
87.0
46.6
93.6
56.5
197.0
122.0
76.1
93.3
152.0
74.7
75.5
146.0
54.7
64.1
83.5
177.0
148.0
58.4
163.0
90.0
106.0
59.3
208.0
121.0
31.1
27.4
31.5
93.9
116.0
39.3
123.0
141.0
17.4
71.3
142.0
60.1
124.0
23.5
187.0
45.8
58.4
0.0
73.4
10.5
111.0
54.6
63.7
119.0
90.0
56.2
39.5
179.0
163.0
69.8
40.7
227.0
46.7
186.0
40.4
53.7
47.1
89.0
61.9
25.2
85.8
124.0
88.2
86.8
180.0
35.7
16.1
65.5
28.1
221.0
92.1
69.4
36.0
77.0
75.0
73.7
125.0
191.0
189.0
30.9
133.0
22.6
152.0
42.4
20.9
137.0
44.3
66.9
118.0
76.5
108.0
157.0
177.0
57.1
63.6
39.8
192.0
56.6
39.7
39.5
169.0
64.2
178.0
