123.0
85.8
140.0
140.0
64.7
139.0
145.0
63.6
115.0
225.0
96.3
92.1
88.6
118.0
62.5
69.5
99.8
25.6
113.0
80.9
191.0
42.6
110.0
96.1
47.7
72.0
96.3
125.0
58.0
122.0
130.0
106.0
63.6
86.2
66.9
96.6
160.0
75.3
135.0
54.9
111.0
214.0
120.0
11.7
118.0
15.9
90.8
131.0
99.5
91.7
104.0
95.1
139.0
136.0
12.2
219.0
94.9
102.0
149.0
98.9
103.0
56.4
219.0
169.0
58.5
134.0
124.0
97.3
107.0
112.0
142.0
126.0
137.0
95.5
105.0
203.0
116.0
49.4
80.9
104.0
16.8
101.0
146.0
128.0
16.9
55.8
226.0
72.2
105.0
210.0
142.0
81.1
144.0
102.0
138.0
114.0
182.0
76.5
153.0
95.4
64.4
75.3
136.0
60.1
129.0
123.0
149.0
101.0
39.6
55.6
93.0
133.0
111.0
87.3
133.0
82.6
130.0
136.0
33.7
158.0
130.0
132.0
36.5
77.3
212.0
87.9
128.0
142.0
138.0
124.0
119.0
112.0
39.7
10.8
72.8
57.8
56.6
57.9
47.4
61.0
132.0
87.6
142.0
149.0
125.0
69.6
142.0
119.0
115.0
27.0
122.0
70.1
71.8
91.6
124.0
90.1
80.4
64.3
101.0
44.9
76.1
113.0
112.0
105.0
140.0
94.5
121.0
154.0
61.1
139.0
183.0
145.0
78.2
80.2
105.0
71.9
112.0
60.4
138.0
118.0
124.0
103.0
119.0
64.7
33.2
75.8
58.6
109.0
162.0
22.7
108.0
130.0
77.1
155.0
117.0
238.0
72.3
84.8
152.0
136.0
31.4
122.0
76.0
153.0
149.0
82.9
82.3
147.0
116.0
86.9
23.5
114.0
79.8
51.5
44.4
130.0
98.5
131.0
97.3
201.0
33.3
73.6
221.0
102.0
32.4
32.6
31.7
123.0
61.0
139.0
94.2
119.0
54.8
62.6
133.0
116.0
85.9
147.0
136.0
61.1
263.0
111.0
110.0
108.0
108.0
102.0
105.0
132.0
143.0
125.0
155.0
150.0
147.0
78.8
81.7
37.1
126.0
149.0
112.0
169.0
113.0
128.0
139.0
95.5
103.0
143.0
118.0
75.2
75.8
43.8
70.2
118.0
92.8
58.2
76.2
57.7
5.7
77.4
19.3
59.5
56.3
123.0
107.0
108.0
73.2
0.0
71.6
98.9
38.6
115.0
109.0
111.0
58.1
105.0
200.0
97.9
132.0
85.3
248.0
112.0
121.0
49.0
52.8
109.0
17.6
99.6
83.2
29.3
145.0
16.9
86.0
115.0
85.1
74.1
21.9
75.5
242.0
83.7
131.0
46.8
123.0
20.3
139.0
59.8
127.0
210.0
46.5
68.7
88.0
87.2
70.7
83.8
132.0
93.5
116.0
93.2
126.0
43.4
92.6
182.0
107.0
106.0
102.0
127.0
105.0
101.0
33.8
104.0
85.2
198.0
