63.0
13.6
107.0
189.0
129.0
203.0
86.5
122.0
57.1
187.0
29.4
63.3
59.7
155.0
16.7
83.9
71.6
49.2
53.3
30.9
143.0
85.5
174.0
20.2
112.0
47.8
29.4
84.5
19.6
120.0
63.0
39.2
56.2
150.0
19.8
37.8
121.0
16.2
67.9
24.7
50.9
167.0
70.9
82.2
58.4
72.0
31.1
147.0
32.6
32.9
44.5
21.6
100.0
152.0
62.9
171.0
36.7
43.4
191.0
163.0
167.0
120.0
180.0
185.0
27.0
74.4
139.0
12.9
145.0
176.0
206.0
59.1
115.0
35.8
123.0
156.0
91.9
68.4
23.1
46.1
69.3
42.7
86.2
71.5
66.3
120.0
179.0
136.0
65.1
171.0
206.0
99.5
77.5
43.6
116.0
103.0
143.0
47.6
168.0
56.0
13.4
51.1
95.2
63.7
76.3
117.0
82.4
165.0
46.2
120.0
157.0
197.0
122.0
35.1
74.6
147.0
80.5
69.6
111.0
222.0
70.1
72.3
78.8
23.0
165.0
152.0
70.0
158.0
153.0
64.1
183.0
52.6
47.2
81.3
23.1
122.0
41.7
24.9
69.0
13.1
72.5
152.0
74.9
88.8
86.0
26.7
206.0
60.8
179.0
53.4
186.0
41.1
116.0
24.8
131.0
11.9
21.7
128.0
42.4
109.0
44.9
56.5
45.1
48.4
72.9
61.8
64.6
115.0
13.5
79.6
135.0
120.0
6.7
29.3
33.7
30.8
45.0
45.3
80.1
59.5
85.3
167.0
52.4
40.5
50.4
29.9
55.6
48.9
178.0
93.2
116.0
194.0
141.0
218.0
57.7
191.0
15.7
25.1
216.0
113.0
70.2
186.0
96.4
86.1
87.3
23.2
35.7
182.0
57.6
76.1
70.0
47.5
144.0
24.8
44.0
113.0
70.6
71.4
37.6
162.0
65.5
92.8
173.0
166.0
58.6
96.6
52.2
56.0
111.0
79.8
42.7
183.0
84.2
77.2
197.0
167.0
61.7
94.7
98.0
45.2
215.0
51.5
50.5
74.6
41.3
89.0
46.0
196.0
104.0
65.6
88.1
165.0
80.3
88.8
146.0
55.9
58.8
90.7
176.0
123.0
53.2
177.0
79.5
98.7
48.8
207.0
134.0
20.6
34.7
32.6
107.0
97.0
34.3
122.0
140.0
15.4
72.4
141.0
61.2
123.0
33.9
187.0
40.6
48.0
10.5
72.5
0.0
125.0
55.7
58.5
104.0
79.9
69.5
46.7
161.0
162.0
64.6
48.0
200.0
54.0
185.0
37.2
50.5
41.9
88.1
51.4
16.3
109.0
106.0
87.4
100.0
179.0
26.3
5.6
66.7
17.6
194.0
105.0
64.2
37.1
66.5
76.2
81.0
124.0
191.0
171.0
23.8
133.0
29.8
151.0
55.7
10.4
118.0
33.8
56.4
132.0
66.0
107.0
157.0
191.0
39.7
76.9
34.8
191.0
46.1
34.5
40.6
168.0
60.0
151.0
