186.0
114.0
231.0
64.2
56.7
124.0
174.0
15.2
144.0
316.0
140.0
74.9
87.0
25.0
154.0
44.5
191.0
117.0
177.0
101.0
282.0
57.0
71.1
129.0
28.9
163.0
140.0
216.0
111.0
29.1
178.0
134.0
155.0
71.1
102.0
188.0
251.0
113.0
157.0
107.0
174.0
305.0
211.0
84.1
182.0
59.7
154.0
38.1
143.0
145.0
168.0
124.0
230.0
43.6
108.0
310.0
124.0
193.0
66.0
57.5
30.6
48.8
310.0
76.1
103.0
198.0
30.8
122.0
14.0
39.5
67.0
174.0
228.0
159.0
11.8
294.0
207.0
140.0
172.0
133.0
121.0
120.0
210.0
219.0
64.9
60.8
317.0
31.2
196.0
301.0
127.0
25.4
192.0
151.0
229.0
205.0
273.0
82.6
59.9
186.0
155.0
166.0
227.0
63.0
158.0
23.4
197.0
28.9
131.0
27.6
78.0
118.0
18.0
108.0
162.0
15.2
221.0
184.0
69.7
88.7
193.0
196.0
60.1
102.0
303.0
12.0
157.0
49.5
45.1
187.0
60.6
176.0
86.5
92.8
164.0
37.5
148.0
149.0
67.3
109.0
196.0
46.3
173.0
212.0
216.0
97.3
74.4
148.0
100.0
77.7
107.0
85.0
8.3
132.0
30.9
128.0
107.0
56.3
129.0
60.0
92.5
171.0
160.0
163.0
188.0
186.0
179.0
245.0
118.0
203.0
274.0
236.0
118.0
171.0
144.0
163.0
160.0
151.0
167.0
146.0
215.0
62.4
157.0
156.0
124.0
167.0
150.0
172.0
69.4
78.5
9.5
115.0
53.1
139.0
177.0
329.0
163.0
148.0
84.7
227.0
60.4
107.0
27.5
184.0
178.0
147.0
173.0
73.8
145.0
178.0
61.8
155.0
20.4
142.0
135.0
29.6
189.0
195.0
161.0
292.0
67.5
33.5
312.0
86.6
123.0
71.7
79.2
171.0
23.1
203.0
115.0
53.5
45.3
51.5
74.6
39.7
177.0
238.0
227.0
83.1
354.0
175.0
174.0
199.0
156.0
193.0
196.0
117.0
234.0
189.0
203.0
57.0
169.0
58.1
66.6
81.3
174.0
178.0
96.7
260.0
168.0
51.6
203.0
187.0
194.0
128.0
25.5
166.0
96.4
135.0
17.7
209.0
145.0
27.5
37.8
149.0
104.0
62.4
70.0
50.8
97.9
108.0
155.0
171.0
117.0
98.3
124.0
0.0
130.0
173.0
200.0
202.0
56.7
134.0
291.0
82.8
162.0
97.6
339.0
141.0
106.0
140.0
144.0
157.0
87.3
191.0
137.0
44.2
236.0
57.0
40.5
69.1
141.0
133.0
131.0
167.0
333.0
23.3
179.0
94.5
214.0
55.0
168.0
48.1
112.0
301.0
138.0
53.6
117.0
33.0
70.3
139.0
223.0
157.0
180.0
6.8
189.0
68.2
20.5
82.1
151.0
68.3
145.0
55.2
196.0
149.0
125.0
42.1
176.0
290.0
