105.0
68.0
110.0
172.0
96.0
170.0
127.0
94.9
97.4
199.0
78.5
74.3
70.8
149.0
44.8
94.9
58.7
9.1
95.2
63.0
164.0
50.7
142.0
78.3
79.0
34.2
78.5
98.3
40.1
131.0
112.0
86.9
30.0
117.0
49.0
78.8
134.0
57.5
117.0
37.0
92.9
188.0
93.6
49.6
100.0
37.4
73.0
162.0
81.7
73.9
84.7
77.2
113.0
168.0
21.6
192.0
77.1
84.5
180.0
130.0
134.0
87.7
192.0
200.0
40.6
116.0
155.0
76.0
138.0
143.0
173.0
108.0
104.0
77.7
136.0
177.0
79.1
17.7
63.1
86.4
22.0
83.1
128.0
102.0
35.2
87.1
200.0
103.0
78.5
183.0
173.0
110.0
127.0
84.7
104.0
80.5
155.0
58.7
184.0
68.4
46.6
57.5
99.3
74.7
111.0
128.0
131.0
132.0
10.1
86.8
124.0
164.0
142.0
69.5
115.0
114.0
104.0
119.0
78.0
190.0
112.0
108.0
56.2
59.5
186.0
119.0
110.0
174.0
169.0
106.0
150.0
94.5
29.0
48.6
34.8
89.1
30.0
24.6
47.9
43.1
114.0
119.0
124.0
122.0
98.4
51.8
173.0
101.0
147.0
23.1
154.0
52.2
103.0
73.9
142.0
72.3
62.5
95.6
82.8
76.2
58.2
95.1
94.2
87.5
122.0
67.5
104.0
120.0
43.3
121.0
156.0
111.0
60.3
62.5
86.9
54.1
94.1
26.8
120.0
99.8
97.8
135.0
101.0
24.6
5.5
58.1
25.0
90.8
193.0
60.6
127.0
161.0
108.0
186.0
98.8
212.0
54.5
67.1
183.0
103.0
46.5
153.0
107.0
135.0
132.0
65.2
64.5
178.0
97.9
53.3
40.5
96.6
111.0
33.6
10.7
124.0
72.0
113.0
79.5
174.0
42.9
104.0
194.0
133.0
11.3
63.9
28.4
105.0
92.3
122.0
76.4
150.0
62.5
88.3
165.0
147.0
56.7
121.0
110.0
43.2
237.0
93.5
92.4
81.5
90.4
68.6
87.0
164.0
116.0
108.0
137.0
181.0
129.0
99.8
113.0
37.7
108.0
131.0
143.0
143.0
94.9
159.0
121.0
61.9
75.9
175.0
150.0
57.4
58.0
26.0
101.0
83.9
75.0
89.5
107.0
39.9
32.1
109.0
30.9
90.8
38.4
154.0
89.7
82.4
55.4
39.9
56.0
130.0
0.0
97.3
75.0
84.5
80.6
87.1
174.0
129.0
114.0
67.4
221.0
94.3
152.0
15.9
19.2
91.0
55.5
79.6
65.4
52.3
119.0
54.7
111.0
147.0
67.3
56.3
15.9
57.7
216.0
116.0
113.0
29.0
96.7
41.5
121.0
91.1
158.0
183.0
20.2
100.0
70.2
118.0
52.8
66.0
98.4
75.7
98.4
124.0
105.0
74.6
124.0
213.0
88.8
88.0
83.9
159.0
87.1
83.6
15.8
136.0
67.4
172.0
