53.7
56.0
108.0
237.0
171.0
245.0
53.2
170.0
42.8
179.0
26.1
112.0
95.1
204.0
64.5
132.0
82.1
95.5
53.3
74.7
132.0
134.0
217.0
37.4
154.0
90.2
33.3
92.3
87.6
168.0
11.5
43.2
98.6
192.0
81.6
19.6
113.0
61.8
28.9
92.6
39.7
155.0
78.7
125.0
58.4
129.0
26.5
195.0
30.6
24.1
51.8
45.1
96.9
200.0
105.0
160.0
53.4
16.0
255.0
205.0
209.0
163.0
172.0
233.0
88.8
63.1
187.0
45.8
194.0
218.0
248.0
16.9
115.0
52.8
172.0
144.0
91.9
110.0
54.7
57.0
113.0
67.1
75.0
71.5
118.0
162.0
167.0
179.0
65.2
163.0
248.0
148.0
24.8
16.1
116.0
111.0
135.0
95.9
217.0
66.5
54.7
86.1
103.0
112.0
37.3
165.0
40.2
207.0
88.5
162.0
199.0
239.0
170.0
72.4
42.8
189.0
80.5
27.4
153.0
265.0
58.8
61.1
149.0
77.0
153.0
194.0
47.2
206.0
202.0
52.8
225.0
48.1
112.0
124.0
66.6
164.0
84.1
76.1
117.0
86.2
61.3
194.0
35.9
77.6
86.0
88.6
248.0
52.5
222.0
104.0
229.0
89.4
164.0
37.6
180.0
44.8
67.4
171.0
52.8
151.0
93.2
3.5
15.2
17.2
30.8
72.4
7.2
115.0
69.8
68.3
124.0
128.0
56.7
65.0
21.1
90.1
15.1
87.6
59.2
50.5
93.1
210.0
20.2
82.9
88.4
69.7
109.0
34.5
226.0
136.0
164.0
236.0
183.0
261.0
6.7
179.0
56.9
48.6
258.0
121.0
129.0
228.0
145.0
47.2
48.4
35.7
69.8
230.0
49.3
86.7
119.0
24.4
186.0
77.2
86.3
161.0
81.2
60.2
54.7
154.0
129.0
141.0
162.0
208.0
102.0
139.0
107.0
8.3
160.0
68.5
76.5
225.0
132.0
125.0
240.0
215.0
80.4
83.5
86.7
111.0
204.0
34.9
46.5
82.4
19.7
99.6
11.9
239.0
104.0
54.4
46.0
214.0
41.3
137.0
188.0
119.0
7.2
53.6
218.0
112.0
9.4
225.0
68.3
109.0
59.4
250.0
182.0
59.8
82.9
81.8
155.0
105.0
21.7
165.0
183.0
64.6
120.0
184.0
109.0
166.0
97.9
229.0
24.6
55.2
63.4
115.0
59.2
173.0
96.8
0.0
112.0
87.6
118.0
42.9
153.0
204.0
25.7
85.2
189.0
64.3
227.0
79.6
92.9
16.5
131.0
62.0
46.9
151.0
106.0
130.0
148.0
222.0
33.6
54.0
110.0
45.6
183.0
154.0
22.1
99.9
74.3
133.0
48.8
166.0
233.0
163.0
73.3
175.0
60.0
193.0
104.0
48.8
126.0
57.3
45.2
200.0
57.1
150.0
199.0
239.0
31.2
125.0
29.8
234.0
15.5
28.7
94.4
211.0
70.6
139.0
