54.1
115.0
37.5
241.0
165.0
239.0
158.0
164.0
122.0
135.0
107.0
144.0
140.0
219.0
93.3
164.0
28.0
82.7
55.5
136.0
100.0
120.0
211.0
106.0
148.0
54.9
107.0
21.9
110.0
200.0
128.0
116.0
52.9
187.0
113.0
85.5
69.6
121.0
125.0
106.0
71.0
124.0
40.7
119.0
50.8
123.0
93.2
232.0
110.0
92.1
63.3
114.0
66.5
237.0
93.6
128.0
127.0
91.1
250.0
200.0
203.0
157.0
128.0
270.0
118.0
94.4
224.0
108.0
208.0
212.0
242.0
124.0
31.4
73.2
205.0
113.0
11.8
68.1
83.0
130.0
85.4
140.0
71.6
48.7
105.0
156.0
136.0
173.0
48.9
119.0
243.0
180.0
143.0
91.3
31.8
8.4
91.4
128.0
253.0
56.7
103.0
67.1
22.1
144.0
133.0
197.0
148.0
202.0
79.2
156.0
194.0
234.0
211.0
139.0
139.0
183.0
50.9
135.0
147.0
259.0
60.5
54.8
126.0
123.0
122.0
188.0
141.0
243.0
238.0
84.1
219.0
59.5
98.3
118.0
85.3
158.0
69.5
86.8
117.0
107.0
92.5
188.0
132.0
63.9
34.9
120.0
242.0
132.0
216.0
92.5
223.0
122.0
172.0
102.0
212.0
100.0
127.0
165.0
126.0
146.0
128.0
102.0
111.0
94.2
138.0
55.8
110.0
48.1
103.0
74.8
92.2
38.8
116.0
74.9
93.5
73.6
99.9
61.2
151.0
130.0
45.1
204.0
118.0
61.7
76.3
73.7
51.4
68.9
263.0
130.0
197.0
230.0
178.0
255.0
105.0
148.0
90.5
80.2
252.0
30.6
116.0
223.0
177.0
143.0
144.0
87.2
66.8
248.0
129.0
49.1
110.0
113.0
180.0
105.0
76.1
193.0
29.5
91.5
74.4
110.0
112.0
173.0
130.0
202.0
83.3
133.0
97.8
121.0
162.0
62.9
147.0
219.0
132.0
158.0
234.0
217.0
50.1
62.4
51.5
113.0
173.0
71.6
60.0
40.0
107.0
14.0
93.6
233.0
48.1
67.4
153.0
250.0
137.0
169.0
182.0
107.0
124.0
149.0
212.0
78.6
101.0
228.0
99.6
15.0
64.2
244.0
219.0
83.0
127.0
95.4
171.0
7.5
90.2
159.0
177.0
99.7
97.5
178.0
100.0
160.0
108.0
223.0
101.0
56.8
119.0
109.0
104.0
199.0
74.4
104.0
0.0
22.2
150.0
122.0
110.0
199.0
121.0
137.0
157.0
137.0
222.0
75.9
58.8
107.0
125.0
67.9
93.4
145.0
52.5
124.0
180.0
216.0
97.2
99.2
81.2
89.7
152.0
186.0
130.0
98.3
43.8
127.0
152.0
160.0
227.0
119.0
101.0
169.0
134.0
188.0
122.0
94.0
26.3
78.8
76.5
194.0
51.8
144.0
193.0
282.0
111.0
157.0
98.3
228.0
93.7
103.0
85.1
205.0
60.0
108.0
