29.1
92.0
31.8
244.0
168.0
242.0
135.0
167.0
99.4
118.0
83.6
124.0
120.0
221.0
63.7
145.0
19.8
92.5
32.5
106.0
83.5
130.0
214.0
83.4
151.0
43.2
83.6
6.9
80.6
181.0
106.0
93.4
49.5
189.0
83.4
62.5
52.6
91.9
102.0
85.6
48.1
107.0
15.6
122.0
27.9
126.0
70.3
234.0
86.8
69.1
40.3
91.1
30.5
240.0
102.0
111.0
104.0
68.2
252.0
202.0
206.0
160.0
111.0
272.0
88.3
71.5
227.0
84.6
210.0
215.0
245.0
102.0
39.6
50.3
208.0
96.0
11.2
77.5
60.1
107.0
110.0
117.0
47.8
25.8
115.0
159.0
119.0
176.0
16.3
102.0
245.0
160.0
120.0
68.4
40.3
27.8
74.4
108.0
256.0
27.5
80.5
37.4
20.0
124.0
110.0
177.0
125.0
204.0
72.3
159.0
196.0
236.0
183.0
110.0
116.0
186.0
25.9
112.0
150.0
262.0
35.5
29.7
136.0
93.9
105.0
191.0
118.0
246.0
241.0
61.2
222.0
36.6
104.0
121.0
55.7
161.0
51.8
57.2
123.0
77.7
69.6
191.0
109.0
40.1
15.7
90.4
245.0
109.0
219.0
101.0
226.0
100.0
176.0
78.9
192.0
77.3
96.9
168.0
103.0
148.0
106.0
78.7
87.6
71.2
115.0
22.7
87.3
46.9
73.5
51.1
75.2
47.3
92.7
45.7
70.6
43.9
77.0
50.9
128.0
107.0
15.8
207.0
94.8
50.6
85.4
44.1
53.2
46.0
265.0
133.0
177.0
233.0
180.0
258.0
82.4
131.0
67.5
57.2
255.0
37.7
127.0
225.0
157.0
120.0
121.0
64.2
37.2
250.0
106.0
38.5
116.0
90.0
183.0
75.2
70.3
174.0
12.8
68.6
45.1
93.4
123.0
154.0
113.0
205.0
99.3
136.0
109.0
98.4
164.0
37.9
117.0
222.0
145.0
138.0
237.0
219.0
31.7
38.7
27.7
109.0
156.0
48.7
37.0
6.2
83.8
14.5
70.7
236.0
33.2
44.5
131.0
253.0
114.0
150.0
185.0
113.0
101.0
126.0
215.0
61.6
78.5
231.0
66.8
24.4
35.0
247.0
222.0
53.8
110.0
79.8
168.0
16.7
67.3
162.0
180.0
70.1
117.0
181.0
106.0
163.0
97.6
226.0
77.9
33.9
89.8
112.0
81.5
202.0
83.9
80.9
22.3
0.0
130.0
99.4
92.6
201.0
98.5
123.0
140.0
115.0
224.0
63.6
58.6
84.4
127.0
38.6
70.5
148.0
37.7
127.0
161.0
219.0
72.9
76.3
107.0
66.8
135.0
166.0
107.0
94.1
20.8
130.0
129.0
163.0
230.0
102.0
71.3
172.0
105.0
190.0
116.0
71.1
43.0
55.8
53.5
197.0
26.8
147.0
196.0
285.0
87.7
138.0
75.3
231.0
70.7
88.6
91.4
208.0
30.3
91.0
