131.0
58.3
159.0
121.0
91.6
170.0
118.0
54.2
88.2
244.0
84.0
19.1
31.2
87.5
77.2
16.0
118.0
73.5
121.0
45.6
211.0
16.0
117.0
72.9
56.8
90.4
84.1
143.0
55.1
52.0
122.0
77.7
105.0
118.0
46.5
105.0
178.0
57.5
101.0
50.9
118.0
234.0
138.0
55.4
126.0
41.9
98.6
78.7
86.7
89.3
112.0
68.0
157.0
84.2
53.5
238.0
67.9
111.0
123.0
103.0
87.5
81.4
237.0
117.0
47.4
142.0
71.3
66.4
77.5
101.0
127.0
118.0
174.0
103.0
55.5
223.0
134.0
92.8
98.8
77.2
93.7
63.6
154.0
139.0
41.8
86.5
246.0
75.9
123.0
228.0
174.0
31.6
136.0
94.8
179.0
156.0
200.0
26.7
100.0
114.0
80.0
93.7
154.0
6.5
102.0
48.6
141.0
96.2
81.2
65.4
124.0
164.0
54.1
52.1
106.0
60.9
148.0
128.0
69.3
146.0
138.0
140.0
31.2
45.9
232.0
68.9
101.0
90.0
85.6
132.0
125.0
120.0
29.8
60.9
91.2
76.9
84.3
76.3
10.7
53.4
140.0
92.0
117.0
156.0
143.0
41.4
132.0
91.9
147.0
39.5
154.0
29.1
47.7
76.6
63.6
72.2
51.3
91.3
73.6
75.6
36.6
115.0
104.0
107.0
132.0
113.0
123.0
173.0
62.1
147.0
202.0
177.0
61.9
98.6
88.4
90.3
104.0
87.8
111.0
90.6
143.0
108.0
101.0
83.1
74.7
94.2
100.0
116.0
110.0
61.0
48.2
161.0
97.8
186.0
121.0
258.0
91.4
92.6
137.0
178.0
29.3
153.0
28.6
128.0
122.0
90.7
101.0
114.0
88.7
110.0
35.1
99.1
66.7
76.3
85.9
45.1
117.0
139.0
105.0
219.0
26.3
24.9
241.0
133.0
83.0
55.2
31.1
115.0
43.5
147.0
59.0
119.0
14.7
7.7
135.0
99.3
104.0
162.0
155.0
24.1
283.0
119.0
118.0
126.0
100.0
133.0
114.0
164.0
161.0
133.0
147.0
97.5
113.0
20.4
113.0
24.7
118.0
122.0
143.0
187.0
112.0
109.0
147.0
137.0
116.0
175.0
66.0
94.3
40.6
68.7
39.3
159.0
88.9
70.5
79.8
70.9
61.8
109.0
40.6
86.5
42.0
154.0
99.5
115.0
61.3
58.0
68.5
56.9
80.1
117.0
150.0
129.0
0.0
77.9
218.0
129.0
106.0
41.7
268.0
85.1
153.0
79.8
94.3
101.0
62.3
119.0
81.6
39.9
163.0
44.2
32.2
133.0
85.3
77.0
91.0
90.7
262.0
37.5
123.0
38.7
134.0
38.8
112.0
86.8
158.0
228.0
70.2
100.0
61.0
80.4
14.4
83.6
174.0
101.0
124.0
63.7
134.0
65.6
77.4
123.0
95.5
16.8
89.4
116.0
114.0
93.3
42.4
99.0
104.0
218.0
