72.1
36.7
127.0
197.0
161.0
235.0
45.8
130.0
10.5
197.0
34.7
71.2
57.5
163.0
61.6
91.8
90.9
79.6
71.7
34.4
150.0
93.4
207.0
16.0
133.0
82.6
36.6
103.0
47.3
128.0
47.4
7.3
91.0
182.0
41.3
39.4
131.0
35.5
29.2
52.3
58.1
174.0
89.3
115.0
77.7
102.0
44.3
154.0
15.5
37.0
63.9
15.2
115.0
160.0
93.3
178.0
13.7
40.5
199.0
195.0
163.0
153.0
190.0
192.0
48.4
81.5
147.0
22.0
153.0
177.0
203.0
43.5
135.0
55.1
131.0
163.0
110.0
98.8
50.6
11.8
99.8
27.2
93.4
90.0
96.7
152.0
186.0
169.0
84.5
181.0
238.0
107.0
61.9
35.9
135.0
122.0
153.0
55.5
176.0
75.3
51.8
85.8
115.0
71.6
30.4
124.0
66.8
172.0
71.8
152.0
189.0
229.0
130.0
34.9
33.8
137.0
98.9
54.0
143.0
255.0
77.2
79.5
109.0
36.7
172.0
145.0
29.2
166.0
161.0
71.2
201.0
66.5
72.0
114.0
63.7
154.0
76.5
68.5
76.9
45.9
79.7
184.0
59.3
96.0
104.0
48.2
207.0
20.0
212.0
83.9
219.0
49.0
123.0
24.2
139.0
31.4
27.0
161.0
8.8
141.0
52.8
40.9
29.5
32.3
57.3
81.2
49.0
134.0
54.3
86.7
142.0
138.0
40.3
60.9
30.4
82.5
28.9
80.0
39.3
18.7
105.0
200.0
29.0
75.3
80.8
65.6
90.4
53.0
186.0
126.0
124.0
226.0
173.0
251.0
46.8
198.0
54.0
44.5
213.0
133.0
97.9
218.0
104.0
56.4
50.4
42.6
78.6
190.0
16.8
95.5
100.0
19.0
143.0
55.2
78.7
121.0
90.0
78.6
57.0
172.0
88.3
101.0
180.0
198.0
89.0
129.0
82.6
40.4
119.0
86.9
36.6
195.0
92.1
85.1
230.0
175.0
96.5
102.0
105.0
70.7
222.0
53.3
64.9
93.0
20.4
108.0
39.6
229.0
122.0
72.8
72.5
173.0
41.2
96.7
178.0
78.6
43.2
50.0
208.0
130.0
37.6
184.0
86.7
118.0
68.2
240.0
142.0
56.9
42.6
63.0
115.0
116.0
35.3
155.0
173.0
63.1
103.0
174.0
91.6
156.0
57.6
219.0
24.5
67.3
39.7
105.0
46.9
133.0
86.1
42.9
122.0
99.2
77.4
0.0
172.0
194.0
34.2
47.7
207.0
24.4
217.0
72.0
85.3
26.3
121.0
70.8
33.5
117.0
126.0
120.0
108.0
212.0
37.8
40.6
97.1
42.6
202.0
113.0
48.6
67.5
85.9
107.0
40.2
156.0
223.0
181.0
62.4
165.0
19.7
184.0
63.6
35.4
137.0
53.2
63.6
139.0
75.6
140.0
153.0
198.0
10.3
84.8
26.7
191.0
46.1
25.8
71.0
201.0
79.4
158.0
