112.0
177.0
87.0
339.0
264.0
338.0
213.0
262.0
178.0
26.3
169.0
220.0
216.0
317.0
159.0
240.0
120.0
188.0
118.0
202.0
60.2
226.0
309.0
169.0
247.0
139.0
169.0
111.0
176.0
276.0
184.0
179.0
145.0
285.0
179.0
141.0
47.8
187.0
180.0
181.0
122.0
102.0
98.2
217.0
113.0
221.0
156.0
330.0
172.0
147.0
126.0
177.0
78.5
335.0
198.0
107.0
189.0
146.0
348.0
298.0
302.0
255.0
19.5
368.0
184.0
116.0
322.0
170.0
306.0
310.0
341.0
180.0
97.7
136.0
304.0
91.3
118.0
173.0
145.0
192.0
206.0
203.0
92.2
103.0
210.0
255.0
114.0
271.0
112.0
13.1
341.0
256.0
198.0
147.0
90.3
110.0
26.9
204.0
352.0
123.0
166.0
133.0
94.6
220.0
188.0
273.0
203.0
300.0
168.0
254.0
292.0
332.0
278.0
205.0
194.0
281.0
94.4
190.0
246.0
357.0
105.0
102.0
231.0
189.0
100.0
287.0
197.0
341.0
337.0
119.0
317.0
122.0
200.0
216.0
151.0
257.0
147.0
153.0
219.0
173.0
130.0
287.0
187.0
84.5
89.3
186.0
340.0
187.0
314.0
197.0
321.0
196.0
272.0
164.0
288.0
163.0
192.0
263.0
188.0
244.0
202.0
157.0
166.0
150.0
194.0
118.0
166.0
77.9
169.0
95.4
44.2
82.3
178.0
141.0
149.0
140.0
155.0
147.0
207.0
185.0
85.6
302.0
173.0
146.0
181.0
140.0
149.0
131.0
361.0
228.0
272.0
329.0
276.0
353.0
161.0
52.7
153.0
143.0
351.0
92.6
223.0
321.0
253.0
198.0
200.0
150.0
133.0
346.0
184.0
134.0
211.0
168.0
279.0
171.0
166.0
269.0
111.0
106.0
141.0
6.0
218.0
249.0
109.0
301.0
195.0
232.0
205.0
177.0
260.0
97.3
213.0
318.0
241.0
234.0
332.0
315.0
127.0
79.6
87.9
204.0
151.0
125.0
122.0
101.0
162.0
114.0
149.0
331.0
81.1
113.0
209.0
349.0
192.0
245.0
281.0
208.0
180.0
205.0
311.0
57.5
157.0
327.0
111.0
129.0
131.0
342.0
317.0
149.0
205.0
175.0
263.0
119.0
146.0
257.0
275.0
166.0
213.0
276.0
202.0
258.0
193.0
322.0
156.0
119.0
185.0
207.0
167.0
298.0
179.0
159.0
117.0
99.6
226.0
178.0
0.0
297.0
177.0
218.0
136.0
200.0
320.0
159.0
154.0
163.0
223.0
134.0
156.0
244.0
64.6
222.0
256.0
314.0
151.0
162.0
203.0
152.0
130.0
262.0
185.0
190.0
106.0
226.0
208.0
259.0
326.0
10.6
167.0
268.0
200.0
286.0
212.0
157.0
117.0
141.0
120.0
292.0
109.0
242.0
291.0
381.0
166.0
233.0
154.0
326.0
149.0
158.0
187.0
303.0
126.0
86.4
