212.0
175.0
230.0
73.0
38.8
44.7
234.0
73.4
205.0
315.0
186.0
148.0
178.0
76.9
152.0
117.0
189.0
115.0
202.0
170.0
280.0
107.0
32.8
185.0
73.7
161.0
186.0
214.0
147.0
106.0
219.0
195.0
153.0
20.7
156.0
186.0
249.0
165.0
224.0
144.0
200.0
304.0
209.0
82.5
207.0
92.6
180.0
82.9
189.0
181.0
194.0
184.0
228.0
93.3
107.0
308.0
184.0
192.0
64.7
29.6
59.2
52.3
308.0
85.4
148.0
223.0
108.0
187.0
91.0
62.4
54.1
215.0
227.0
185.0
88.8
293.0
205.0
139.0
170.0
194.0
119.0
190.0
235.0
218.0
111.0
51.0
316.0
48.9
194.0
299.0
47.0
119.0
234.0
192.0
227.0
204.0
271.0
166.0
88.1
185.0
154.0
165.0
225.0
136.0
219.0
107.0
239.0
65.2
129.0
59.9
9.9
38.0
94.9
177.0
222.0
66.7
220.0
226.0
60.0
84.7
219.0
221.0
94.3
167.0
302.0
72.0
217.0
87.5
122.0
213.0
47.0
202.0
136.0
91.1
162.0
48.7
146.0
147.0
118.0
150.0
222.0
33.5
231.0
238.0
214.0
159.0
59.4
208.0
39.7
124.0
45.8
159.0
84.4
181.0
108.0
179.0
170.0
46.6
190.0
58.4
165.0
202.0
201.0
195.0
229.0
184.0
211.0
244.0
150.0
229.0
272.0
234.0
168.0
170.0
194.0
161.0
201.0
150.0
228.0
207.0
214.0
37.9
209.0
154.0
123.0
165.0
148.0
198.0
94.3
76.8
92.5
25.1
40.8
59.4
206.0
328.0
162.0
174.0
71.6
226.0
97.6
24.1
102.0
242.0
239.0
172.0
172.0
82.2
205.0
176.0
94.8
204.0
63.9
141.0
134.0
114.0
188.0
221.0
187.0
290.0
107.0
127.0
310.0
18.9
122.0
70.1
126.0
212.0
87.0
229.0
184.0
52.6
111.0
121.0
52.4
70.0
175.0
237.0
226.0
150.0
352.0
201.0
200.0
197.0
198.0
192.0
194.0
58.7
232.0
215.0
244.0
100.0
237.0
127.0
27.5
132.0
215.0
238.0
13.9
258.0
202.0
68.7
229.0
185.0
192.0
39.9
102.0
165.0
165.0
133.0
89.9
207.0
182.0
56.5
41.9
147.0
102.0
24.3
114.0
45.4
146.0
40.3
197.0
197.0
163.0
96.6
161.0
83.0
128.0
204.0
198.0
200.0
130.0
194.0
289.0
0.0
221.0
175.0
337.0
202.0
28.1
138.0
142.0
198.0
85.6
189.0
173.0
82.3
234.0
82.8
126.0
37.8
174.0
163.0
130.0
165.0
331.0
106.0
220.0
136.0
213.0
87.9
229.0
40.7
53.1
299.0
136.0
29.3
177.0
48.3
160.0
173.0
221.0
183.0
205.0
77.3
215.0
58.6
61.2
85.8
196.0
141.0
191.0
61.9
194.0
191.0
123.0
55.2
175.0
288.0
