71.0
60.8
125.0
226.0
186.0
261.0
29.3
159.0
19.6
196.0
42.7
99.9
86.3
192.0
79.9
121.0
109.0
111.0
67.3
63.1
149.0
122.0
232.0
42.2
169.0
106.0
54.8
102.0
76.0
156.0
11.9
48.0
114.0
208.0
70.0
38.3
130.0
66.7
5.0
81.0
57.0
173.0
108.0
140.0
96.0
144.0
43.0
183.0
35.4
40.7
69.0
49.9
114.0
189.0
121.0
177.0
42.5
31.7
228.0
221.0
224.0
178.0
189.0
221.0
77.2
80.3
176.0
50.6
182.0
233.0
263.0
9.2
133.0
73.4
160.0
162.0
109.0
125.0
68.8
39.7
128.0
71.9
92.2
88.8
133.0
178.0
185.0
194.0
82.4
180.0
264.0
136.0
19.1
28.8
154.0
141.0
152.0
84.2
205.0
93.6
70.1
109.0
112.0
100.0
11.3
153.0
32.2
223.0
104.0
177.0
215.0
255.0
159.0
63.6
16.8
204.0
97.7
13.5
168.0
280.0
76.1
78.3
137.0
65.4
171.0
210.0
21.3
195.0
190.0
70.0
240.0
65.3
101.0
139.0
81.9
180.0
99.5
91.4
106.0
74.6
78.5
209.0
11.9
94.8
103.0
76.9
263.0
21.3
237.0
120.0
244.0
77.8
152.0
42.4
168.0
49.6
55.7
186.0
41.1
167.0
81.5
23.3
17.3
27.7
22.7
99.4
28.3
153.0
85.1
85.5
141.0
157.0
61.5
79.1
38.4
89.5
25.6
103.0
35.4
29.5
103.0
225.0
9.2
98.3
104.0
83.8
113.0
51.8
214.0
151.0
153.0
251.0
199.0
276.0
31.4
197.0
72.3
62.7
273.0
131.0
127.0
244.0
133.0
19.3
24.5
60.8
96.8
219.0
18.5
114.0
134.0
16.9
201.0
84.0
102.0
150.0
108.0
77.4
75.2
171.0
117.0
129.0
179.0
223.0
118.0
154.0
111.0
19.7
148.0
85.8
81.4
240.0
121.0
114.0
255.0
204.0
107.0
101.0
104.0
99.4
221.0
52.1
63.7
112.0
24.5
112.0
29.6
254.0
121.0
71.6
37.9
202.0
12.5
125.0
203.0
107.0
22.6
29.8
233.0
129.0
22.5
213.0
85.5
136.0
86.4
265.0
171.0
75.2
71.3
91.8
144.0
135.0
43.2
180.0
198.0
79.9
136.0
199.0
125.0
181.0
86.3
244.0
29.4
72.5
68.2
130.0
64.0
161.0
112.0
25.6
141.0
117.0
106.0
47.7
170.0
220.0
0.0
76.4
206.0
69.1
243.0
95.0
108.0
23.0
146.0
89.0
51.7
166.0
144.0
145.0
137.0
237.0
56.1
58.8
126.0
60.8
200.0
142.0
7.7
96.3
104.0
149.0
24.9
182.0
248.0
180.0
88.7
190.0
48.4
209.0
92.3
53.6
156.0
71.4
62.4
168.0
74.4
165.0
214.0
227.0
36.0
114.0
34.6
249.0
36.9
33.5
99.7
226.0
97.6
157.0
