109.0
37.2
151.0
162.0
143.0
217.0
87.5
94.6
58.1
236.0
62.9
22.0
9.9
128.0
69.8
56.4
111.0
61.2
99.6
17.8
189.0
57.9
188.0
52.8
97.1
83.0
62.9
136.0
47.7
92.3
89.2
45.0
91.4
164.0
33.3
81.7
171.0
35.9
71.0
36.7
97.3
213.0
131.0
96.2
105.0
74.9
77.5
119.0
54.0
68.1
90.9
35.6
150.0
124.0
74.9
217.0
37.7
82.7
163.0
177.0
128.0
134.0
230.0
157.0
33.1
121.0
112.0
45.2
118.0
141.0
168.0
85.2
167.0
82.1
95.8
202.0
127.0
80.4
77.6
39.9
81.3
20.4
133.0
118.0
69.2
134.0
225.0
116.0
116.0
221.0
220.0
71.9
104.0
78.1
167.0
143.0
193.0
13.8
141.0
106.0
72.6
86.3
147.0
33.1
72.1
89.0
108.0
137.0
68.9
106.0
171.0
211.0
94.5
12.8
75.6
101.0
127.0
95.7
125.0
236.0
116.0
119.0
73.2
25.8
211.0
109.0
70.9
130.0
126.0
110.0
165.0
99.0
44.1
95.2
83.9
136.0
77.0
68.9
41.4
46.3
119.0
166.0
86.6
135.0
136.0
28.2
172.0
61.8
193.0
65.5
200.0
18.5
88.1
58.4
104.0
51.1
25.9
142.0
43.4
123.0
10.4
82.6
71.2
74.5
99.0
106.0
90.7
165.0
54.8
126.0
181.0
170.0
40.7
91.3
72.7
82.9
71.2
80.5
81.1
60.4
135.0
181.0
70.7
75.7
62.4
86.9
87.8
95.2
150.0
107.0
88.6
208.0
155.0
232.0
88.5
237.0
84.1
71.5
177.0
165.0
71.2
200.0
68.9
98.1
92.2
69.6
93.3
155.0
58.6
102.0
65.7
68.9
107.0
55.7
73.6
75.2
109.0
118.0
83.9
212.0
56.2
65.2
219.0
180.0
70.6
111.0
51.7
82.1
83.8
126.0
11.1
160.0
56.6
49.7
175.0
140.0
96.9
141.0
147.0
35.2
262.0
97.9
96.8
119.0
70.3
126.0
81.8
210.0
154.0
112.0
114.0
138.0
83.0
48.1
160.0
47.7
85.0
91.7
190.0
180.0
79.3
149.0
126.0
125.0
95.2
221.0
106.0
87.0
16.4
56.3
79.6
148.0
77.5
111.0
154.0
63.6
84.4
155.0
62.7
137.0
29.7
201.0
66.7
94.3
40.1
86.5
47.3
97.2
67.7
84.7
138.0
122.0
42.0
47.7
211.0
176.0
76.0
0.0
246.0
25.9
199.0
72.4
81.9
68.0
102.0
97.8
60.5
81.9
156.0
78.0
72.6
193.0
64.1
55.8
78.7
69.5
241.0
77.8
90.3
39.1
113.0
72.5
82.0
138.0
205.0
221.0
62.9
147.0
26.3
121.0
28.2
62.4
169.0
80.2
103.0
104.0
112.0
121.0
118.0
163.0
65.3
34.0
63.6
156.0
92.4
60.6
52.6
139.0
96.2
197.0
