144.0
211.0
129.0
381.0
305.0
380.0
242.0
304.0
207.0
156.0
182.0
262.0
259.0
359.0
201.0
283.0
162.0
230.0
160.0
230.0
60.5
268.0
351.0
202.0
288.0
181.0
184.0
152.0
218.0
319.0
213.0
212.0
187.0
327.0
221.0
170.0
90.9
217.0
209.0
223.0
151.0
35.9
140.0
259.0
155.0
263.0
171.0
345.0
195.0
177.0
168.0
210.0
118.0
351.0
240.0
40.9
223.0
176.0
390.0
340.0
343.0
297.0
150.0
383.0
226.0
146.0
338.0
204.0
348.0
352.0
382.0
209.0
140.0
169.0
345.0
46.6
160.0
215.0
179.0
221.0
247.0
236.0
121.0
136.0
252.0
297.0
21.4
313.0
154.0
141.0
383.0
298.0
227.0
176.0
132.0
152.0
94.2
247.0
367.0
165.0
200.0
175.0
136.0
263.0
218.0
315.0
232.0
342.0
210.0
296.0
334.0
374.0
321.0
234.0
223.0
323.0
126.0
219.0
287.0
399.0
135.0
131.0
273.0
231.0
44.9
329.0
226.0
357.0
352.0
148.0
359.0
155.0
242.0
258.0
193.0
299.0
189.0
195.0
260.0
215.0
159.0
328.0
216.0
114.0
131.0
228.0
382.0
217.0
356.0
239.0
363.0
240.0
315.0
198.0
330.0
196.0
221.0
305.0
222.0
286.0
244.0
186.0
195.0
179.0
223.0
160.0
195.0
120.0
211.0
125.0
79.3
124.0
212.0
183.0
178.0
181.0
184.0
188.0
236.0
215.0
130.0
344.0
202.0
188.0
223.0
182.0
191.0
162.0
377.0
270.0
315.0
370.0
318.0
395.0
190.0
106.0
187.0
176.0
392.0
134.0
265.0
363.0
295.0
227.0
229.0
183.0
175.0
388.0
213.0
176.0
253.0
197.0
320.0
213.0
208.0
312.0
153.0
135.0
171.0
132.0
260.0
292.0
26.8
342.0
237.0
273.0
247.0
206.0
302.0
126.0
246.0
359.0
283.0
276.0
374.0
357.0
169.0
109.0
123.0
246.0
15.3
155.0
158.0
143.0
191.0
156.0
178.0
373.0
123.0
142.0
238.0
364.0
222.0
288.0
322.0
250.0
209.0
234.0
352.0
78.9
186.0
369.0
140.0
171.0
172.0
384.0
333.0
188.0
234.0
217.0
306.0
161.0
175.0
299.0
317.0
207.0
255.0
318.0
244.0
300.0
235.0
363.0
185.0
161.0
227.0
249.0
200.0
340.0
221.0
188.0
159.0
141.0
268.0
207.0
131.0
339.0
206.0
247.0
0.0
234.0
362.0
201.0
196.0
192.0
265.0
178.0
189.0
285.0
102.0
264.0
299.0
356.0
180.0
195.0
245.0
186.0
8.1
304.0
214.0
231.0
148.0
267.0
237.0
301.0
367.0
141.0
209.0
309.0
229.0
328.0
255.0
190.0
158.0
175.0
149.0
334.0
136.0
284.0
333.0
422.0
195.0
276.0
183.0
368.0
178.0
188.0
229.0
345.0
168.0
53.8
