94.8
41.5
139.0
202.0
166.0
240.0
63.6
135.0
34.2
218.0
49.0
47.9
35.8
168.0
74.0
96.5
103.0
84.3
85.0
23.2
175.0
98.1
211.0
30.9
137.0
87.3
49.0
116.0
52.0
132.0
67.3
23.1
95.7
187.0
46.0
59.9
153.0
40.2
47.1
57.1
82.7
198.0
103.0
119.0
90.1
107.0
62.9
159.0
32.1
54.2
76.3
21.1
132.0
165.0
98.1
203.0
13.4
60.9
204.0
200.0
168.0
158.0
211.0
197.0
53.2
106.0
152.0
34.7
158.0
181.0
208.0
63.4
147.0
67.5
136.0
187.0
124.0
104.0
63.0
14.1
105.0
5.5
118.0
103.0
101.0
157.0
210.0
173.0
96.9
202.0
243.0
112.0
81.8
56.3
148.0
135.0
175.0
37.4
181.0
87.7
64.2
90.6
127.0
76.3
48.2
129.0
86.6
177.0
76.5
157.0
194.0
234.0
135.0
17.0
51.7
141.0
112.0
73.8
148.0
259.0
102.0
104.0
113.0
41.4
196.0
149.0
47.0
171.0
166.0
95.8
205.0
84.4
76.7
118.0
88.2
159.0
81.3
73.2
81.6
50.6
104.0
189.0
79.2
121.0
118.0
53.0
212.0
37.9
216.0
88.6
223.0
53.8
128.0
36.5
144.0
43.8
31.8
165.0
19.5
146.0
30.3
60.8
49.4
52.7
77.2
93.6
68.9
147.0
59.1
111.0
167.0
152.0
45.0
73.3
50.8
87.2
49.3
84.8
57.2
36.5
117.0
204.0
46.8
80.0
85.6
78.0
95.1
73.4
190.0
130.0
129.0
231.0
178.0
256.0
66.6
222.0
66.4
56.9
218.0
145.0
103.0
223.0
109.0
74.2
68.3
55.0
90.9
195.0
34.7
108.0
105.0
45.0
147.0
60.0
83.5
126.0
102.0
103.0
69.3
194.0
93.0
105.0
205.0
203.0
93.8
134.0
87.3
60.2
124.0
112.0
15.0
200.0
96.8
89.9
235.0
180.0
101.0
126.0
130.0
75.4
247.0
73.7
82.2
106.0
45.6
121.0
60.0
233.0
136.0
97.4
92.4
178.0
59.1
101.0
183.0
83.4
63.1
67.8
213.0
155.0
57.5
189.0
111.0
130.0
80.6
244.0
147.0
69.3
29.0
67.8
120.0
129.0
55.7
159.0
177.0
67.9
108.0
178.0
96.4
161.0
62.3
224.0
44.9
79.7
44.4
110.0
51.6
137.0
90.9
62.8
136.0
112.0
82.2
23.8
193.0
199.0
52.1
26.0
232.0
0.0
222.0
76.7
90.0
46.2
125.0
83.2
45.9
122.0
138.0
125.0
113.0
216.0
50.2
53.0
102.0
54.9
226.0
118.0
68.5
72.3
98.3
111.0
58.1
161.0
228.0
203.0
67.2
170.0
12.3
188.0
68.3
47.8
150.0
65.5
88.2
144.0
97.7
144.0
158.0
203.0
41.4
89.6
41.7
196.0
66.5
38.7
75.8
205.0
91.8
182.0
