235.0
198.0
253.0
50.1
82.2
26.0
257.0
96.2
228.0
338.0
209.0
171.0
201.0
77.2
175.0
140.0
212.0
138.0
225.0
193.0
303.0
130.0
23.0
208.0
96.6
184.0
209.0
237.0
170.0
129.0
242.0
218.0
176.0
30.0
179.0
209.0
272.0
188.0
247.0
167.0
223.0
327.0
232.0
105.0
230.0
115.0
203.0
83.2
212.0
204.0
216.0
207.0
251.0
77.5
129.0
331.0
207.0
214.0
41.8
33.4
69.5
74.3
331.0
62.5
171.0
246.0
131.0
210.0
114.0
62.0
34.6
238.0
249.0
208.0
112.0
316.0
228.0
162.0
193.0
216.0
142.0
213.0
258.0
240.0
134.0
86.3
339.0
72.7
217.0
322.0
31.5
141.0
257.0
215.0
250.0
226.0
294.0
189.0
70.0
208.0
177.0
188.0
248.0
159.0
242.0
130.0
261.0
72.4
152.0
82.8
37.9
22.5
118.0
200.0
245.0
89.6
243.0
249.0
95.2
52.6
242.0
244.0
117.0
190.0
325.0
94.9
240.0
71.7
90.3
236.0
37.3
225.0
159.0
114.0
185.0
71.6
169.0
170.0
141.0
173.0
244.0
43.9
254.0
261.0
237.0
182.0
34.5
231.0
8.2
147.0
15.1
182.0
107.0
204.0
131.0
202.0
193.0
81.8
213.0
81.2
188.0
225.0
224.0
218.0
252.0
207.0
234.0
267.0
173.0
252.0
295.0
257.0
190.0
192.0
217.0
184.0
224.0
173.0
250.0
230.0
236.0
30.9
231.0
177.0
145.0
188.0
171.0
221.0
71.4
99.7
115.0
8.5
44.9
43.9
229.0
351.0
185.0
197.0
44.6
249.0
120.0
22.5
125.0
265.0
262.0
195.0
195.0
59.3
228.0
199.0
118.0
227.0
86.8
164.0
157.0
137.0
211.0
243.0
210.0
313.0
129.0
150.0
333.0
14.5
145.0
92.9
149.0
235.0
110.0
252.0
206.0
42.8
134.0
144.0
26.4
64.9
198.0
259.0
248.0
173.0
375.0
223.0
222.0
220.0
220.0
214.0
217.0
26.6
255.0
238.0
267.0
84.4
259.0
150.0
36.9
154.0
238.0
261.0
18.9
281.0
225.0
52.9
251.0
208.0
215.0
28.4
125.0
187.0
188.0
156.0
113.0
230.0
205.0
79.4
65.6
170.0
125.0
52.3
137.0
76.3
169.0
12.2
220.0
220.0
185.0
120.0
184.0
106.0
151.0
227.0
221.0
223.0
153.0
217.0
312.0
28.1
244.0
198.0
360.0
224.0
0.0
161.0
165.0
221.0
108.0
212.0
195.0
105.0
257.0
106.0
149.0
28.0
197.0
186.0
153.0
188.0
354.0
129.0
243.0
159.0
235.0
111.0
251.0
70.7
21.0
322.0
159.0
58.1
200.0
58.7
183.0
196.0
244.0
206.0
228.0
100.0
238.0
89.4
71.5
58.7
219.0
164.0
214.0
46.0
217.0
214.0
146.0
57.2
197.0
311.0
