85.2
53.7
92.2
181.0
105.0
179.0
113.0
104.0
83.1
177.0
61.8
75.3
71.8
158.0
16.2
96.0
51.6
29.5
78.4
57.3
143.0
61.7
151.0
61.5
88.0
16.0
61.8
76.5
31.9
132.0
95.4
72.6
17.3
126.0
34.7
62.1
112.0
43.2
100.0
36.9
76.1
166.0
71.8
58.6
82.0
62.7
56.3
171.0
65.0
57.2
63.5
62.9
90.7
177.0
39.4
170.0
62.8
67.7
189.0
139.0
143.0
96.8
170.0
209.0
39.6
99.5
164.0
61.7
147.0
152.0
182.0
91.4
107.0
60.9
145.0
155.0
67.8
19.3
39.0
72.1
37.0
68.8
108.0
79.9
51.9
96.1
178.0
113.0
56.8
161.0
182.0
112.0
110.0
67.9
108.0
82.2
134.0
59.7
193.0
47.2
20.6
27.0
87.3
75.8
97.2
129.0
115.0
141.0
9.4
95.9
133.0
173.0
151.0
61.2
101.0
123.0
82.1
102.0
87.1
199.0
95.3
85.9
67.1
45.2
164.0
128.0
96.0
183.0
178.0
89.2
159.0
77.8
39.9
57.6
19.6
98.2
7.8
9.4
58.9
29.0
97.6
128.0
107.0
100.0
76.6
41.7
182.0
86.8
156.0
38.2
163.0
51.7
112.0
57.1
144.0
55.5
48.2
105.0
68.5
85.2
57.6
78.3
77.5
70.8
105.0
46.2
86.9
106.0
24.8
105.0
134.0
111.0
46.0
32.0
70.1
23.7
77.4
9.2
106.0
85.5
76.0
144.0
84.7
8.9
15.5
27.6
19.5
74.0
202.0
69.6
128.0
170.0
117.0
195.0
82.0
190.0
37.8
50.3
192.0
105.0
57.4
162.0
109.0
118.0
117.0
48.4
34.1
187.0
83.6
43.1
52.9
79.8
120.0
18.1
6.8
125.0
50.2
96.6
64.8
153.0
53.8
105.0
173.0
142.0
26.3
72.9
39.4
88.3
101.0
105.0
68.7
159.0
73.5
89.3
174.0
156.0
37.7
98.9
87.9
54.2
215.0
76.7
75.6
59.7
73.7
66.4
70.3
173.0
94.6
90.8
120.0
190.0
113.0
101.0
122.0
48.6
91.2
117.0
152.0
121.0
78.1
168.0
105.0
63.5
54.7
184.0
159.0
26.0
61.2
20.6
119.0
89.0
58.3
98.6
117.0
21.4
54.4
118.0
43.3
99.8
40.0
163.0
72.9
61.1
41.1
48.9
37.1
139.0
17.5
80.5
76.7
62.7
81.6
72.8
152.0
138.0
97.0
74.0
200.0
80.0
161.0
0.0
13.4
74.2
64.5
51.4
48.7
85.1
96.9
63.8
112.0
156.0
50.6
39.5
30.9
40.9
194.0
117.0
96.5
31.6
74.9
67.1
107.0
100.0
167.0
162.0
11.7
109.0
55.9
127.0
67.8
49.3
110.0
40.1
81.6
134.0
82.9
83.7
133.0
222.0
72.1
89.0
67.2
168.0
70.4
66.8
26.7
145.0
36.9
150.0
