81.7
67.0
94.9
186.0
110.0
184.0
126.0
109.0
96.4
174.0
75.1
88.3
84.7
163.0
29.5
109.0
43.9
27.3
77.7
77.0
139.0
64.7
156.0
74.8
93.0
15.0
75.1
73.0
54.1
145.0
109.0
85.9
12.5
131.0
48.0
75.4
108.0
56.5
114.0
51.0
75.3
163.0
68.3
63.5
78.4
67.7
69.6
176.0
78.3
70.4
59.9
76.2
87.2
182.0
38.2
167.0
76.1
81.0
194.0
144.0
148.0
102.0
167.0
214.0
54.6
98.7
169.0
75.0
152.0
157.0
187.0
105.0
88.7
68.1
150.0
152.0
64.2
10.5
39.6
85.4
27.8
82.1
104.0
76.4
49.9
101.0
175.0
117.0
53.2
158.0
187.0
124.0
123.0
81.2
89.1
65.7
130.0
72.6
198.0
43.6
32.4
23.5
84.5
88.7
110.0
142.0
128.0
146.0
17.2
101.0
138.0
178.0
156.0
74.5
114.0
128.0
78.5
115.0
92.0
204.0
94.5
82.4
70.2
58.5
161.0
133.0
109.0
187.0
183.0
88.5
164.0
77.0
42.9
62.6
23.5
103.0
10.8
22.6
61.9
57.1
96.8
133.0
121.0
96.8
73.1
65.7
187.0
100.0
161.0
37.1
167.0
66.2
117.0
70.4
156.0
68.8
61.5
110.0
81.8
90.1
72.2
91.6
90.8
84.1
119.0
42.7
100.0
105.0
38.1
104.0
131.0
96.1
59.3
32.5
83.4
23.8
90.7
7.7
119.0
98.8
72.4
149.0
98.0
12.7
20.9
28.1
7.4
73.2
207.0
74.5
141.0
175.0
122.0
200.0
95.3
187.0
34.9
44.1
197.0
87.9
60.5
167.0
121.0
132.0
131.0
61.7
30.5
192.0
96.9
38.4
54.4
93.1
125.0
47.6
9.4
138.0
46.7
95.8
61.3
149.0
56.9
118.0
169.0
147.0
27.9
77.9
42.4
102.0
106.0
104.0
82.0
164.0
76.5
102.0
179.0
161.0
34.1
95.4
84.4
57.2
211.0
75.9
74.9
56.2
87.0
53.7
83.6
178.0
91.0
90.0
134.0
195.0
126.0
114.0
127.0
51.6
104.0
130.0
157.0
117.0
91.4
173.0
104.0
47.0
51.1
189.0
163.0
30.1
71.9
40.0
115.0
69.0
71.6
103.0
121.0
34.7
39.9
123.0
44.8
105.0
52.4
168.0
86.2
57.6
54.4
53.8
50.4
144.0
19.1
93.8
60.2
59.2
94.5
86.1
148.0
143.0
110.0
81.4
196.0
93.3
166.0
13.4
0.0
87.5
69.4
47.8
62.0
90.0
93.3
68.7
125.0
161.0
63.8
52.8
23.6
39.8
190.0
130.0
110.0
43.0
71.4
72.1
120.0
105.0
172.0
158.0
25.0
114.0
69.1
132.0
66.8
62.6
83.6
40.6
80.8
138.0
79.4
88.6
138.0
227.0
85.4
102.0
80.5
173.0
83.6
80.1
29.8
150.0
33.4
147.0
