58.1
38.9
112.0
220.0
164.0
239.0
50.5
153.0
25.7
183.0
20.7
94.4
77.9
186.0
57.9
115.0
87.2
89.0
54.4
57.6
136.0
117.0
210.0
20.2
147.0
83.6
32.9
88.9
70.5
151.0
21.4
26.0
92.0
186.0
64.4
25.5
117.0
44.7
26.2
75.5
44.1
160.0
86.5
118.0
74.0
122.0
30.3
178.0
13.5
23.0
60.1
28.0
101.0
183.0
98.8
164.0
36.2
18.8
222.0
199.0
202.0
156.0
176.0
216.0
71.6
67.5
170.0
28.7
176.0
211.0
241.0
17.4
120.0
51.4
154.0
149.0
108.0
103.0
46.9
39.9
106.0
50.0
79.4
66.1
111.0
156.0
172.0
172.0
69.6
167.0
242.0
131.0
35.9
15.9
132.0
119.0
139.0
78.7
199.0
71.6
48.1
86.9
99.7
94.8
34.6
148.0
40.7
201.0
81.9
155.0
193.0
233.0
153.0
55.2
40.1
182.0
79.9
27.9
146.0
258.0
63.2
65.5
132.0
59.9
158.0
188.0
44.5
189.0
185.0
57.2
218.0
52.5
95.2
117.0
60.0
158.0
77.5
69.5
100.0
69.1
65.7
187.0
33.2
82.0
90.4
71.4
241.0
35.4
215.0
97.6
222.0
72.2
147.0
20.4
163.0
27.7
50.2
164.0
35.7
145.0
76.0
12.4
5.3
10.0
31.3
77.4
22.9
120.0
63.2
72.7
128.0
135.0
39.6
57.2
16.4
67.6
5.7
81.0
54.7
33.4
89.7
203.0
12.6
76.3
81.8
61.9
91.4
39.0
209.0
129.0
147.0
229.0
177.0
254.0
18.4
184.0
50.3
40.7
251.0
118.0
121.0
222.0
128.0
44.5
45.7
38.9
74.8
213.0
32.2
91.7
112.0
9.1
179.0
70.6
79.7
144.0
86.2
64.6
53.2
158.0
111.0
124.0
166.0
201.0
95.7
132.0
106.0
14.3
142.0
72.9
59.4
218.0
115.0
108.0
233.0
198.0
85.5
87.9
91.1
93.8
208.0
39.3
50.9
90.2
3.7
105.0
16.7
232.0
120.0
58.8
46.4
196.0
38.6
120.0
181.0
102.0
17.2
51.0
211.0
116.0
8.1
208.0
72.7
114.0
64.5
243.0
165.0
53.2
65.8
75.2
138.0
101.0
21.3
158.0
176.0
58.0
114.0
177.0
103.0
159.0
80.8
222.0
4.0
57.0
46.3
108.0
42.1
156.0
90.2
16.9
119.0
95.5
101.0
25.7
158.0
198.0
23.0
68.1
193.0
47.2
221.0
73.0
86.3
0.0
124.0
67.0
29.7
145.0
122.0
123.0
131.0
215.0
34.1
36.9
104.0
38.8
188.0
136.0
22.6
90.7
82.2
127.0
46.1
160.0
226.0
167.0
66.7
168.0
42.9
187.0
86.8
31.7
123.0
49.4
49.6
163.0
61.6
143.0
192.0
222.0
14.0
108.0
9.2
227.0
24.0
8.3
87.8
204.0
75.7
144.0
