138.0
102.0
156.0
129.0
52.8
127.0
160.0
48.6
131.0
241.0
112.0
108.0
104.0
106.0
78.2
69.3
116.0
41.3
129.0
96.6
207.0
46.3
98.4
112.0
32.7
87.7
112.0
140.0
73.7
110.0
146.0
122.0
79.3
74.3
82.6
112.0
176.0
91.0
150.0
70.6
126.0
230.0
136.0
7.0
134.0
22.4
107.0
119.0
115.0
107.0
120.0
111.0
155.0
125.0
28.0
234.0
111.0
118.0
137.0
87.0
90.8
44.6
234.0
157.0
74.2
150.0
112.0
113.0
95.0
99.7
130.0
142.0
153.0
111.0
92.8
219.0
132.0
65.1
96.6
120.0
34.2
117.0
162.0
144.0
26.9
30.9
242.0
60.3
121.0
225.0
130.0
79.6
160.0
118.0
153.0
130.0
198.0
92.2
141.0
111.0
80.1
91.0
151.0
68.7
145.0
111.0
165.0
89.1
55.3
43.7
81.1
121.0
98.9
103.0
148.0
70.7
146.0
152.0
21.5
146.0
146.0
148.0
38.1
93.0
228.0
76.0
144.0
130.0
126.0
139.0
107.0
128.0
55.4
7.9
88.5
45.9
72.3
73.6
57.2
76.7
148.0
75.7
157.0
164.0
141.0
85.3
130.0
135.0
103.0
42.7
110.0
85.8
56.8
107.0
112.0
106.0
96.1
37.3
116.0
33.0
91.8
129.0
128.0
121.0
155.0
110.0
137.0
170.0
76.8
155.0
198.0
160.0
93.9
95.9
120.0
87.6
128.0
76.1
154.0
133.0
140.0
91.4
135.0
80.4
49.0
91.5
74.3
124.0
150.0
12.4
67.9
118.0
65.2
143.0
132.0
254.0
88.0
101.0
140.0
152.0
33.1
110.0
61.0
169.0
165.0
98.7
98.0
135.0
131.0
103.0
28.9
130.0
67.9
67.2
60.1
118.0
114.0
147.0
113.0
217.0
40.7
72.2
237.0
89.8
48.1
16.1
47.5
139.0
46.0
155.0
110.0
107.0
54.6
64.6
122.0
104.0
102.0
163.0
152.0
76.8
279.0
127.0
126.0
124.0
124.0
118.0
121.0
120.0
159.0
141.0
171.0
138.0
163.0
78.6
69.8
52.9
141.0
165.0
99.9
185.0
128.0
116.0
155.0
111.0
119.0
131.0
106.0
90.9
91.5
59.5
55.2
133.0
109.0
46.4
64.3
73.4
23.1
65.5
35.0
47.6
72.0
111.0
123.0
123.0
88.9
17.6
87.3
87.0
54.3
131.0
124.0
127.0
62.3
121.0
216.0
86.0
147.0
101.0
264.0
128.0
109.0
64.7
68.5
124.0
0.0
115.0
98.9
27.8
161.0
18.1
84.6
103.0
101.0
89.8
39.3
91.2
258.0
68.7
147.0
62.5
139.0
23.5
155.0
48.0
115.0
226.0
62.2
56.8
104.0
75.3
86.4
99.5
148.0
109.0
132.0
81.3
141.0
23.3
80.7
170.0
122.0
79.2
117.0
115.0
121.0
117.0
49.5
92.4
101.0
214.0
