40.8
63.3
69.4
231.0
155.0
229.0
115.0
154.0
80.1
154.0
54.9
114.0
111.0
208.0
25.4
135.0
28.4
79.4
31.1
82.1
121.0
117.0
200.0
54.6
138.0
30.0
54.9
53.7
67.4
171.0
88.5
64.7
32.9
176.0
70.3
43.2
89.0
69.1
93.3
72.5
28.7
144.0
49.0
108.0
36.2
113.0
41.5
198.0
58.1
49.8
13.4
62.4
67.9
203.0
89.2
149.0
74.9
48.9
239.0
189.0
193.0
147.0
148.0
236.0
75.1
52.2
190.0
55.9
197.0
202.0
232.0
84.5
84.5
21.5
195.0
134.0
45.0
71.9
13.8
77.9
96.9
88.6
64.1
49.3
102.0
146.0
156.0
162.0
19.4
139.0
232.0
151.0
103.0
49.1
85.1
74.2
111.0
98.8
220.0
10.0
23.0
16.0
64.4
115.0
102.0
168.0
108.0
191.0
59.2
146.0
183.0
223.0
173.0
86.4
107.0
173.0
58.3
95.0
137.0
249.0
47.9
50.1
123.0
80.7
142.0
178.0
98.9
209.0
205.0
41.9
209.0
30.4
91.0
107.0
18.6
148.0
38.7
28.8
110.0
64.6
50.3
178.0
100.0
66.7
53.8
77.2
232.0
89.8
205.0
88.1
212.0
92.4
167.0
50.2
183.0
48.6
73.0
155.0
74.3
135.0
96.2
59.4
70.5
51.9
98.3
18.6
68.0
83.3
60.3
57.4
113.0
87.7
64.0
7.6
51.2
16.3
57.7
37.8
109.0
90.4
53.2
194.0
77.8
37.5
72.3
11.7
36.6
26.7
229.0
119.0
167.0
220.0
167.0
245.0
63.1
168.0
20.7
28.5
242.0
82.6
114.0
212.0
148.0
112.0
113.0
35.5
8.1
237.0
86.5
32.9
103.0
72.9
170.0
62.1
57.2
164.0
27.4
49.3
7.9
130.0
109.0
144.0
151.0
192.0
86.1
123.0
96.0
81.4
151.0
57.6
98.0
209.0
135.0
128.0
224.0
206.0
18.1
72.5
65.1
95.7
193.0
29.4
28.3
36.9
66.8
45.8
51.4
223.0
71.8
43.5
114.0
217.0
106.0
140.0
172.0
99.7
84.3
118.0
202.0
97.9
59.2
218.0
57.4
55.6
8.8
233.0
185.0
15.7
85.9
66.7
158.0
66.2
48.0
148.0
166.0
57.0
104.0
168.0
93.2
150.0
84.4
213.0
58.6
15.3
76.6
98.8
52.8
189.0
78.2
61.6
68.7
39.9
121.0
71.7
129.0
188.0
90.1
99.2
178.0
85.8
211.0
50.5
45.5
67.3
114.0
0.0
41.7
135.0
74.1
114.0
151.0
205.0
45.6
47.5
94.2
21.4
172.0
157.0
89.6
81.0
44.3
117.0
113.0
150.0
217.0
139.0
58.2
159.0
81.5
177.0
107.0
42.4
87.4
9.6
34.2
183.0
43.8
134.0
183.0
272.0
65.2
128.0
56.0
218.0
51.4
59.9
78.3
194.0
11.3
129.0
