53.1
25.0
97.5
213.0
138.0
212.0
79.4
137.0
44.4
177.0
8.8
76.3
72.7
168.0
31.1
96.9
61.6
62.2
43.3
43.8
133.0
98.5
183.0
16.4
121.0
56.8
6.1
74.5
53.0
133.0
50.2
26.4
65.2
159.0
46.8
21.6
111.0
30.9
55.1
58.0
41.0
157.0
60.9
91.2
48.4
95.3
12.2
160.0
19.8
11.6
34.5
24.1
90.1
165.0
72.0
161.0
36.6
27.3
222.0
172.0
176.0
129.0
170.0
198.0
53.9
64.4
152.0
17.6
180.0
184.0
215.0
46.3
105.0
25.8
136.0
146.0
81.9
76.1
21.3
39.7
79.6
50.4
76.3
61.6
84.5
129.0
169.0
145.0
55.2
161.0
215.0
112.0
64.7
27.5
106.0
93.0
133.0
60.6
181.0
46.0
21.3
60.1
85.3
76.7
63.4
130.0
69.6
174.0
55.1
128.0
166.0
206.0
135.0
48.1
68.9
156.0
70.5
56.7
120.0
231.0
60.1
62.3
101.0
41.8
155.0
161.0
63.3
171.0
166.0
54.1
191.0
42.6
76.6
90.2
33.2
131.0
50.7
42.7
82.0
29.6
62.5
161.0
62.1
78.9
76.0
53.7
215.0
54.1
188.0
70.8
195.0
54.1
129.0
8.4
144.0
9.5
34.7
137.0
36.0
118.0
57.9
43.7
32.3
17.1
60.1
51.9
51.8
105.0
36.4
69.6
125.0
110.0
20.6
31.6
13.1
42.0
32.2
54.2
73.4
52.1
75.3
176.0
39.6
49.5
55.0
36.3
64.6
38.9
191.0
102.0
129.0
203.0
150.0
227.0
41.6
181.0
19.3
15.2
225.0
103.0
95.2
195.0
109.0
73.3
74.5
5.8
49.2
195.0
50.9
66.1
85.5
34.7
153.0
43.8
52.9
126.0
60.6
61.5
27.6
152.0
88.1
106.0
163.0
175.0
68.9
106.0
73.6
43.2
124.0
69.8
59.8
192.0
97.2
90.2
206.0
189.0
59.9
84.8
88.0
75.8
205.0
41.6
40.5
64.6
28.5
79.1
29.8
205.0
93.9
55.7
75.3
178.0
67.5
102.0
155.0
85.3
46.0
79.8
185.0
113.0
40.4
201.0
69.6
88.8
38.9
216.0
147.0
26.4
47.7
48.4
120.0
87.0
13.3
131.0
149.0
31.2
87.0
150.0
75.9
132.0
62.7
196.0
27.8
38.0
25.2
81.5
16.4
138.0
63.4
45.7
93.8
69.9
82.5
33.5
151.0
171.0
51.8
60.9
190.0
47.6
194.0
46.2
59.5
29.1
97.1
41.4
0.0
118.0
96.2
96.4
113.0
188.0
5.0
11.2
76.9
13.2
184.0
118.0
51.4
66.5
56.6
99.7
74.9
133.0
200.0
161.0
39.9
142.0
43.3
160.0
68.7
6.0
108.0
23.8
46.5
166.0
56.0
116.0
166.0
204.0
26.9
89.9
14.2
200.0
29.9
21.7
61.0
177.0
50.1
141.0
