158.0
92.4
176.0
97.6
49.4
124.0
152.0
31.1
122.0
261.0
132.0
58.3
70.4
70.0
98.2
43.2
135.0
61.3
149.0
79.7
227.0
24.5
95.0
132.0
16.5
108.0
132.0
160.0
93.6
79.4
166.0
112.0
99.3
70.8
73.5
132.0
196.0
111.0
170.0
63.2
146.0
250.0
156.0
19.8
154.0
15.5
126.0
76.0
135.0
127.0
140.0
102.0
175.0
93.9
31.2
254.0
102.0
138.0
99.1
83.6
59.9
41.1
254.0
108.0
60.5
170.0
81.1
100.0
60.1
68.8
96.3
162.0
173.0
131.0
57.9
239.0
152.0
59.9
117.0
111.0
43.9
97.7
182.0
164.0
20.7
36.2
262.0
56.9
141.0
245.0
127.0
53.3
180.0
138.0
173.0
150.0
217.0
61.0
110.0
131.0
100.0
111.0
171.0
46.9
136.0
70.3
185.0
58.2
75.2
26.9
77.7
118.0
68.3
86.1
140.0
34.6
166.0
172.0
29.5
143.0
165.0
168.0
12.0
80.0
248.0
45.4
135.0
99.8
95.4
159.0
89.9
148.0
42.0
28.7
108.0
38.4
92.2
93.5
35.9
96.6
168.0
72.3
177.0
184.0
161.0
68.4
126.0
126.0
99.9
33.5
107.0
64.3
39.3
127.0
81.2
126.0
85.3
49.0
108.0
29.6
71.8
148.0
148.0
141.0
175.0
130.0
157.0
190.0
96.7
175.0
218.0
180.0
95.9
116.0
140.0
108.0
148.0
96.1
145.0
125.0
160.0
88.0
155.0
100.0
68.9
111.0
94.2
144.0
120.0
21.1
50.4
114.0
61.8
139.0
152.0
274.0
108.0
120.0
136.0
172.0
16.2
107.0
43.5
189.0
156.0
119.0
118.0
104.0
123.0
123.0
17.7
150.0
39.8
87.1
80.1
66.8
134.0
167.0
133.0
237.0
24.8
45.8
256.0
86.3
41.7
15.3
37.2
158.0
28.5
175.0
93.1
82.8
28.5
38.5
118.0
73.2
122.0
183.0
172.0
44.6
299.0
147.0
146.0
144.0
144.0
138.0
140.0
117.0
178.0
161.0
191.0
107.0
183.0
52.5
66.3
34.8
161.0
156.0
96.4
205.0
148.0
85.1
175.0
131.0
139.0
128.0
75.8
111.0
74.6
79.5
37.7
153.0
128.0
32.0
60.9
93.4
34.7
62.1
25.8
44.2
53.9
107.0
143.0
143.0
109.0
29.2
107.0
46.1
74.2
151.0
144.0
147.0
40.4
112.0
236.0
82.6
167.0
76.9
283.0
119.0
106.0
84.7
88.4
144.0
27.8
135.0
119.0
0.0
181.0
12.8
58.2
100.0
121.0
110.0
47.6
111.0
278.0
51.2
167.0
50.2
159.0
10.8
146.0
44.5
111.0
245.0
82.1
53.4
95.0
53.5
49.3
119.0
168.0
129.0
152.0
50.7
161.0
25.7
49.8
115.0
142.0
58.2
137.0
84.6
141.0
137.0
43.5
71.4
121.0
234.0
