51.4
117.0
20.4
279.0
203.0
278.0
160.0
202.0
125.0
82.9
109.0
159.0
156.0
257.0
99.1
180.0
60.0
128.0
57.8
141.0
44.1
166.0
249.0
109.0
186.0
78.6
109.0
50.4
116.0
216.0
131.0
119.0
84.9
225.0
119.0
87.8
17.5
127.0
127.0
121.0
73.3
67.7
38.0
157.0
53.1
161.0
95.5
270.0
112.0
94.4
65.6
116.0
18.4
275.0
138.0
71.9
129.0
93.4
288.0
238.0
241.0
195.0
76.1
308.0
124.0
63.8
262.0
110.0
246.0
250.0
280.0
127.0
34.1
75.5
243.0
56.7
57.8
113.0
85.3
132.0
145.0
143.0
39.7
43.1
150.0
195.0
79.6
211.0
51.7
67.1
281.0
196.0
145.0
93.6
26.6
46.1
39.3
144.0
291.0
62.9
106.0
72.8
46.6
160.0
135.0
213.0
150.0
240.0
108.0
194.0
232.0
272.0
218.0
145.0
141.0
221.0
34.3
137.0
185.0
297.0
52.9
43.6
171.0
129.0
65.6
227.0
143.0
281.0
277.0
66.0
257.0
61.8
140.0
156.0
91.1
197.0
87.2
92.6
159.0
113.0
77.6
226.0
134.0
32.0
29.1
126.0
280.0
134.0
254.0
137.0
261.0
136.0
212.0
104.0
228.0
103.0
132.0
203.0
128.0
184.0
142.0
104.0
113.0
96.5
141.0
58.1
113.0
10.2
109.0
42.9
35.9
15.8
118.0
81.1
95.8
79.3
102.0
86.3
154.0
132.0
25.4
242.0
120.0
86.0
121.0
79.5
88.6
71.2
301.0
168.0
212.0
268.0
216.0
293.0
108.0
91.6
92.8
82.4
290.0
28.9
163.0
261.0
193.0
145.0
146.0
89.5
72.6
286.0
131.0
73.9
151.0
115.0
218.0
111.0
106.0
209.0
51.0
53.3
80.5
58.4
158.0
189.0
74.1
240.0
135.0
171.0
145.0
124.0
200.0
42.2
153.0
257.0
180.0
173.0
272.0
255.0
67.1
27.1
27.8
144.0
116.0
73.9
62.3
40.7
109.0
66.1
95.9
271.0
12.6
55.6
156.0
288.0
139.0
185.0
220.0
148.0
127.0
152.0
250.0
26.5
104.0
267.0
58.6
65.7
70.4
282.0
257.0
89.2
145.0
115.0
203.0
55.6
92.5
197.0
215.0
105.0
153.0
216.0
142.0
198.0
133.0
261.0
103.0
59.1
125.0
147.0
107.0
238.0
119.0
106.0
53.5
39.4
166.0
125.0
57.5
237.0
124.0
158.0
101.0
140.0
260.0
99.0
94.0
110.0
163.0
74.0
95.7
184.0
0.0
162.0
196.0
254.0
99.5
102.0
143.0
92.0
95.4
201.0
132.0
129.0
46.0
166.0
154.0
199.0
265.0
67.3
107.0
207.0
140.0
226.0
152.0
96.3
52.9
81.0
78.8
232.0
49.1
182.0
231.0
320.0
113.0
173.0
101.0
266.0
96.0
114.0
127.0
243.0
65.7
51.7
