138.0
101.0
155.0
126.0
49.9
124.0
160.0
44.0
130.0
240.0
111.0
61.5
73.7
103.0
77.5
51.2
115.0
40.6
128.0
95.8
206.0
28.2
95.5
111.0
25.6
87.0
111.0
140.0
72.9
107.0
145.0
121.0
78.6
71.4
81.8
112.0
175.0
90.3
150.0
69.8
126.0
229.0
135.0
11.1
133.0
10.1
106.0
116.0
114.0
107.0
119.0
110.0
154.0
122.0
27.2
234.0
110.0
117.0
134.0
84.1
87.9
41.6
234.0
154.0
73.4
149.0
109.0
112.0
92.1
96.8
127.0
141.0
152.0
110.0
89.9
218.0
131.0
64.3
95.8
119.0
33.5
116.0
161.0
143.0
15.2
36.7
241.0
57.4
120.0
225.0
127.0
61.3
159.0
117.0
153.0
129.0
197.0
63.6
138.0
110.0
79.3
90.2
150.0
50.6
144.0
78.3
164.0
86.2
54.5
36.0
78.2
118.0
96.0
102.0
148.0
47.5
145.0
151.0
32.8
144.0
145.0
147.0
20.0
92.3
227.0
73.1
143.0
127.0
123.0
139.0
104.0
127.0
40.9
20.0
87.8
43.0
71.6
72.8
39.1
75.9
147.0
72.8
157.0
164.0
140.0
84.6
127.0
134.0
100.0
28.1
107.0
59.4
52.2
107.0
109.0
105.0
95.3
49.5
116.0
30.1
91.0
128.0
127.0
120.0
155.0
109.0
136.0
169.0
76.0
154.0
198.0
160.0
93.1
95.2
120.0
86.9
127.0
75.4
153.0
133.0
139.0
88.5
134.0
79.7
48.2
90.8
73.6
124.0
147.0
21.9
63.3
115.0
62.3
140.0
132.0
253.0
87.3
99.8
137.0
151.0
15.0
107.0
52.6
168.0
164.0
97.9
97.3
132.0
131.0
102.0
12.2
129.0
65.0
66.4
59.4
74.8
113.0
146.0
112.0
216.0
24.0
53.8
236.0
86.9
47.3
18.4
30.1
138.0
41.4
154.0
109.0
104.0
36.5
46.5
119.0
101.0
101.0
162.0
151.0
43.5
278.0
126.0
125.0
123.0
123.0
117.0
120.0
118.0
158.0
140.0
170.0
135.0
162.0
60.5
66.9
33.7
141.0
164.0
96.9
184.0
128.0
113.0
154.0
110.0
118.0
128.0
103.0
90.2
90.8
58.8
50.6
132.0
108.0
43.4
61.4
72.7
22.3
62.6
20.4
44.7
52.8
108.0
122.0
123.0
88.2
16.8
86.6
59.0
53.5
130.0
124.0
126.0
44.2
120.0
215.0
83.1
146.0
100.0
263.0
127.0
106.0
64.0
67.8
124.0
18.1
115.0
98.2
12.9
160.0
0.0
66.2
101.0
100.0
89.0
38.5
90.4
257.0
60.5
146.0
46.1
138.0
5.4
154.0
45.0
112.0
225.0
61.5
53.9
103.0
72.4
52.5
98.8
147.0
108.0
131.0
78.4
141.0
26.3
77.8
167.0
122.0
61.1
117.0
113.0
120.0
116.0
48.8
89.5
100.0
213.0
