171.0
98.7
199.0
97.4
99.9
167.0
158.0
49.3
129.0
284.0
124.0
43.4
61.6
63.6
118.0
16.3
159.0
114.0
161.0
85.9
251.0
43.2
114.0
113.0
51.8
131.0
124.0
183.0
95.4
21.2
162.0
118.0
145.0
114.0
86.8
146.0
219.0
97.8
141.0
91.2
159.0
275.0
179.0
77.3
166.0
68.8
139.0
54.8
127.0
130.0
152.0
108.0
198.0
60.3
84.8
279.0
108.0
151.0
99.2
101.0
73.9
92.0
277.0
92.7
87.7
182.0
47.4
107.0
53.6
76.9
103.0
158.0
214.0
144.0
40.7
264.0
175.0
133.0
139.0
118.0
97.5
104.0
194.0
179.0
68.8
104.0
286.0
74.5
164.0
268.0
170.0
15.2
177.0
135.0
219.0
196.0
241.0
67.0
76.5
154.0
120.0
134.0
194.0
47.5
143.0
20.9
182.0
72.3
122.0
60.5
121.0
161.0
32.5
92.4
146.0
65.9
188.0
169.0
80.5
122.0
178.0
180.0
46.2
86.2
272.0
58.4
141.0
66.1
61.7
172.0
101.0
160.0
70.9
86.2
132.0
80.7
125.0
117.0
51.8
93.8
180.0
89.5
157.0
197.0
184.0
81.7
108.0
132.0
143.0
73.8
150.0
69.5
41.3
117.0
32.9
113.0
91.6
99.5
114.0
70.7
77.0
156.0
144.0
148.0
172.0
153.0
164.0
213.0
102.0
187.0
243.0
217.0
102.0
139.0
129.0
131.0
144.0
128.0
152.0
131.0
183.0
106.0
141.0
123.0
115.0
135.0
140.0
157.0
86.0
75.0
31.9
158.0
96.4
183.0
162.0
298.0
132.0
133.0
113.0
218.0
56.3
150.0
23.6
169.0
163.0
131.0
141.0
90.4
129.0
150.0
62.1
139.0
63.7
117.0
126.0
11.8
157.0
179.0
145.0
260.0
53.7
12.4
281.0
130.0
123.0
68.4
65.3
155.0
38.6
188.0
99.3
95.5
31.5
27.0
111.0
75.5
145.0
203.0
195.0
67.5
323.0
159.0
158.0
167.0
141.0
173.0
154.0
161.0
202.0
173.0
187.0
73.6
153.0
17.3
110.0
65.8
158.0
162.0
140.0
228.0
152.0
84.8
187.0
177.0
157.0
171.0
42.1
135.0
80.9
109.0
34.3
199.0
129.0
65.6
81.1
111.0
93.1
106.0
71.9
94.0
82.3
151.0
140.0
156.0
102.0
82.6
109.0
40.5
120.0
158.0
190.0
170.0
41.1
118.0
259.0
126.0
146.0
82.1
308.0
125.0
149.0
120.0
135.0
141.0
84.3
159.0
122.0
57.6
204.0
66.1
0.0
109.0
126.0
117.0
131.0
131.0
302.0
19.1
163.0
79.0
174.0
64.1
152.0
91.4
155.0
269.0
111.0
96.9
101.0
76.2
54.8
124.0
214.0
142.0
164.0
50.1
174.0
74.6
63.8
98.8
136.0
31.0
130.0
91.7
154.0
134.0
105.0
85.4
144.0
259.0
