249.0
212.0
267.0
37.1
66.6
43.5
271.0
68.7
242.0
352.0
223.0
152.0
164.0
48.8
189.0
109.0
226.0
152.0
239.0
207.0
317.0
144.0
5.3
223.0
81.1
199.0
223.0
251.0
184.0
89.4
256.0
233.0
190.0
30.3
193.0
223.0
287.0
202.0
261.0
181.0
237.0
341.0
247.0
120.0
245.0
130.0
217.0
54.8
226.0
218.0
231.0
222.0
265.0
56.4
144.0
345.0
221.0
229.0
28.8
20.5
38.5
67.5
345.0
49.5
185.0
261.0
70.2
224.0
59.6
33.6
16.5
252.0
264.0
222.0
74.9
330.0
243.0
176.0
207.0
231.0
156.0
227.0
272.0
255.0
148.0
79.4
353.0
54.4
231.0
336.0
49.1
102.0
271.0
229.0
264.0
241.0
308.0
203.0
51.2
222.0
191.0
202.0
262.0
140.0
256.0
90.4
276.0
44.0
166.0
70.7
44.4
40.0
78.3
214.0
259.0
62.1
257.0
263.0
88.3
39.8
256.0
259.0
131.0
204.0
339.0
66.2
255.0
50.6
69.2
250.0
10.1
239.0
173.0
128.0
199.0
60.1
183.0
184.0
155.0
187.0
259.0
31.0
268.0
275.0
251.0
196.0
23.5
245.0
21.9
161.0
24.9
197.0
77.4
218.0
82.0
217.0
207.0
74.9
227.0
95.5
203.0
239.0
238.0
232.0
266.0
221.0
248.0
281.0
188.0
266.0
309.0
271.0
205.0
207.0
231.0
198.0
238.0
187.0
265.0
244.0
251.0
10.9
246.0
191.0
160.0
202.0
185.0
235.0
54.8
114.0
78.6
35.3
41.2
61.5
243.0
365.0
199.0
211.0
35.7
263.0
135.0
49.3
94.5
279.0
276.0
209.0
209.0
46.2
242.0
213.0
132.0
241.0
58.1
178.0
171.0
97.1
225.0
258.0
224.0
327.0
144.0
110.0
347.0
24.2
159.0
107.0
163.0
249.0
79.5
266.0
221.0
15.7
112.0
128.0
16.5
43.9
212.0
274.0
263.0
188.0
390.0
238.0
237.0
234.0
235.0
229.0
231.0
30.8
269.0
252.0
281.0
63.3
274.0
132.0
37.0
169.0
252.0
275.0
39.6
295.0
239.0
31.8
266.0
222.0
229.0
50.2
67.8
202.0
202.0
170.0
85.3
244.0
219.0
67.3
50.3
184.0
139.0
57.1
151.0
69.4
183.0
29.7
234.0
234.0
200.0
134.0
198.0
69.1
165.0
242.0
235.0
237.0
133.0
231.0
326.0
39.1
258.0
212.0
374.0
239.0
28.1
176.0
179.0
235.0
123.0
226.0
210.0
119.0
272.0
120.0
109.0
0.0
212.0
201.0
167.0
202.0
369.0
92.4
258.0
173.0
250.0
125.0
266.0
63.2
35.3
336.0
173.0
50.0
214.0
45.8
147.0
210.0
259.0
220.0
243.0
62.3
252.0
104.0
48.6
49.8
233.0
145.0
228.0
25.0
231.0
228.0
160.0
30.0
212.0
325.0
