46.2
28.4
101.0
217.0
141.0
215.0
83.4
140.0
48.4
180.0
6.5
79.6
76.0
194.0
34.5
100.0
65.1
65.6
46.8
47.2
124.0
102.0
187.0
20.4
124.0
60.2
3.6
78.0
56.4
136.0
54.3
30.4
68.6
162.0
59.2
16.0
115.0
34.2
59.1
61.4
32.2
148.0
64.4
94.6
51.9
98.8
8.4
163.0
23.9
7.4
38.0
28.1
89.3
168.0
75.4
152.0
40.7
21.7
225.0
175.0
179.0
133.0
173.0
201.0
64.1
55.5
156.0
21.0
183.0
188.0
218.0
50.3
109.0
29.3
140.0
137.0
85.4
79.5
24.7
43.7
83.0
54.4
67.4
65.0
87.9
132.0
160.0
149.0
58.7
164.0
218.0
116.0
68.7
21.9
109.0
96.5
136.0
63.9
185.0
49.5
24.7
63.5
88.7
80.0
67.5
133.0
73.6
177.0
58.5
132.0
169.0
209.0
138.0
51.5
73.0
159.0
74.0
60.8
123.0
235.0
51.3
53.5
105.0
45.1
146.0
164.0
67.3
174.0
170.0
45.3
195.0
40.5
80.0
93.6
36.6
134.0
54.1
46.1
85.3
53.5
53.7
164.0
66.1
70.0
79.5
66.2
218.0
58.1
192.0
74.2
199.0
57.5
132.0
10.5
148.0
13.1
38.0
141.0
40.1
121.0
61.2
32.3
36.3
14.8
64.1
55.3
40.9
109.0
39.8
60.7
116.0
113.0
29.1
35.1
10.8
60.1
18.2
57.6
77.4
56.1
78.8
180.0
43.6
52.9
58.4
39.8
68.0
27.0
194.0
106.0
132.0
206.0
153.0
231.0
36.0
172.0
26.9
18.6
228.0
107.0
98.6
198.0
113.0
77.3
78.5
5.4
52.7
198.0
54.9
69.6
88.9
38.7
156.0
47.2
56.3
129.0
64.1
52.6
31.1
155.0
91.5
109.0
154.0
178.0
72.3
109.0
77.0
47.2
128.0
61.0
63.8
195.0
100.0
93.6
210.0
192.0
63.4
75.9
79.2
79.1
196.0
27.3
44.0
68.1
32.6
82.5
24.2
209.0
97.4
46.8
79.3
182.0
71.5
105.0
158.0
88.7
50.1
83.8
188.0
105.0
32.1
204.0
60.7
92.3
42.3
220.0
150.0
29.8
51.0
51.8
123.0
90.5
9.8
135.0
153.0
34.6
90.4
154.0
79.3
136.0
66.0
199.0
31.5
41.5
35.8
84.9
28.0
141.0
66.8
34.5
97.3
73.4
85.9
37.5
155.0
174.0
55.8
64.3
181.0
51.6
197.0
49.6
62.9
33.1
101.0
44.9
5.3
121.0
99.7
99.8
116.0
192.0
0.0
22.8
80.3
15.6
176.0
122.0
55.4
69.9
60.0
103.0
78.9
136.0
203.0
164.0
43.3
145.0
47.3
164.0
72.0
17.6
112.0
27.3
37.6
170.0
49.6
120.0
169.0
207.0
31.0
93.2
11.9
204.0
24.3
14.6
64.4
181.0
53.5
132.0
