57.8
20.1
102.0
206.0
130.0
205.0
86.9
129.0
52.0
181.0
24.2
71.3
67.7
184.0
17.5
91.9
66.3
55.0
48.0
38.9
138.0
93.5
176.0
23.9
113.0
49.6
24.2
79.2
25.3
128.0
57.8
34.0
58.0
152.0
25.4
32.5
116.0
21.8
62.6
30.3
45.7
161.0
65.6
84.0
53.1
88.2
25.8
155.0
27.4
27.6
39.2
21.6
94.8
160.0
64.8
166.0
44.2
38.2
215.0
165.0
168.0
122.0
174.0
193.0
32.6
69.1
147.0
12.7
173.0
177.0
207.0
53.8
110.0
30.5
131.0
150.0
86.6
69.0
17.9
47.2
72.5
57.9
81.0
66.3
77.3
122.0
173.0
138.0
59.9
165.0
208.0
107.0
72.3
38.4
111.0
97.7
138.0
55.7
176.0
50.7
11.6
52.9
90.0
71.7
71.0
125.0
77.1
167.0
48.0
121.0
159.0
199.0
130.0
43.2
76.5
148.0
75.2
64.3
113.0
224.0
64.8
67.0
84.5
28.7
159.0
154.0
70.8
166.0
161.0
58.8
184.0
47.4
52.8
83.1
22.1
124.0
43.6
35.5
77.0
18.8
67.2
153.0
69.6
83.6
80.7
32.4
207.0
61.7
181.0
63.7
188.0
49.2
124.0
19.5
139.0
9.7
29.8
130.0
43.6
111.0
53.0
51.3
39.9
43.2
67.6
56.6
59.3
110.0
16.8
74.3
130.0
115.0
12.4
24.0
28.5
28.8
39.8
47.1
80.9
59.7
80.0
169.0
47.1
42.3
47.9
24.6
57.4
43.6
186.0
95.0
124.0
195.0
143.0
220.0
52.5
185.0
10.5
19.9
217.0
108.0
75.9
188.0
104.0
80.9
82.1
18.0
30.4
190.0
58.4
70.8
78.3
42.2
146.0
25.3
45.8
121.0
65.4
66.2
32.3
157.0
71.2
101.0
168.0
167.0
61.7
98.4
57.8
50.7
119.0
74.5
50.7
184.0
92.2
85.3
199.0
182.0
64.6
89.5
92.7
50.9
210.0
46.3
45.2
69.3
36.1
83.8
40.7
198.0
98.6
60.4
82.8
173.0
75.0
96.8
147.0
61.5
53.6
87.3
178.0
118.0
48.0
194.0
74.3
93.5
43.6
209.0
142.0
15.4
42.7
38.3
115.0
91.7
29.1
124.0
142.0
18.7
79.8
143.0
68.8
125.0
39.6
188.0
35.3
42.7
16.1
74.4
5.6
133.0
56.2
53.3
98.5
74.6
77.6
41.1
156.0
164.0
59.4
56.0
195.0
55.1
187.0
39.0
52.3
36.6
90.0
46.1
11.1
111.0
101.0
89.2
108.0
181.0
21.0
0.0
69.8
12.4
189.0
113.0
58.9
42.7
61.3
92.6
82.4
126.0
192.0
166.0
28.6
134.0
37.9
153.0
63.7
5.2
113.0
28.5
51.2
159.0
60.7
109.0
158.0
199.0
34.5
84.9
29.6
193.0
40.8
29.2
46.2
170.0
54.8
145.0
