120.0
79.7
116.0
176.0
99.8
174.0
139.0
98.7
109.0
205.0
94.0
86.0
82.4
153.0
60.2
107.0
65.0
19.1
111.0
74.7
171.0
58.2
145.0
93.7
82.8
37.9
94.0
105.0
51.8
157.0
128.0
98.6
34.4
121.0
60.7
94.2
140.0
69.2
122.0
48.7
108.0
194.0
99.9
33.4
116.0
32.7
88.5
166.0
97.2
89.3
91.1
88.9
119.0
172.0
16.4
198.0
88.8
99.9
184.0
134.0
138.0
91.5
199.0
204.0
52.3
132.0
159.0
87.7
142.0
147.0
177.0
124.0
110.0
93.1
140.0
183.0
85.4
13.3
78.5
98.1
4.2
94.8
144.0
108.0
30.5
65.4
206.0
107.0
84.9
189.0
177.0
122.0
142.0
100.0
110.0
86.8
162.0
70.3
188.0
74.7
62.0
72.9
106.0
86.4
123.0
139.0
147.0
136.0
26.4
90.7
128.0
168.0
146.0
81.1
127.0
118.0
110.0
134.0
55.4
193.0
127.0
130.0
54.8
71.2
192.0
123.0
122.0
177.0
173.0
121.0
154.0
110.0
40.6
31.4
70.5
92.9
33.7
55.5
59.6
54.8
130.0
123.0
139.0
146.0
105.0
63.4
177.0
113.0
150.0
27.4
157.0
63.9
107.0
89.3
159.0
87.7
74.2
99.4
94.5
80.0
69.9
110.0
110.0
103.0
137.0
73.8
119.0
127.0
56.3
137.0
162.0
117.0
72.0
77.9
102.0
69.6
110.0
30.5
132.0
111.0
104.0
138.0
117.0
35.5
25.6
73.5
29.4
106.0
197.0
44.4
139.0
165.0
112.0
190.0
114.0
218.0
69.9
82.5
187.0
109.0
45.0
157.0
119.0
149.0
143.0
80.6
79.9
182.0
110.0
59.6
37.1
112.0
115.0
45.3
24.2
136.0
78.3
129.0
94.9
181.0
50.3
115.0
201.0
137.0
7.9
67.7
35.9
120.0
96.1
137.0
88.1
154.0
70.0
100.0
169.0
151.0
63.0
127.0
116.0
54.9
243.0
109.0
108.0
87.8
106.0
74.9
102.0
167.0
123.0
123.0
153.0
185.0
145.0
112.0
117.0
43.1
123.0
143.0
147.0
149.0
110.0
163.0
137.0
68.2
82.3
178.0
153.0
72.9
69.6
37.7
105.0
90.2
90.5
93.4
111.0
55.4
16.3
113.0
29.3
94.6
50.1
158.0
105.0
88.7
67.1
21.9
67.6
134.0
15.9
113.0
81.3
90.8
92.3
98.8
180.0
133.0
129.0
79.1
228.0
106.0
156.0
30.9
25.0
106.0
39.3
85.9
80.8
47.6
125.0
38.6
123.0
150.0
82.7
71.7
0.0
73.1
222.0
128.0
129.0
40.7
103.0
36.8
133.0
95.0
162.0
190.0
44.1
104.0
81.9
122.0
64.5
81.4
105.0
91.2
114.0
128.0
123.0
78.5
128.0
217.0
104.0
99.6
99.3
162.0
103.0
99.0
27.7
139.0
82.8
178.0
