48.2
34.9
92.7
208.0
132.0
206.0
89.3
131.0
54.3
172.0
26.5
86.1
82.6
185.0
15.9
107.0
56.8
56.7
38.5
53.7
128.0
90.5
178.0
26.3
115.0
31.1
26.5
69.7
39.7
143.0
60.1
36.3
39.5
154.0
42.5
27.1
106.0
40.8
65.0
44.7
36.2
152.0
56.1
85.8
43.6
89.9
16.0
169.0
29.7
22.2
29.7
34.0
85.3
175.0
66.5
156.0
46.5
32.8
216.0
166.0
170.0
124.0
165.0
207.0
47.4
59.6
162.0
27.5
174.0
179.0
209.0
56.2
100.0
12.9
172.0
141.0
77.1
70.7
7.4
49.6
74.2
60.2
71.5
56.8
79.1
123.0
164.0
140.0
50.4
156.0
210.0
122.0
74.6
33.0
101.0
88.2
128.0
70.5
191.0
41.2
11.0
28.8
80.5
86.6
73.3
139.0
79.4
168.0
49.7
123.0
161.0
201.0
145.0
58.0
78.8
150.0
65.7
66.6
114.0
226.0
55.3
57.5
96.0
51.7
150.0
155.0
73.1
181.0
176.0
49.3
186.0
37.8
63.3
84.8
16.7
125.0
29.8
27.2
82.2
36.8
57.7
155.0
72.0
74.1
71.2
49.5
209.0
64.0
183.0
65.4
190.0
64.0
138.0
21.8
154.0
20.2
44.6
132.0
45.9
112.0
67.8
43.4
42.2
35.8
70.0
47.0
52.0
101.0
26.4
64.8
120.0
105.0
24.7
13.7
35.2
23.4
42.1
32.4
83.3
62.0
70.5
171.0
49.5
27.6
49.6
17.4
42.7
34.1
201.0
96.8
139.0
197.0
145.0
222.0
47.1
176.0
5.6
5.4
219.0
98.6
89.8
190.0
119.0
83.2
84.4
10.0
23.3
205.0
60.8
61.3
80.1
44.6
147.0
33.9
47.5
136.0
55.8
56.7
22.8
147.0
82.7
116.0
158.0
169.0
63.5
100.0
68.2
53.0
129.0
65.0
69.7
186.0
107.0
100.0
201.0
183.0
55.1
80.0
83.2
67.9
201.0
36.8
35.7
59.8
38.4
74.3
35.3
200.0
89.1
50.9
85.2
188.0
77.4
112.0
149.0
72.0
55.9
89.7
179.0
109.0
43.2
195.0
64.8
84.0
34.1
211.0
157.0
9.9
57.6
38.5
130.0
82.2
23.3
126.0
144.0
21.2
81.6
145.0
70.5
127.0
56.7
190.0
37.7
33.2
28.5
76.1
18.0
166.0
58.0
45.6
89.0
65.1
92.4
43.4
146.0
165.0
61.7
70.8
185.0
57.5
189.0
40.8
39.8
39.0
91.7
21.4
13.4
112.0
91.4
90.9
123.0
183.0
15.6
12.8
71.5
0.0
180.0
128.0
61.3
53.2
51.8
94.3
84.8
127.0
194.0
156.0
30.0
136.0
53.2
155.0
78.6
11.0
103.0
13.5
41.7
161.0
51.2
111.0
160.0
249.0
36.8
99.8
31.9
195.0
35.4
31.5
55.6
172.0
29.6
136.0
