138.0
205.0
123.0
375.0
300.0
374.0
237.0
299.0
201.0
151.0
176.0
256.0
253.0
353.0
195.0
277.0
156.0
224.0
154.0
224.0
54.7
262.0
345.0
197.0
283.0
175.0
178.0
147.0
212.0
313.0
207.0
207.0
181.0
321.0
215.0
164.0
85.2
211.0
203.0
217.0
145.0
30.2
134.0
253.0
149.0
257.0
165.0
340.0
189.0
171.0
163.0
204.0
113.0
345.0
234.0
35.2
217.0
170.0
384.0
334.0
338.0
291.0
144.0
378.0
220.0
140.0
332.0
198.0
342.0
347.0
377.0
203.0
134.0
164.0
340.0
40.9
154.0
209.0
173.0
215.0
242.0
231.0
116.0
130.0
247.0
291.0
15.7
307.0
148.0
135.0
377.0
293.0
222.0
170.0
126.0
146.0
88.4
241.0
362.0
159.0
194.0
169.0
131.0
257.0
212.0
310.0
227.0
336.0
204.0
291.0
328.0
368.0
315.0
228.0
217.0
318.0
120.0
214.0
282.0
393.0
129.0
126.0
267.0
226.0
39.2
323.0
220.0
351.0
347.0
142.0
353.0
149.0
236.0
252.0
187.0
293.0
183.0
189.0
255.0
209.0
154.0
323.0
210.0
108.0
125.0
222.0
377.0
211.0
350.0
233.0
357.0
234.0
309.0
192.0
325.0
191.0
215.0
299.0
216.0
280.0
238.0
180.0
189.0
173.0
217.0
154.0
189.0
114.0
205.0
119.0
73.6
118.0
206.0
177.0
172.0
176.0
179.0
183.0
230.0
209.0
124.0
338.0
197.0
182.0
217.0
176.0
185.0
156.0
371.0
264.0
309.0
365.0
312.0
389.0
184.0
100.0
181.0
170.0
387.0
129.0
259.0
357.0
290.0
222.0
223.0
178.0
169.0
382.0
208.0
170.0
248.0
192.0
315.0
207.0
202.0
306.0
147.0
129.0
165.0
126.0
254.0
286.0
21.1
337.0
231.0
268.0
241.0
200.0
296.0
121.0
240.0
354.0
277.0
270.0
368.0
351.0
163.0
103.0
118.0
240.0
23.3
149.0
152.0
137.0
186.0
150.0
172.0
367.0
117.0
136.0
232.0
359.0
216.0
282.0
317.0
244.0
203.0
228.0
347.0
73.1
180.0
363.0
135.0
165.0
167.0
378.0
327.0
182.0
228.0
211.0
300.0
155.0
169.0
293.0
311.0
202.0
249.0
312.0
238.0
294.0
229.0
358.0
180.0
155.0
221.0
244.0
195.0
334.0
215.0
183.0
153.0
136.0
263.0
201.0
125.0
333.0
200.0
241.0
8.1
228.0
356.0
195.0
190.0
186.0
259.0
173.0
184.0
280.0
95.9
258.0
293.0
350.0
175.0
190.0
239.0
180.0
0.0
299.0
208.0
226.0
142.0
262.0
231.0
295.0
362.0
135.0
203.0
304.0
224.0
322.0
249.0
184.0
153.0
169.0
143.0
328.0
131.0
278.0
328.0
417.0
189.0
270.0
177.0
362.0
172.0
182.0
223.0
339.0
162.0
48.1
