167.0
94.8
195.0
91.7
80.0
147.0
154.0
33.4
125.0
280.0
120.0
55.5
67.6
48.3
114.0
19.8
155.0
77.7
157.0
82.0
247.0
37.5
94.4
109.0
36.0
127.0
120.0
180.0
91.5
31.2
158.0
114.0
142.0
94.4
82.9
142.0
215.0
93.9
138.0
87.3
155.0
271.0
175.0
65.2
162.0
63.2
135.0
49.1
123.0
126.0
148.0
104.0
194.0
54.6
79.2
275.0
104.0
147.0
93.5
80.8
53.9
72.1
273.0
87.1
83.8
178.0
41.8
103.0
37.3
62.8
90.3
154.0
210.0
140.0
24.6
260.0
171.0
129.0
135.0
114.0
91.8
100.0
190.0
175.0
63.1
65.7
283.0
54.5
160.0
264.0
150.0
11.3
173.0
131.0
215.0
192.0
237.0
63.1
70.9
150.0
116.0
130.0
190.0
43.6
139.0
19.1
178.0
52.2
118.0
44.6
101.0
141.0
22.1
88.5
142.0
38.7
184.0
165.0
64.6
116.0
174.0
176.0
40.6
82.3
269.0
35.3
138.0
60.5
56.0
168.0
83.9
157.0
67.0
73.9
128.0
60.8
121.0
113.0
47.9
89.9
176.0
69.6
153.0
193.0
180.0
77.8
102.0
128.0
124.0
68.1
130.0
65.6
18.9
113.0
34.0
109.0
87.7
79.6
110.0
54.8
73.1
152.0
140.0
144.0
168.0
149.0
160.0
209.0
98.6
184.0
239.0
214.0
98.3
135.0
125.0
127.0
140.0
124.0
148.0
127.0
179.0
85.7
137.0
120.0
111.0
131.0
137.0
153.0
80.4
59.1
17.1
138.0
76.4
163.0
158.0
295.0
128.0
129.0
108.0
214.0
50.6
130.0
8.1
165.0
159.0
127.0
137.0
84.8
125.0
146.0
56.5
135.0
43.7
113.0
122.0
25.3
153.0
175.0
142.0
256.0
48.1
12.1
277.0
110.0
84.2
52.5
59.7
151.0
22.7
184.0
95.4
76.8
25.8
32.1
97.9
69.8
141.0
199.0
191.0
63.6
319.0
155.0
154.0
163.0
137.0
169.0
150.0
141.0
198.0
170.0
183.0
68.0
150.0
30.3
89.9
57.2
154.0
158.0
120.0
224.0
149.0
79.2
183.0
173.0
153.0
152.0
36.5
131.0
77.0
105.0
12.4
195.0
125.0
49.7
61.1
107.0
85.8
85.7
66.3
74.1
78.4
131.0
136.0
152.0
97.7
80.4
105.0
23.3
116.0
154.0
187.0
166.0
37.2
114.0
255.0
106.0
143.0
78.2
304.0
122.0
129.0
116.0
131.0
137.0
68.4
155.0
118.0
51.2
200.0
60.5
19.1
92.4
122.0
113.0
127.0
127.0
298.0
0.0
160.0
75.1
170.0
58.5
149.0
71.4
135.0
265.0
107.0
77.0
97.4
56.3
50.9
120.0
210.0
138.0
160.0
30.1
170.0
58.7
43.8
93.1
132.0
48.8
126.0
78.5
150.0
130.0
72.4
65.4
140.0
255.0
