73.4
60.7
127.0
242.0
186.0
260.0
36.0
175.0
27.6
198.0
42.5
116.0
99.7
208.0
79.7
137.0
109.0
111.0
73.0
79.4
152.0
138.0
232.0
42.1
169.0
105.0
54.7
122.0
92.3
173.0
5.6
47.8
114.0
208.0
86.3
40.7
133.0
66.5
12.7
97.3
59.4
175.0
90.6
140.0
95.8
144.0
45.5
199.0
35.3
44.8
81.9
49.8
117.0
205.0
121.0
179.0
58.1
34.2
244.0
220.0
224.0
178.0
192.0
237.0
93.4
82.8
192.0
50.5
198.0
233.0
263.0
6.3
135.0
73.2
176.0
164.0
112.0
125.0
68.7
61.7
128.0
71.8
94.7
81.4
133.0
177.0
187.0
194.0
84.9
182.0
264.0
152.0
11.3
31.2
153.0
123.0
155.0
101.0
221.0
93.4
69.9
109.0
115.0
117.0
18.6
169.0
25.2
223.0
104.0
177.0
215.0
255.0
175.0
77.1
24.1
204.0
100.0
5.7
168.0
280.0
78.5
80.8
154.0
81.7
173.0
209.0
28.5
211.0
206.0
72.5
240.0
67.8
117.0
139.0
81.8
179.0
99.3
91.3
122.0
90.9
81.0
209.0
10.5
97.3
123.0
93.2
263.0
29.0
237.0
119.0
244.0
94.0
168.0
42.2
184.0
49.5
72.0
186.0
57.5
166.0
97.8
21.0
21.3
30.2
15.8
99.3
16.0
135.0
85.0
88.0
143.0
140.0
61.4
79.0
38.3
89.4
28.0
103.0
42.1
55.2
105.0
225.0
13.6
98.1
104.0
83.7
113.0
54.3
231.0
151.0
169.0
251.0
199.0
276.0
26.8
199.0
72.1
62.6
273.0
151.0
143.0
244.0
149.0
25.1
27.9
60.7
96.6
235.0
26.2
114.0
134.0
29.1
201.0
92.4
102.0
166.0
108.0
79.9
75.0
174.0
133.0
146.0
182.0
223.0
118.0
154.0
128.0
12.2
164.0
88.2
81.2
240.0
137.0
130.0
255.0
220.0
107.0
103.0
106.0
116.0
224.0
54.6
66.2
94.3
24.3
126.0
32.0
254.0
124.0
74.1
30.9
218.0
18.3
142.0
203.0
124.0
10.8
31.2
233.0
132.0
25.0
229.0
88.0
136.0
86.3
265.0
187.0
75.0
87.6
97.0
160.0
117.0
43.1
180.0
198.0
79.8
136.0
199.0
125.0
181.0
103.0
244.0
29.3
72.3
68.1
130.0
63.9
178.0
112.0
16.9
124.0
99.6
122.0
47.5
173.0
219.0
7.7
89.9
209.0
69.0
243.0
94.8
108.0
22.8
146.0
88.8
51.5
166.0
144.0
145.0
153.0
237.0
55.9
58.7
126.0
60.6
203.0
158.0
0.0
113.0
86.3
148.0
31.6
181.0
248.0
183.0
88.5
190.0
64.7
209.0
109.0
53.5
156.0
71.2
64.9
184.0
76.8
165.0
214.0
243.0
35.8
130.0
34.5
249.0
39.3
33.4
110.0
226.0
97.5
159.0
