52.6
27.5
97.1
214.0
138.0
213.0
81.8
137.0
46.8
176.0
19.0
78.7
75.1
192.0
31.9
99.3
61.2
62.9
42.9
46.3
133.0
101.0
184.0
18.8
121.0
57.6
19.0
74.1
30.0
135.0
52.7
28.8
66.0
160.0
30.2
27.4
111.0
33.3
57.5
35.1
40.5
156.0
60.5
92.0
48.0
96.1
20.7
162.0
22.3
22.5
34.1
26.5
89.7
167.0
72.7
160.0
39.1
33.0
223.0
173.0
176.0
130.0
169.0
200.0
37.4
64.0
155.0
20.1
181.0
185.0
215.0
48.7
105.0
25.4
139.0
145.0
81.5
76.9
20.9
42.1
80.4
52.8
75.9
61.1
85.3
130.0
168.0
146.0
54.8
160.0
216.0
115.0
67.1
33.2
106.0
92.6
133.0
63.0
184.0
45.6
15.0
60.8
84.8
79.1
65.9
132.0
72.0
175.0
55.9
129.0
167.0
207.0
137.0
50.5
71.4
156.0
70.1
59.2
120.0
232.0
59.7
61.9
102.0
44.2
154.0
162.0
65.7
173.0
169.0
53.7
192.0
42.2
77.3
91.0
25.5
132.0
51.5
43.5
84.4
23.5
62.1
161.0
64.5
78.5
75.6
37.2
215.0
56.5
189.0
71.6
196.0
56.5
131.0
14.4
147.0
7.4
37.1
138.0
38.5
119.0
60.3
46.1
34.7
38.0
62.5
51.4
54.2
105.0
21.9
69.2
124.0
109.0
17.1
31.2
23.4
32.2
34.6
55.0
75.8
54.5
74.9
177.0
42.0
50.3
55.8
35.9
65.4
38.5
193.0
103.0
132.0
203.0
151.0
228.0
47.3
180.0
13.9
14.7
225.0
103.0
96.0
196.0
112.0
75.7
76.9
12.8
48.8
198.0
53.3
65.7
86.3
37.1
153.0
44.6
53.7
128.0
60.2
61.0
27.2
152.0
88.9
108.0
163.0
175.0
69.7
106.0
74.4
45.6
127.0
69.4
62.2
192.0
99.6
92.6
207.0
190.0
59.5
84.3
87.6
78.2
205.0
41.2
40.1
64.2
30.9
78.6
35.6
206.0
93.5
55.2
77.7
181.0
69.9
104.0
155.0
86.0
48.5
82.2
185.0
113.0
42.8
202.0
69.1
88.4
38.5
217.0
149.0
18.7
50.1
49.2
123.0
86.6
23.9
132.0
150.0
32.0
87.8
151.0
76.7
133.0
65.1
196.0
30.2
37.6
20.9
82.3
10.4
140.0
64.2
48.1
93.4
69.5
84.9
35.9
151.0
172.0
54.2
63.4
190.0
50.0
195.0
47.0
60.3
31.5
97.9
41.0
5.9
119.0
95.8
97.1
115.0
189.0
15.9
5.2
77.7
10.5
184.0
121.0
53.8
67.3
56.1
101.0
77.3
134.0
200.0
161.0
40.7
142.0
45.7
161.0
71.1
0.0
108.0
23.4
46.0
167.0
55.6
117.0
166.0
206.0
29.3
92.3
24.4
201.0
35.7
24.1
61.8
178.0
49.7
140.0
