68.6
129.0
36.6
265.0
190.0
264.0
172.0
189.0
137.0
134.0
121.0
168.0
164.0
243.0
113.0
189.0
66.7
107.0
70.0
155.0
99.6
144.0
235.0
121.0
173.0
92.4
121.0
36.4
130.0
225.0
143.0
131.0
77.3
211.0
133.0
100.0
68.7
141.0
139.0
135.0
85.5
123.0
55.2
143.0
65.3
147.0
108.0
256.0
124.0
107.0
77.8
129.0
65.6
261.0
118.0
127.0
141.0
106.0
274.0
224.0
228.0
181.0
127.0
294.0
137.0
109.0
249.0
122.0
232.0
237.0
267.0
139.0
14.5
87.7
230.0
112.0
40.9
92.5
97.5
144.0
110.0
155.0
86.1
63.2
130.0
181.0
135.0
197.0
63.4
118.0
267.0
204.0
157.0
106.0
30.8
19.8
90.5
152.0
278.0
76.7
118.0
86.7
36.6
168.0
148.0
221.0
162.0
226.0
104.0
181.0
218.0
258.0
236.0
159.0
153.0
208.0
65.4
149.0
172.0
283.0
75.0
69.3
150.0
143.0
121.0
213.0
156.0
267.0
263.0
98.6
244.0
74.0
123.0
142.0
105.0
183.0
93.8
106.0
142.0
127.0
107.0
213.0
146.0
78.4
49.3
140.0
267.0
146.0
240.0
117.0
247.0
146.0
197.0
116.0
236.0
115.0
146.0
189.0
140.0
170.0
152.0
116.0
125.0
109.0
153.0
71.9
125.0
47.2
123.0
89.3
91.3
37.9
130.0
94.9
108.0
93.2
114.0
85.5
166.0
145.0
59.6
228.0
132.0
99.9
101.0
93.4
75.8
83.4
287.0
154.0
221.0
255.0
202.0
279.0
120.0
147.0
105.0
94.6
277.0
29.7
140.0
247.0
201.0
157.0
159.0
102.0
86.5
272.0
143.0
73.4
134.0
127.0
205.0
124.0
100.0
218.0
64.8
106.0
89.6
110.0
137.0
197.0
130.0
227.0
108.0
158.0
122.0
136.0
186.0
77.4
164.0
244.0
156.0
182.0
258.0
241.0
74.5
76.2
66.0
137.0
172.0
86.1
74.5
54.5
121.0
39.8
108.0
257.0
47.1
81.9
168.0
275.0
152.0
194.0
207.0
131.0
139.0
164.0
237.0
77.7
116.0
253.0
114.0
39.4
84.2
268.0
243.0
103.0
159.0
120.0
195.0
29.3
105.0
183.0
201.0
119.0
122.0
202.0
125.0
184.0
132.0
248.0
115.0
71.3
139.0
134.0
119.0
224.0
98.8
118.0
27.2
43.6
174.0
137.0
109.0
223.0
136.0
161.0
156.0
152.0
246.0
113.0
83.2
122.0
149.0
87.9
108.0
170.0
51.6
148.0
205.0
240.0
110.0
114.0
106.0
104.0
151.0
210.0
144.0
123.0
58.2
152.0
167.0
185.0
252.0
118.0
121.0
194.0
148.0
212.0
147.0
109.0
0.0
93.2
91.0
218.0
66.3
168.0
218.0
307.0
125.0
182.0
113.0
252.0
108.0
126.0
109.0
229.0
79.6
107.0
