241.0
204.0
259.0
42.6
88.3
13.3
263.0
102.0
234.0
344.0
215.0
177.0
207.0
68.4
181.0
146.0
218.0
144.0
231.0
199.0
309.0
136.0
30.0
214.0
103.0
190.0
215.0
243.0
176.0
135.0
248.0
224.0
182.0
49.5
185.0
215.0
278.0
194.0
253.0
173.0
229.0
333.0
238.0
111.0
236.0
122.0
209.0
74.4
218.0
210.0
223.0
213.0
257.0
68.7
136.0
337.0
213.0
221.0
34.4
40.4
63.6
80.5
337.0
55.0
177.0
252.0
89.7
216.0
79.2
53.2
25.9
244.0
256.0
214.0
118.0
322.0
234.0
168.0
199.0
223.0
148.0
219.0
264.0
247.0
140.0
92.4
345.0
78.8
223.0
328.0
23.4
148.0
263.0
221.0
256.0
232.0
300.0
195.0
62.5
214.0
183.0
194.0
254.0
165.0
248.0
136.0
268.0
63.6
158.0
88.9
58.5
16.6
124.0
206.0
251.0
95.7
249.0
255.0
101.0
32.4
248.0
250.0
123.0
196.0
331.0
101.0
246.0
63.0
81.5
242.0
29.8
231.0
165.0
120.0
191.0
77.7
175.0
176.0
147.0
179.0
251.0
50.8
260.0
267.0
243.0
188.0
26.4
237.0
14.8
153.0
8.5
188.0
113.0
210.0
137.0
208.0
199.0
88.0
219.0
87.4
194.0
231.0
230.0
224.0
258.0
213.0
240.0
273.0
179.0
258.0
301.0
263.0
197.0
199.0
223.0
190.0
230.0
179.0
257.0
236.0
243.0
37.8
238.0
183.0
152.0
194.0
177.0
227.0
63.9
106.0
121.0
29.2
72.7
38.1
235.0
357.0
191.0
203.0
36.5
255.0
127.0
33.2
131.0
271.0
268.0
201.0
201.0
51.8
234.0
205.0
124.0
233.0
92.9
170.0
163.0
143.0
217.0
250.0
216.0
319.0
136.0
156.0
339.0
34.0
151.0
99.1
155.0
241.0
116.0
258.0
213.0
37.0
140.0
150.0
18.4
56.2
204.0
265.0
255.0
179.0
381.0
230.0
229.0
226.0
227.0
221.0
223.0
5.7
261.0
244.0
273.0
75.7
266.0
156.0
56.8
161.0
244.0
267.0
39.6
287.0
231.0
44.2
258.0
214.0
221.0
26.8
87.4
194.0
194.0
162.0
119.0
236.0
211.0
85.5
71.8
176.0
131.0
73.0
143.0
82.4
175.0
6.9
226.0
226.0
192.0
126.0
190.0
112.0
157.0
233.0
227.0
229.0
159.0
223.0
318.0
52.8
250.0
204.0
366.0
230.0
20.7
167.0
171.0
227.0
115.0
218.0
202.0
111.0
263.0
112.0
155.0
35.0
203.0
192.0
159.0
194.0
360.0
135.0
249.0
165.0
242.0
117.0
258.0
76.8
0.0
328.0
165.0
64.3
206.0
65.6
189.0
202.0
250.0
212.0
234.0
106.0
244.0
95.5
72.0
55.7
225.0
170.0
220.0
37.3
223.0
220.0
152.0
54.6
204.0
317.0
