13.3
77.0
36.2
254.0
178.0
252.0
120.0
177.0
84.4
127.0
68.6
128.0
125.0
231.0
75.3
149.0
34.6
102.0
17.5
95.8
92.6
140.0
224.0
68.4
161.0
53.1
68.6
25.1
90.5
185.0
90.5
78.4
59.5
199.0
93.4
47.5
61.8
82.8
86.7
95.5
33.0
116.0
4.3
132.0
7.5
136.0
55.3
211.0
71.8
54.1
25.3
76.1
32.6
217.0
112.0
120.0
88.6
53.2
262.0
212.0
216.0
170.0
120.0
249.0
98.2
56.5
204.0
69.6
220.0
225.0
255.0
86.5
55.9
35.3
218.0
105.0
32.6
87.5
45.1
91.6
120.0
102.0
34.4
5.0
125.0
169.0
128.0
185.0
10.6
111.0
255.0
164.0
105.0
53.4
56.6
43.6
83.6
113.0
233.0
37.4
65.5
47.4
35.9
129.0
95.1
181.0
110.0
214.0
82.2
169.0
206.0
246.0
187.0
100.0
101.0
196.0
14.0
97.0
160.0
272.0
20.2
14.4
146.0
93.8
114.0
201.0
103.0
223.0
218.0
46.2
232.0
21.6
114.0
131.0
65.6
171.0
61.7
67.1
133.0
87.7
54.6
201.0
93.8
26.1
20.7
100.0
255.0
94.1
229.0
111.0
235.0
106.0
181.0
63.9
196.0
62.3
86.7
178.0
88.0
158.0
110.0
63.7
72.6
56.2
100.0
18.3
72.3
56.1
83.4
30.5
84.3
60.5
77.7
48.6
55.5
53.9
62.0
60.9
113.0
92.1
17.9
217.0
79.8
60.6
95.4
54.1
63.1
31.0
243.0
143.0
181.0
243.0
190.0
268.0
67.4
140.0
52.5
42.2
265.0
54.0
137.0
235.0
161.0
105.0
106.0
49.2
47.2
247.0
90.8
48.4
126.0
75.0
193.0
85.2
80.2
178.0
25.5
28.2
37.2
103.0
132.0
158.0
123.0
215.0
109.0
146.0
119.0
83.4
174.0
20.0
112.0
232.0
149.0
142.0
247.0
229.0
41.7
40.8
20.0
119.0
165.0
33.7
22.0
12.0
68.8
35.0
55.7
246.0
44.5
17.4
116.0
230.0
99.2
154.0
195.0
123.0
86.3
111.0
225.0
70.7
63.5
241.0
35.7
62.5
25.6
256.0
199.0
54.0
99.7
89.8
172.0
37.7
52.3
171.0
189.0
80.0
127.0
191.0
116.0
173.0
108.0
236.0
62.9
18.8
77.0
122.0
66.5
212.0
93.8
65.9
44.4
20.5
134.0
84.4
102.0
211.0
83.5
113.0
150.0
99.6
234.0
73.5
68.5
69.3
137.0
44.5
55.5
158.0
46.8
137.0
165.0
229.0
59.3
61.3
117.0
51.8
144.0
170.0
91.7
104.0
0.0
140.0
114.0
173.0
240.0
112.0
81.3
182.0
95.2
200.0
121.0
56.1
58.8
40.8
38.5
206.0
11.0
157.0
206.0
295.0
72.7
142.0
60.3
241.0
55.7
65.2
101.0
218.0
40.3
100.0
