36.9
46.0
81.3
227.0
151.0
225.0
100.0
150.0
65.3
160.0
37.6
97.2
93.6
204.0
26.7
118.0
37.9
75.3
27.1
64.8
117.0
119.0
196.0
37.3
134.0
28.0
37.6
58.3
66.1
154.0
71.2
47.3
36.3
172.0
69.0
39.3
95.0
51.8
76.0
71.1
24.8
141.0
44.7
104.0
32.2
108.0
24.2
180.0
40.8
34.9
11.4
45.0
73.9
186.0
85.1
145.0
57.6
44.9
235.0
185.0
189.0
143.0
154.0
218.0
73.8
48.2
173.0
38.6
193.0
198.0
228.0
67.2
89.1
7.9
157.0
130.0
65.8
81.5
8.9
60.6
92.8
71.3
60.1
45.4
97.7
142.0
152.0
158.0
39.0
145.0
228.0
133.0
85.6
45.1
89.8
76.8
117.0
81.5
202.0
22.3
34.5
24.5
69.1
97.6
84.4
150.0
90.5
187.0
68.3
142.0
179.0
219.0
156.0
69.1
89.9
169.0
54.3
77.7
133.0
244.0
44.0
46.2
115.0
62.7
138.0
174.0
84.2
192.0
187.0
37.9
205.0
26.5
89.7
103.0
19.9
144.0
30.1
30.1
103.0
63.3
46.3
174.0
83.0
62.7
59.8
75.9
228.0
75.0
201.0
84.0
208.0
75.1
150.0
32.9
165.0
31.3
55.6
150.0
57.0
131.0
78.8
64.6
53.2
48.0
81.0
28.2
72.7
89.3
49.5
53.4
109.0
93.7
46.7
8.4
47.3
18.7
53.2
32.2
94.3
73.0
59.2
189.0
60.5
27.9
68.2
13.0
41.5
22.7
212.0
115.0
150.0
216.0
163.0
241.0
59.1
164.0
17.2
8.7
238.0
87.2
108.0
208.0
130.0
94.2
95.5
18.2
17.0
216.0
71.8
42.4
98.7
55.6
166.0
57.0
47.6
147.0
37.0
45.3
4.2
136.0
101.0
127.0
147.0
188.0
82.0
119.0
86.8
64.1
145.0
53.6
80.7
205.0
118.0
111.0
220.0
202.0
36.2
68.6
71.8
96.7
189.0
25.4
24.3
48.4
49.5
55.4
47.4
218.0
77.7
39.5
96.2
199.0
88.4
123.0
168.0
98.4
67.0
101.0
198.0
97.2
55.3
214.0
53.4
65.1
15.2
229.0
168.0
17.1
68.6
61.6
141.0
70.9
44.0
144.0
162.0
44.3
100.0
163.0
89.1
146.0
83.6
209.0
48.7
16.8
45.9
94.7
35.4
185.0
76.5
57.6
77.6
53.7
103.0
54.4
135.0
184.0
72.7
81.9
174.0
68.5
207.0
40.9
39.9
50.0
110.0
9.6
24.4
131.0
80.0
110.0
134.0
201.0
28.3
30.2
90.1
13.5
168.0
139.0
72.3
79.7
40.4
113.0
95.8
146.0
213.0
145.0
53.1
155.0
64.2
173.0
89.6
25.0
92.0
0.0
30.3
179.0
39.9
129.0
179.0
268.0
47.9
111.0
42.9
213.0
48.1
42.6
74.2
190.0
19.8
125.0
