183.0
146.0
201.0
77.9
16.6
77.0
205.0
44.2
175.0
286.0
156.0
119.0
149.0
52.5
123.0
87.5
160.0
85.8
173.0
141.0
251.0
77.6
41.7
156.0
44.5
132.0
156.0
185.0
118.0
76.8
190.0
166.0
124.0
17.6
127.0
157.0
220.0
135.0
195.0
115.0
171.0
275.0
180.0
53.3
178.0
63.4
151.0
85.8
160.0
152.0
164.0
155.0
199.0
91.3
77.4
279.0
155.0
162.0
72.7
30.3
44.7
22.3
279.0
87.9
119.0
194.0
78.5
158.0
61.8
47.9
59.6
186.0
197.0
156.0
59.6
264.0
176.0
110.0
141.0
164.0
90.1
161.0
206.0
188.0
82.1
27.1
287.0
19.8
165.0
270.0
67.7
89.4
205.0
163.0
198.0
174.0
242.0
137.0
81.3
156.0
125.0
135.0
196.0
107.0
190.0
77.9
209.0
40.7
99.8
30.8
24.4
58.6
65.7
147.0
193.0
37.5
191.0
197.0
36.1
96.5
190.0
192.0
65.1
138.0
273.0
42.8
188.0
69.7
92.8
184.0
53.6
172.0
107.0
62.0
133.0
19.5
117.0
118.0
89.0
121.0
192.0
19.0
202.0
209.0
185.0
130.0
68.3
179.0
53.4
94.5
60.4
130.0
55.2
152.0
78.6
150.0
141.0
22.7
161.0
29.2
136.0
173.0
172.0
165.0
200.0
155.0
182.0
215.0
121.0
199.0
243.0
205.0
138.0
140.0
165.0
132.0
172.0
121.0
198.0
178.0
184.0
38.4
179.0
125.0
93.4
136.0
119.0
169.0
90.1
47.6
63.3
44.6
11.6
80.1
177.0
299.0
132.0
145.0
89.9
197.0
68.4
53.4
72.8
213.0
210.0
143.0
142.0
84.5
176.0
147.0
65.6
175.0
34.7
112.0
105.0
84.5
159.0
191.0
157.0
261.0
77.4
97.5
281.0
33.1
92.5
40.9
96.9
183.0
57.8
200.0
154.0
50.9
81.6
91.6
71.7
55.6
146.0
207.0
196.0
121.0
323.0
171.0
170.0
168.0
168.0
162.0
165.0
70.5
203.0
186.0
215.0
105.0
207.0
97.9
13.1
102.0
186.0
209.0
43.1
229.0
173.0
67.2
199.0
156.0
163.0
64.5
73.2
135.0
136.0
104.0
60.7
178.0
153.0
27.3
12.7
118.0
72.9
9.0
84.4
17.3
116.0
60.9
168.0
168.0
133.0
67.5
132.0
53.8
98.7
175.0
169.0
171.0
100.0
165.0
260.0
29.3
192.0
145.0
308.0
172.0
47.6
109.0
113.0
169.0
56.4
160.0
143.0
53.1
205.0
53.6
96.5
46.7
145.0
134.0
101.0
136.0
302.0
77.1
191.0
107.0
183.0
58.8
199.0
13.2
64.9
270.0
107.0
0.0
148.0
23.6
131.0
144.0
192.0
154.0
176.0
48.1
186.0
37.3
32.4
94.8
167.0
112.0
162.0
58.1
165.0
162.0
94.0
40.8
145.0
259.0
