142.0
85.9
159.0
108.0
55.1
129.0
148.0
41.9
118.0
244.0
115.0
56.2
68.3
80.8
81.4
49.2
119.0
33.7
132.0
73.2
210.0
22.8
101.0
115.0
27.3
90.8
115.0
144.0
61.2
79.6
149.0
125.0
82.5
76.5
70.1
115.0
179.0
78.5
154.0
58.0
129.0
233.0
139.0
16.6
137.0
4.7
110.0
86.8
118.0
111.0
123.0
98.3
158.0
105.0
20.4
237.0
98.1
121.0
110.0
89.3
70.7
46.8
237.0
118.0
54.0
153.0
91.9
94.0
70.9
79.6
107.0
145.0
156.0
114.0
68.7
222.0
135.0
49.1
99.7
107.0
33.1
91.3
165.0
147.0
9.9
41.9
245.0
62.6
124.0
228.0
133.0
59.2
163.0
121.0
156.0
133.0
201.0
58.2
121.0
114.0
83.2
94.1
154.0
45.2
133.0
76.3
168.0
69.0
58.4
37.7
83.4
123.0
79.1
79.7
136.0
45.4
149.0
155.0
38.0
149.0
149.0
151.0
18.0
73.5
231.0
56.2
131.0
111.0
106.0
143.0
109.0
131.0
35.5
23.7
91.7
48.2
75.4
76.7
33.8
64.1
151.0
78.0
161.0
167.0
144.0
62.0
132.0
122.0
106.0
22.7
113.0
54.0
50.1
110.0
91.2
109.0
78.9
54.7
104.0
35.3
68.4
132.0
131.0
124.0
159.0
113.0
140.0
173.0
79.9
158.0
201.0
163.0
81.4
99.1
123.0
90.7
131.0
79.2
141.0
121.0
143.0
93.7
138.0
83.5
52.1
94.7
77.4
127.0
130.0
27.1
61.2
120.0
67.5
145.0
135.0
257.0
91.1
104.0
142.0
155.0
9.7
112.0
50.5
172.0
153.0
102.0
101.0
115.0
119.0
106.0
6.8
133.0
50.6
54.7
63.2
72.7
117.0
150.0
116.0
220.0
18.7
51.7
240.0
92.0
30.9
23.6
24.7
142.0
39.3
158.0
86.6
109.0
34.5
44.5
124.0
84.0
105.0
166.0
155.0
38.1
282.0
130.0
129.0
127.0
127.0
121.0
124.0
123.0
162.0
144.0
174.0
118.0
166.0
58.5
72.0
28.3
145.0
152.0
102.0
188.0
131.0
95.9
158.0
114.0
122.0
134.0
86.6
94.0
68.2
47.0
48.5
136.0
112.0
42.8
66.6
76.5
25.7
67.8
15.0
49.9
47.4
113.0
126.0
126.0
76.4
20.2
90.4
56.9
41.5
134.0
127.0
130.0
38.8
108.0
219.0
88.3
150.0
77.6
267.0
115.0
111.0
67.8
71.6
128.0
23.5
118.0
102.0
10.8
164.0
5.4
64.1
106.0
104.0
92.9
36.8
94.3
261.0
58.5
150.0
40.7
142.0
0.0
142.0
50.2
117.0
229.0
65.3
59.1
91.2
77.6
47.1
103.0
151.0
112.0
135.0
61.5
145.0
31.5
60.6
172.0
125.0
55.7
121.0
95.4
124.0
120.0
32.7
94.7
104.0
217.0
