107.0
47.2
124.0
159.0
104.0
178.0
107.0
91.6
77.1
209.0
72.9
36.1
42.2
125.0
42.0
53.4
83.0
22.5
96.9
34.4
174.0
34.6
150.0
61.8
87.0
55.2
72.9
108.0
18.1
89.3
111.0
66.6
54.1
125.0
18.1
80.6
143.0
39.8
90.0
13.1
94.6
198.0
103.0
57.5
102.0
39.3
74.8
116.0
75.5
75.6
88.2
56.8
122.0
122.0
36.2
202.0
56.7
86.2
160.0
138.0
142.0
95.7
202.0
154.0
11.0
118.0
109.0
55.2
115.0
151.0
181.0
107.0
128.0
79.4
92.9
187.0
99.3
41.8
64.8
66.0
42.7
52.5
130.0
111.0
33.5
95.1
210.0
111.0
88.2
193.0
181.0
69.0
125.0
86.4
128.0
105.0
165.0
30.1
138.0
78.6
44.8
58.5
119.0
33.2
91.1
86.0
130.0
140.0
22.1
94.8
132.0
172.0
91.5
40.9
94.5
122.0
114.0
117.0
86.0
198.0
114.0
116.0
40.1
34.7
196.0
127.0
89.9
127.0
123.0
108.0
158.0
96.3
8.4
56.5
56.1
97.1
49.2
41.1
27.4
25.4
116.0
127.0
106.0
133.0
108.0
14.7
181.0
80.8
154.0
23.5
161.0
23.7
85.1
65.4
101.0
61.0
40.1
104.0
62.4
84.1
29.6
104.0
92.8
89.3
121.0
77.7
112.0
138.0
27.0
123.0
166.0
142.0
32.4
63.4
77.2
55.1
92.7
50.9
100.0
79.4
107.0
143.0
89.7
47.9
23.7
59.1
49.1
92.5
147.0
68.5
85.6
169.0
116.0
194.0
100.0
222.0
56.3
68.8
191.0
127.0
36.4
161.0
65.9
117.0
111.0
66.9
65.5
152.0
77.6
77.4
33.8
87.9
119.0
15.9
34.9
82.5
81.7
115.0
81.2
184.0
26.8
62.2
204.0
141.0
31.9
71.8
16.0
104.0
80.9
123.0
47.8
158.0
46.4
46.7
173.0
137.0
69.1
130.0
119.0
14.6
246.0
95.2
94.1
91.2
89.3
92.7
88.8
172.0
126.0
109.0
136.0
135.0
102.0
58.3
121.0
17.1
107.0
111.0
151.0
152.0
96.6
146.0
123.0
86.0
86.1
182.0
103.0
59.2
29.4
11.3
76.6
108.0
76.8
97.5
115.0
35.8
45.7
117.0
27.0
98.8
8.8
162.0
88.3
91.6
27.4
47.8
38.3
94.3
29.0
99.0
99.1
94.2
39.0
66.7
183.0
137.0
95.0
38.9
231.0
73.9
160.0
31.6
43.3
89.6
63.4
82.8
67.1
48.9
128.0
46.1
69.6
155.0
69.0
43.9
40.0
59.4
225.0
74.8
112.0
0.0
106.0
40.7
101.0
99.1
166.0
193.0
22.6
108.0
49.8
126.0
24.2
67.8
123.0
77.5
100.0
101.0
110.0
82.6
132.0
160.0
84.3
46.4
78.3
167.0
88.8
82.2
13.9
144.0
68.4
182.0
