122.0
188.0
97.9
350.0
274.0
349.0
224.0
273.0
189.0
14.9
180.0
230.0
227.0
328.0
170.0
251.0
131.0
199.0
129.0
212.0
71.1
237.0
320.0
180.0
257.0
150.0
180.0
121.0
187.0
287.0
195.0
190.0
156.0
296.0
190.0
152.0
58.7
198.0
191.0
192.0
132.0
113.0
109.0
228.0
124.0
232.0
167.0
341.0
183.0
158.0
137.0
187.0
89.4
346.0
209.0
117.0
200.0
157.0
359.0
309.0
312.0
266.0
8.2
379.0
195.0
127.0
333.0
181.0
317.0
321.0
351.0
191.0
109.0
147.0
314.0
102.0
129.0
184.0
156.0
203.0
216.0
214.0
103.0
114.0
221.0
266.0
125.0
282.0
123.0
14.0
352.0
267.0
209.0
158.0
101.0
121.0
37.7
215.0
362.0
134.0
177.0
144.0
105.0
231.0
199.0
284.0
214.0
311.0
179.0
265.0
303.0
343.0
289.0
216.0
205.0
292.0
105.0
201.0
256.0
368.0
116.0
113.0
242.0
200.0
111.0
298.0
207.0
352.0
348.0
129.0
328.0
133.0
211.0
227.0
162.0
268.0
158.0
164.0
230.0
184.0
141.0
297.0
198.0
95.3
100.0
197.0
351.0
198.0
325.0
208.0
332.0
207.0
283.0
175.0
299.0
174.0
203.0
274.0
199.0
255.0
213.0
168.0
177.0
160.0
205.0
129.0
176.0
88.8
180.0
106.0
55.0
93.2
189.0
152.0
160.0
150.0
166.0
157.0
217.0
196.0
96.4
313.0
184.0
157.0
192.0
151.0
160.0
142.0
372.0
239.0
283.0
339.0
287.0
364.0
172.0
63.5
164.0
153.0
361.0
103.0
234.0
332.0
264.0
209.0
210.0
161.0
144.0
357.0
195.0
145.0
222.0
179.0
290.0
182.0
177.0
280.0
122.0
117.0
152.0
16.1
229.0
260.0
120.0
311.0
206.0
242.0
216.0
188.0
271.0
108.0
224.0
328.0
251.0
244.0
343.0
326.0
138.0
90.4
98.8
215.0
162.0
136.0
133.0
112.0
173.0
125.0
160.0
342.0
92.0
124.0
220.0
360.0
203.0
256.0
291.0
219.0
190.0
216.0
321.0
68.3
168.0
338.0
122.0
140.0
141.0
353.0
328.0
160.0
216.0
186.0
274.0
130.0
156.0
268.0
286.0
177.0
224.0
287.0
213.0
269.0
204.0
332.0
167.0
130.0
196.0
218.0
178.0
309.0
190.0
170.0
128.0
110.0
237.0
189.0
10.6
308.0
188.0
229.0
147.0
211.0
331.0
170.0
165.0
173.0
234.0
145.0
167.0
255.0
75.4
233.0
267.0
325.0
162.0
173.0
214.0
163.0
141.0
273.0
196.0
201.0
117.0
237.0
218.0
270.0
336.0
0.0
178.0
278.0
211.0
297.0
223.0
167.0
127.0
152.0
131.0
303.0
120.0
253.0
302.0
391.0
177.0
244.0
164.0
337.0
160.0
169.0
198.0
314.0
137.0
97.2
