82.4
43.6
99.3
178.0
102.0
177.0
103.0
101.0
73.1
184.0
56.0
65.3
61.8
156.0
15.1
85.9
58.7
27.0
72.6
47.3
150.0
51.4
148.0
55.7
85.5
30.9
56.0
83.6
14.5
122.0
89.6
62.6
29.1
124.0
24.7
56.2
119.0
33.1
94.4
17.7
70.3
173.0
79.0
56.1
77.7
60.2
50.4
169.0
59.2
51.3
63.9
52.9
97.9
174.0
36.8
178.0
52.7
61.9
187.0
137.0
140.0
94.2
178.0
207.0
21.3
93.7
161.0
51.7
145.0
149.0
180.0
85.6
114.0
55.1
142.0
162.0
75.0
33.1
34.3
62.1
44.5
58.7
106.0
87.1
49.4
93.6
185.0
110.0
63.9
169.0
180.0
102.0
104.0
62.1
115.0
102.0
141.0
49.7
190.0
54.3
20.0
34.2
94.4
65.7
87.2
119.0
109.0
139.0
10.2
93.3
131.0
171.0
124.0
51.1
90.6
120.0
89.2
96.1
84.5
196.0
89.4
91.7
56.8
35.1
171.0
126.0
86.0
180.0
176.0
83.4
156.0
72.0
32.3
55.1
20.9
95.6
19.6
10.6
51.3
19.0
91.8
125.0
101.0
108.0
83.8
31.7
179.0
76.8
153.0
35.7
160.0
41.7
118.0
51.3
133.0
49.7
38.2
102.0
58.4
82.7
47.5
72.5
71.6
64.9
99.4
53.4
81.1
113.0
14.8
98.9
142.0
118.0
36.0
39.1
64.3
30.8
71.6
20.9
96.1
75.5
83.1
141.0
78.9
23.6
17.1
34.7
31.3
68.2
200.0
67.1
118.0
167.0
115.0
192.0
76.2
197.0
25.7
44.5
189.0
113.0
47.1
160.0
98.5
113.0
107.0
42.6
41.2
185.0
73.6
50.2
46.9
74.0
118.0
6.7
18.2
115.0
57.4
90.8
56.9
160.0
43.5
94.8
180.0
139.0
33.7
70.4
29.0
82.5
98.8
99.1
58.7
156.0
63.2
79.3
171.0
154.0
44.8
106.0
95.1
37.0
222.0
70.9
69.8
66.9
67.9
73.5
64.5
170.0
102.0
85.0
115.0
188.0
107.0
90.8
119.0
41.0
85.4
107.0
150.0
128.0
72.3
166.0
98.9
85.9
61.8
181.0
156.0
24.0
51.1
11.7
109.0
96.2
52.5
96.0
114.0
9.8
51.8
115.0
40.8
97.3
30.7
160.0
67.1
67.3
31.0
46.4
23.4
137.0
20.4
74.7
99.1
69.9
71.6
62.7
159.0
136.0
91.1
64.0
207.0
70.0
159.0
11.7
25.0
68.4
62.0
58.5
42.8
82.6
104.0
61.2
102.0
153.0
44.7
33.7
41.8
28.9
201.0
107.0
90.7
22.3
82.1
64.6
97.0
97.6
164.0
169.0
0.0
106.0
45.8
125.0
57.7
43.4
117.0
53.1
75.8
131.0
85.3
81.1
130.0
219.0
66.3
79.0
61.3
165.0
64.5
61.0
17.4
142.0
44.1
157.0
