117.0
44.7
145.0
135.0
105.0
202.0
104.0
67.5
74.6
230.0
70.4
10.9
23.1
101.0
63.5
29.3
105.0
46.5
107.0
31.9
197.0
25.0
130.0
59.3
70.0
76.7
70.4
129.0
41.4
65.2
108.0
64.1
78.1
149.0
32.8
91.6
165.0
43.8
87.5
37.2
105.0
221.0
125.0
81.5
112.0
50.3
85.0
91.9
73.0
75.6
98.4
54.4
144.0
97.4
60.2
225.0
54.2
97.3
136.0
116.0
101.0
94.6
223.0
130.0
33.7
128.0
84.6
52.7
90.8
114.0
141.0
104.0
152.0
89.6
68.8
210.0
121.0
65.7
85.1
63.5
66.7
50.0
140.0
125.0
47.4
99.8
232.0
89.2
110.0
214.0
205.0
44.8
123.0
81.2
152.0
129.0
187.0
12.1
114.0
100.0
66.3
80.0
140.0
9.1
88.6
61.9
128.0
109.0
54.2
78.7
156.0
196.0
67.4
38.4
92.0
74.2
134.0
115.0
78.4
159.0
124.0
126.0
40.1
32.2
218.0
82.1
87.4
103.0
98.8
118.0
138.0
106.0
25.4
80.5
77.6
90.2
70.6
62.6
13.6
39.8
126.0
105.0
103.0
143.0
130.0
27.7
145.0
78.3
178.0
42.4
185.0
15.5
61.0
62.9
76.8
58.6
37.6
105.0
59.9
88.9
23.0
102.0
90.3
93.6
118.0
99.2
110.0
159.0
48.5
133.0
189.0
163.0
48.2
84.9
74.7
76.6
90.2
74.9
97.6
76.9
129.0
121.0
87.2
69.4
47.7
80.6
73.1
103.0
123.0
70.0
61.5
193.0
111.0
218.0
108.0
244.0
77.8
79.0
150.0
151.0
37.7
185.0
41.8
115.0
109.0
77.1
87.0
128.0
75.1
96.0
43.5
85.4
80.0
49.3
58.9
58.4
103.0
125.0
91.4
206.0
35.7
38.1
227.0
165.0
55.9
64.3
34.0
101.0
56.8
134.0
45.3
133.0
29.6
22.6
148.0
113.0
90.6
149.0
141.0
13.0
269.0
105.0
104.0
113.0
86.8
117.0
99.8
196.0
148.0
119.0
133.0
111.0
99.5
34.2
145.0
27.6
104.0
108.0
175.0
174.0
98.4
122.0
133.0
110.0
103.0
206.0
79.3
80.7
26.9
41.6
52.5
132.0
75.3
83.8
93.0
57.3
69.7
141.0
43.5
99.7
19.9
186.0
85.8
102.0
47.6
71.8
54.8
70.2
53.0
104.0
123.0
116.0
14.9
64.2
205.0
161.0
92.5
28.1
254.0
71.4
184.0
66.1
67.3
87.1
87.4
105.0
68.0
49.0
150.0
52.6
45.5
147.0
71.6
63.3
64.0
77.0
248.0
50.7
109.0
24.4
120.0
47.2
98.5
100.0
190.0
215.0
56.6
132.0
47.3
93.7
0.0
69.9
147.0
87.6
110.0
77.0
120.0
92.8
90.6
136.0
81.8
22.1
75.8
129.0
99.9
79.7
37.9
112.0
89.9
205.0
