175.0
138.0
192.0
90.8
5.2
89.7
197.0
39.6
167.0
277.0
148.0
104.0
140.0
68.3
114.0
73.2
152.0
77.5
165.0
133.0
243.0
69.2
55.2
148.0
32.0
124.0
148.0
177.0
110.0
72.3
182.0
158.0
115.0
31.1
119.0
148.0
212.0
127.0
187.0
107.0
162.0
266.0
172.0
44.9
170.0
55.1
143.0
81.3
151.0
144.0
156.0
147.0
191.0
86.8
69.1
270.0
147.0
154.0
92.3
43.8
53.1
7.9
271.0
119.0
110.0
186.0
74.0
149.0
57.3
61.9
89.5
178.0
189.0
147.0
55.1
255.0
168.0
101.0
133.0
156.0
81.8
153.0
198.0
180.0
73.7
14.9
278.0
22.6
157.0
261.0
93.0
84.8
196.0
154.0
189.0
166.0
234.0
128.0
103.0
147.0
116.0
127.0
187.0
92.5
181.0
73.3
201.0
51.4
91.4
24.7
35.7
84.0
61.2
139.0
185.0
33.0
182.0
188.0
23.8
109.0
182.0
184.0
56.8
129.0
264.0
38.2
180.0
92.6
88.2
176.0
67.1
164.0
98.6
53.6
125.0
13.9
108.0
110.0
80.6
113.0
184.0
32.6
194.0
200.0
177.0
121.0
92.5
171.0
66.1
86.2
73.1
122.0
50.7
143.0
74.1
142.0
132.0
10.4
152.0
17.6
128.0
165.0
164.0
157.0
192.0
146.0
173.0
206.0
113.0
191.0
234.0
196.0
130.0
132.0
156.0
124.0
164.0
112.0
190.0
169.0
176.0
51.9
171.0
117.0
85.1
128.0
110.0
160.0
113.0
39.3
58.7
58.1
23.3
105.0
168.0
290.0
124.0
137.0
103.0
188.0
60.1
64.7
58.5
205.0
201.0
135.0
134.0
97.4
168.0
139.0
57.3
166.0
30.2
103.0
96.3
79.9
150.0
183.0
149.0
253.0
69.1
69.6
273.0
46.6
84.2
32.5
88.6
175.0
43.5
191.0
146.0
64.9
73.3
81.0
84.4
66.3
138.0
199.0
188.0
113.0
315.0
163.0
162.0
160.0
160.0
154.0
157.0
83.2
195.0
177.0
207.0
100.0
199.0
83.6
26.6
94.0
178.0
201.0
54.4
221.0
164.0
78.2
191.0
147.0
155.0
94.1
68.6
127.0
128.0
95.7
56.2
169.0
145.0
20.6
24.2
110.0
64.6
16.3
76.1
5.1
108.0
73.6
159.0
160.0
125.0
59.1
123.0
49.2
90.4
167.0
160.0
163.0
86.1
157.0
252.0
40.6
183.0
137.0
300.0
164.0
72.0
101.0
105.0
161.0
48.1
151.0
135.0
44.7
197.0
45.2
91.9
60.2
137.0
126.0
92.2
127.0
294.0
72.6
183.0
98.7
175.0
50.4
191.0
0.0
77.6
262.0
98.3
13.6
140.0
34.7
123.0
136.0
184.0
145.0
168.0
43.6
178.0
21.5
43.0
133.0
158.0
97.8
154.0
77.7
157.0
153.0
85.7
50.5
137.0
250.0
