93.6
70.6
167.0
231.0
195.0
269.0
13.5
164.0
30.0
219.0
65.0
105.0
91.4
197.0
102.0
126.0
131.0
113.0
93.2
68.2
172.0
127.0
241.0
60.4
166.0
116.0
77.2
124.0
81.1
162.0
49.1
52.6
125.0
216.0
75.1
60.9
153.0
69.3
23.1
86.2
79.6
195.0
111.0
148.0
118.0
136.0
65.7
188.0
57.8
63.3
91.7
56.1
137.0
194.0
127.0
200.0
47.6
54.4
233.0
229.0
197.0
187.0
212.0
226.0
82.3
103.0
181.0
64.2
187.0
210.0
237.0
33.7
155.0
95.7
165.0
184.0
132.0
133.0
91.2
37.5
134.0
61.0
115.0
102.0
131.0
186.0
207.0
202.0
125.0
203.0
272.0
141.0
31.0
51.4
176.0
163.0
175.0
89.4
210.0
116.0
92.4
120.0
135.0
105.0
10.6
158.0
68.4
206.0
106.0
186.0
223.0
263.0
164.0
68.7
6.1
171.0
120.0
27.5
177.0
289.0
98.7
101.0
143.0
70.6
193.0
178.0
9.9
200.0
195.0
92.7
234.0
88.0
106.0
148.0
117.0
188.0
110.0
102.0
111.0
79.8
101.0
218.0
22.4
117.0
146.0
82.1
241.0
24.8
245.0
118.0
252.0
82.9
157.0
64.7
173.0
72.0
60.9
195.0
46.2
175.0
86.7
45.9
43.8
50.4
59.0
122.0
50.6
175.0
88.2
108.0
163.0
180.0
74.1
101.0
60.8
116.0
48.2
114.0
5.5
24.5
145.0
234.0
30.1
109.0
115.0
106.0
124.0
74.4
220.0
159.0
158.0
260.0
207.0
285.0
54.1
219.0
94.6
85.0
247.0
153.0
132.0
252.0
138.0
14.4
10.4
83.2
119.0
224.0
24.2
136.0
134.0
37.8
176.0
89.1
113.0
155.0
131.0
100.0
97.5
194.0
122.0
135.0
202.0
232.0
123.0
163.0
116.0
42.0
153.0
108.0
70.5
229.0
126.0
119.0
264.0
209.0
130.0
123.0
127.0
105.0
244.0
74.8
86.4
115.0
46.8
134.0
52.2
263.0
144.0
94.3
74.1
207.0
16.4
131.0
212.0
112.0
44.9
13.9
242.0
152.0
45.2
218.0
108.0
159.0
109.0
273.0
176.0
97.5
76.5
96.9
149.0
137.0
65.6
188.0
206.0
97.0
137.0
208.0
126.0
190.0
91.4
253.0
51.7
92.5
73.5
139.0
80.8
167.0
120.0
48.0
164.0
140.0
111.0
39.0
193.0
228.0
24.5
81.5
229.0
58.3
251.0
106.0
119.0
45.3
154.0
111.0
74.0
151.0
166.0
154.0
142.0
246.0
78.4
81.2
131.0
83.1
223.0
147.0
31.8
101.0
106.0
140.0
0.0
190.0
257.0
203.0
96.3
199.0
53.5
217.0
97.5
76.0
178.0
93.7
85.1
173.0
97.0
174.0
187.0
232.0
45.4
119.0
57.0
225.0
59.5
55.9
105.0
234.0
120.0
179.0
