91.7
19.8
134.0
180.0
144.0
218.0
60.1
113.0
30.6
219.0
46.0
54.2
36.2
146.0
52.5
74.9
93.5
62.7
82.0
17.4
172.0
76.4
190.0
18.1
116.0
65.7
46.0
118.0
30.4
111.0
64.3
20.1
74.1
166.0
24.3
56.1
154.0
18.5
43.5
35.4
79.7
195.0
99.6
97.7
87.1
85.5
59.8
138.0
29.1
51.2
73.2
10.4
133.0
143.0
76.4
200.0
10.3
57.9
182.0
178.0
146.0
136.0
212.0
175.0
31.5
103.0
130.0
16.1
136.0
160.0
186.0
60.3
149.0
64.5
114.0
184.0
110.0
81.9
60.0
19.6
82.8
12.9
115.0
100.0
79.8
135.0
207.0
152.0
98.7
203.0
222.0
90.4
78.8
53.3
150.0
137.0
175.0
38.6
159.0
89.1
55.2
68.9
129.0
54.7
44.7
107.0
83.6
155.0
54.9
135.0
172.0
212.0
113.0
13.5
48.1
120.0
109.0
70.8
126.0
238.0
98.8
101.0
91.7
19.8
193.0
128.0
43.5
149.0
144.0
92.8
184.0
81.3
55.1
96.7
66.5
137.0
59.6
51.5
59.9
29.0
101.0
167.0
59.1
118.0
119.0
31.3
190.0
34.3
195.0
67.0
202.0
32.1
107.0
33.5
122.0
33.7
10.1
144.0
16.0
124.0
35.9
57.8
46.4
49.7
74.2
88.1
65.8
148.0
37.4
108.0
164.0
152.0
23.3
70.3
47.8
65.6
46.3
63.1
53.6
33.0
118.0
183.0
43.3
58.4
63.9
69.5
73.5
70.3
169.0
109.0
107.0
209.0
157.0
234.0
63.6
219.0
66.7
53.8
196.0
147.0
80.9
201.0
87.4
70.7
64.7
52.0
75.9
173.0
31.1
85.0
83.5
41.4
126.0
38.3
61.8
104.0
92.1
100.0
66.3
195.0
71.4
83.7
202.0
181.0
72.1
112.0
65.7
57.2
102.0
109.0
21.0
178.0
75.2
68.2
213.0
158.0
79.5
123.0
130.0
53.7
244.0
70.7
79.2
102.0
42.9
108.0
56.9
212.0
136.0
94.4
89.3
156.0
55.5
79.8
161.0
61.7
60.1
64.2
191.0
152.0
54.5
168.0
108.0
121.0
77.6
223.0
125.0
69.6
25.7
46.1
98.1
131.0
52.6
138.0
156.0
46.2
85.9
157.0
74.7
139.0
40.7
202.0
41.8
76.7
22.8
88.0
30.0
116.0
69.2
59.8
134.0
105.0
60.5
20.3
194.0
177.0
48.5
26.3
229.0
12.2
201.0
55.1
68.3
43.1
104.0
80.1
42.8
100.0
139.0
103.0
91.1
195.0
47.2
38.5
80.2
51.9
223.0
96.3
65.5
50.6
95.3
89.7
54.5
139.0
206.0
203.0
45.5
148.0
0.0
167.0
46.7
44.8
152.0
62.5
85.1
123.0
94.7
123.0
136.0
182.0
37.8
67.9
38.7
174.0
63.5
35.7
54.1
184.0
78.8
179.0
