201.0
164.0
219.0
61.3
41.9
74.1
223.0
25.4
194.0
304.0
175.0
97.1
109.0
33.0
141.0
65.8
178.0
104.0
191.0
124.0
269.0
80.7
39.6
174.0
37.3
150.0
175.0
203.0
136.0
55.3
208.0
185.0
142.0
27.6
145.0
175.0
238.0
154.0
213.0
133.0
189.0
293.0
198.0
71.5
196.0
81.6
169.0
39.0
178.0
170.0
183.0
173.0
217.0
55.5
95.6
297.0
173.0
181.0
56.2
26.1
15.2
28.8
297.0
71.3
137.0
212.0
57.0
176.0
29.3
25.8
53.4
204.0
216.0
174.0
38.1
282.0
194.0
128.0
159.0
183.0
108.0
179.0
224.0
207.0
100.0
46.0
305.0
12.6
183.0
288.0
79.7
67.8
223.0
181.0
216.0
193.0
260.0
105.0
59.2
174.0
143.0
154.0
214.0
85.1
208.0
56.3
228.0
21.2
118.0
31.7
41.3
70.7
44.2
130.0
211.0
18.7
209.0
215.0
54.9
79.3
208.0
210.0
62.9
124.0
291.0
21.3
207.0
47.6
57.0
202.0
48.6
191.0
125.0
80.2
151.0
22.2
135.0
136.0
89.5
139.0
211.0
14.8
220.0
227.0
203.0
148.0
63.0
197.0
52.5
113.0
58.6
107.0
40.6
170.0
57.1
168.0
159.0
41.5
179.0
47.4
115.0
191.0
190.0
184.0
218.0
173.0
200.0
233.0
139.0
218.0
261.0
223.0
157.0
159.0
183.0
150.0
190.0
139.0
217.0
196.0
203.0
30.9
198.0
143.0
112.0
154.0
137.0
187.0
68.7
65.8
41.7
57.1
20.3
92.1
195.0
317.0
151.0
163.0
75.3
215.0
68.8
71.1
51.1
231.0
228.0
161.0
161.0
67.9
194.0
165.0
83.8
193.0
14.4
130.0
123.0
62.9
177.0
210.0
176.0
279.0
77.4
76.0
299.0
46.1
111.0
59.1
115.0
201.0
36.1
218.0
137.0
41.5
69.0
73.6
60.9
33.4
164.0
226.0
215.0
105.0
341.0
190.0
189.0
186.0
187.0
181.0
183.0
71.6
221.0
204.0
233.0
61.1
226.0
76.3
20.8
87.3
204.0
227.0
61.5
247.0
191.0
45.3
218.0
174.0
181.0
77.0
51.6
154.0
119.0
122.0
42.0
196.0
171.0
28.3
11.0
136.0
91.1
32.3
103.0
36.0
135.0
60.3
186.0
186.0
152.0
85.7
150.0
32.2
117.0
193.0
187.0
189.0
78.8
183.0
278.0
48.3
210.0
120.0
326.0
191.0
58.7
127.0
131.0
187.0
74.6
178.0
162.0
52.6
223.0
71.8
74.9
44.6
163.0
152.0
119.0
154.0
320.0
55.6
209.0
125.0
202.0
77.0
218.0
33.4
65.9
288.0
125.0
23.6
166.0
0.0
92.4
162.0
210.0
172.0
195.0
21.9
204.0
55.5
12.9
78.3
185.0
90.4
180.0
41.6
183.0
180.0
112.0
27.1
164.0
277.0
