13.8
67.0
87.7
248.0
172.0
246.0
98.2
171.0
62.8
139.0
37.8
118.0
115.0
225.0
65.2
139.0
54.6
96.3
16.4
85.8
92.8
140.0
217.0
58.3
155.0
64.3
39.5
64.7
87.1
175.0
68.9
68.3
70.6
193.0
90.0
25.9
73.9
72.8
65.2
92.1
6.7
116.0
26.8
125.0
21.0
129.0
27.1
201.0
51.1
32.6
24.2
66.0
57.8
207.0
106.0
120.0
78.6
31.6
256.0
206.0
210.0
164.0
133.0
239.0
94.8
14.0
194.0
59.6
214.0
219.0
249.0
64.9
87.7
25.2
178.0
105.0
72.1
98.2
35.0
77.0
114.0
92.3
35.9
21.7
119.0
163.0
128.0
179.0
37.6
124.0
249.0
154.0
83.4
31.8
88.4
75.4
95.9
103.0
223.0
39.0
55.4
58.6
75.5
119.0
73.5
171.0
88.2
208.0
89.3
163.0
200.0
240.0
177.0
90.0
79.0
190.0
29.7
75.4
154.0
265.0
19.7
21.9
136.0
83.7
114.0
195.0
81.6
213.0
208.0
5.9
226.0
13.2
111.0
124.0
50.1
165.0
72.9
76.8
124.0
84.3
17.5
195.0
72.2
38.5
58.4
96.9
249.0
72.5
222.0
105.0
229.0
96.0
171.0
53.9
186.0
52.3
76.6
171.0
78.0
152.0
99.8
42.1
51.0
34.6
78.8
44.8
50.7
78.4
70.5
29.2
84.5
82.8
67.7
38.5
34.0
50.4
40.4
72.0
91.7
70.5
61.3
210.0
58.2
71.8
89.2
43.2
81.4
17.9
233.0
136.0
171.0
237.0
184.0
262.0
45.8
140.0
42.5
32.2
259.0
93.6
129.0
229.0
151.0
83.4
84.6
39.2
42.2
237.0
69.2
59.1
120.0
53.4
187.0
78.0
87.1
168.0
53.6
16.6
27.1
115.0
122.0
148.0
123.0
209.0
103.0
140.0
108.0
61.8
166.0
29.4
102.0
226.0
139.0
132.0
241.0
223.0
52.9
44.3
47.6
118.0
165.0
7.9
14.8
54.8
47.2
72.0
34.1
239.0
77.5
12.7
94.0
220.0
77.6
144.0
189.0
119.0
64.7
89.9
219.0
73.0
42.0
235.0
22.4
81.8
31.9
250.0
189.0
44.0
89.6
82.6
162.0
69.5
30.7
165.0
183.0
65.3
121.0
184.0
110.0
167.0
105.0
230.0
41.4
27.7
66.9
116.0
56.4
206.0
97.5
44.3
84.0
60.1
124.0
62.8
114.0
205.0
61.9
103.0
150.0
89.5
228.0
80.4
88.8
47.8
131.0
34.4
45.4
152.0
67.6
131.0
155.0
222.0
36.3
51.2
111.0
41.7
144.0
160.0
70.1
101.0
39.0
134.0
92.7
167.0
234.0
124.0
74.1
176.0
85.2
194.0
111.0
46.0
90.6
30.8
0.0
200.0
17.2
150.0
200.0
289.0
51.1
132.0
38.7
234.0
34.2
43.6
95.1
211.0
43.1
100.0
