208.0
121.0
226.0
61.6
51.2
118.0
180.0
22.0
151.0
311.0
147.0
81.7
93.8
25.8
148.0
51.3
185.0
111.0
199.0
108.0
276.0
63.8
61.6
136.0
35.8
158.0
147.0
210.0
144.0
30.0
185.0
140.0
149.0
65.6
109.0
182.0
246.0
120.0
164.0
114.0
196.0
300.0
206.0
78.7
204.0
66.5
176.0
39.0
149.0
177.0
190.0
131.0
225.0
44.5
103.0
304.0
131.0
188.0
63.0
48.0
23.8
43.3
304.0
77.0
110.0
220.0
31.7
129.0
14.9
32.7
60.2
181.0
223.0
181.0
12.6
289.0
202.0
135.0
166.0
140.0
115.0
126.0
232.0
214.0
71.7
55.3
312.0
25.8
191.0
295.0
122.0
32.2
199.0
188.0
223.0
200.0
267.0
89.4
60.7
181.0
150.0
161.0
221.0
69.8
165.0
31.0
204.0
22.1
125.0
30.9
72.5
113.0
18.9
115.0
168.0
17.2
216.0
191.0
64.2
86.2
215.0
218.0
66.8
109.0
298.0
9.3
164.0
50.3
45.9
209.0
53.9
198.0
93.3
87.4
158.0
32.0
142.0
143.0
74.1
147.0
218.0
36.7
179.0
234.0
210.0
104.0
69.9
155.0
94.8
120.0
102.0
91.8
15.1
139.0
31.8
135.0
114.0
50.8
136.0
54.6
99.3
178.0
167.0
191.0
194.0
180.0
186.0
240.0
147.0
225.0
268.0
230.0
125.0
166.0
190.0
157.0
167.0
146.0
174.0
153.0
210.0
52.8
164.0
150.0
119.0
161.0
144.0
194.0
70.3
73.0
16.3
109.0
47.7
134.0
202.0
324.0
158.0
170.0
82.1
222.0
67.2
102.0
34.3
191.0
185.0
169.0
168.0
68.2
151.0
172.0
68.7
162.0
15.0
137.0
130.0
37.7
184.0
217.0
183.0
286.0
74.3
40.3
306.0
81.2
118.0
66.3
86.0
177.0
29.9
225.0
122.0
46.7
52.1
58.3
67.8
37.1
171.0
233.0
222.0
89.9
349.0
197.0
196.0
194.0
163.0
188.0
190.0
112.0
228.0
211.0
210.0
57.9
176.0
64.9
42.7
88.1
180.0
185.0
91.2
255.0
198.0
49.0
225.0
181.0
188.0
123.0
26.3
161.0
103.0
129.0
24.5
203.0
178.0
28.7
32.4
143.0
98.3
56.9
110.0
45.3
105.0
102.0
162.0
193.0
124.0
92.9
131.0
6.8
124.0
201.0
194.0
197.0
63.4
141.0
286.0
77.4
169.0
104.0
333.0
148.0
101.0
135.0
138.0
163.0
81.8
185.0
169.0
51.0
231.0
79.0
49.6
62.3
171.0
160.0
126.0
161.0
328.0
30.1
186.0
101.0
209.0
61.8
175.0
42.7
106.0
295.0
132.0
48.2
124.0
21.9
77.1
169.0
218.0
179.0
202.0
0.0
211.0
62.7
13.7
78.5
158.0
75.1
152.0
48.5
190.0
156.0
119.0
35.3
171.0
284.0
