3.2
76.1
43.1
257.0
181.0
255.0
111.0
180.0
75.5
129.0
50.6
127.0
124.0
234.0
74.4
148.0
45.5
105.0
12.9
94.9
79.1
149.0
226.0
67.4
164.0
64.0
52.2
36.1
101.0
184.0
81.7
77.5
70.4
202.0
104.0
38.7
63.4
81.9
77.9
106.0
18.0
103.0
11.1
134.0
7.5
139.0
39.8
211.0
63.9
45.3
23.9
75.2
30.0
216.0
115.0
107.0
87.7
44.3
265.0
215.0
219.0
173.0
122.0
249.0
109.0
27.9
203.0
68.7
223.0
228.0
258.0
77.7
66.8
34.3
187.0
91.7
43.5
98.4
44.1
89.7
123.0
101.0
26.9
6.1
128.0
172.0
115.0
188.0
21.5
113.0
258.0
163.0
96.1
44.5
67.5
54.5
85.2
112.0
232.0
29.4
64.6
58.3
46.8
128.0
86.3
181.0
101.0
217.0
93.1
172.0
209.0
249.0
186.0
99.2
91.8
199.0
14.1
88.2
163.0
275.0
11.6
5.7
145.0
92.8
101.0
204.0
94.4
222.0
217.0
21.6
235.0
12.3
125.0
133.0
76.6
174.0
72.7
78.0
133.0
98.6
33.1
204.0
84.9
22.8
27.6
111.0
258.0
85.2
231.0
114.0
238.0
105.0
180.0
63.0
195.0
61.4
85.8
181.0
87.1
161.0
109.0
54.8
63.7
47.4
91.5
29.2
63.5
57.8
79.6
22.2
70.8
62.2
76.8
47.6
46.7
64.8
53.1
71.8
104.0
83.2
24.2
220.0
71.0
71.5
98.3
52.3
74.0
25.2
242.0
145.0
180.0
246.0
193.0
271.0
58.5
127.0
51.6
41.3
268.0
64.9
138.0
238.0
160.0
96.1
97.4
48.3
51.3
246.0
82.0
59.4
129.0
66.1
196.0
96.1
91.2
177.0
36.4
18.5
36.2
104.0
131.0
157.0
109.0
218.0
112.0
149.0
117.0
74.6
175.0
11.9
111.0
235.0
148.0
141.0
250.0
232.0
52.6
30.7
20.2
130.0
151.0
23.3
15.2
22.5
59.9
41.1
46.8
249.0
40.4
7.7
107.0
229.0
90.3
153.0
198.0
134.0
77.5
103.0
228.0
59.3
54.7
244.0
26.1
73.4
25.7
259.0
198.0
53.1
98.7
101.0
171.0
48.6
43.4
174.0
192.0
74.4
130.0
194.0
119.0
176.0
114.0
239.0
54.1
17.4
76.0
125.0
65.6
215.0
105.0
57.0
55.4
26.7
134.0
75.6
103.0
214.0
74.6
112.0
136.0
98.6
237.0
84.4
79.4
60.5
140.0
43.5
54.5
161.0
48.5
140.0
164.0
232.0
49.0
60.3
120.0
50.9
130.0
169.0
82.8
115.0
10.9
143.0
105.0
176.0
243.0
113.0
92.2
185.0
94.3
203.0
120.0
55.1
69.8
39.9
16.8
209.0
0.0
160.0
209.0
298.0
63.8
141.0
51.5
244.0
46.9
56.3
104.0
220.0
51.2
86.7
