157.0
120.0
175.0
107.0
19.9
105.0
179.0
34.9
150.0
260.0
131.0
97.0
123.0
84.1
97.2
65.7
134.0
60.3
148.0
116.0
226.0
50.3
76.6
131.0
22.7
107.0
131.0
159.0
92.6
88.2
165.0
141.0
98.3
52.4
102.0
131.0
195.0
110.0
169.0
89.5
145.0
249.0
155.0
21.9
153.0
36.2
125.0
97.2
134.0
126.0
139.0
130.0
174.0
103.0
51.9
253.0
130.0
137.0
115.0
65.1
69.0
18.7
253.0
135.0
93.1
169.0
89.8
132.0
73.2
77.8
108.0
161.0
172.0
130.0
70.9
238.0
151.0
84.0
116.0
139.0
64.6
136.0
181.0
163.0
41.4
10.6
261.0
38.5
140.0
244.0
108.0
69.6
179.0
137.0
172.0
149.0
216.0
111.0
119.0
130.0
99.0
110.0
170.0
85.0
164.0
89.2
184.0
67.2
74.2
20.7
59.3
99.3
77.1
122.0
167.0
35.2
165.0
171.0
8.9
125.0
164.0
167.0
37.8
112.0
247.0
54.1
163.0
109.0
104.0
158.0
84.8
147.0
81.5
30.5
107.0
24.1
91.2
92.5
61.7
95.6
167.0
53.9
176.0
183.0
160.0
104.0
108.0
154.0
81.5
69.0
88.5
105.0
46.8
126.0
89.9
125.0
115.0
17.0
135.0
8.4
111.0
147.0
147.0
140.0
174.0
129.0
156.0
189.0
95.7
174.0
217.0
179.0
113.0
115.0
139.0
107.0
147.0
95.1
173.0
152.0
159.0
69.6
154.0
99.4
67.9
110.0
93.3
143.0
128.0
11.1
74.6
95.9
43.4
121.0
151.0
273.0
107.0
119.0
118.0
171.0
41.2
88.3
51.0
188.0
184.0
118.0
117.0
113.0
150.0
122.0
38.3
149.0
46.0
86.1
79.1
95.8
133.0
166.0
132.0
236.0
50.2
62.2
256.0
67.9
67.0
12.2
71.4
158.0
36.0
174.0
129.0
85.0
54.3
64.3
99.7
82.2
121.0
182.0
171.0
95.7
298.0
146.0
145.0
143.0
143.0
137.0
139.0
98.6
177.0
160.0
190.0
116.0
182.0
76.1
47.9
59.8
160.0
184.0
78.0
204.0
147.0
94.1
174.0
130.0
138.0
110.0
84.5
110.0
110.0
78.5
45.2
152.0
127.0
23.4
42.5
92.4
47.4
34.3
58.9
14.1
90.9
89.0
142.0
142.0
108.0
41.9
106.0
65.1
73.2
150.0
143.0
146.0
66.2
140.0
235.0
64.1
166.0
120.0
282.0
147.0
87.4
83.7
87.5
143.0
23.2
134.0
118.0
25.8
180.0
26.3
74.6
81.6
120.0
109.0
75.1
110.0
277.0
58.7
166.0
81.5
158.0
31.5
174.0
19.9
93.0
244.0
81.1
35.0
123.0
53.4
75.1
118.0
167.0
128.0
151.0
59.5
160.0
0.0
58.9
148.0
141.0
90.3
136.0
93.6
140.0
136.0
68.5
70.6
120.0
233.0
