208.0
135.0
225.0
47.9
50.5
85.3
194.0
22.7
165.0
310.0
181.0
95.4
108.0
20.2
147.0
65.0
185.0
110.0
198.0
122.0
276.0
77.9
53.1
181.0
34.6
157.0
181.0
210.0
143.0
43.7
215.0
154.0
148.0
40.5
152.0
181.0
245.0
134.0
177.0
140.0
195.0
299.0
205.0
77.9
203.0
65.3
176.0
26.2
184.0
177.0
189.0
144.0
224.0
42.7
102.0
303.0
144.0
187.0
49.3
38.9
10.1
42.6
303.0
57.9
143.0
219.0
41.5
143.0
23.2
19.0
46.5
211.0
222.0
180.0
26.3
288.0
201.0
134.0
166.0
154.0
115.0
140.0
231.0
213.0
70.5
54.5
311.0
17.4
190.0
294.0
96.9
45.9
229.0
187.0
222.0
199.0
267.0
103.0
51.1
180.0
149.0
160.0
220.0
83.5
179.0
44.7
234.0
8.4
124.0
29.7
54.2
87.9
32.6
128.0
182.0
16.0
215.0
221.0
63.5
72.5
215.0
217.0
60.2
122.0
297.0
17.6
177.0
37.6
44.1
209.0
40.2
197.0
91.8
86.6
158.0
31.3
141.0
143.0
87.8
146.0
217.0
27.7
227.0
233.0
210.0
118.0
56.2
168.0
65.4
119.0
66.2
105.0
28.8
176.0
45.5
175.0
128.0
50.1
150.0
53.8
113.0
198.0
197.0
190.0
225.0
179.0
206.0
239.0
146.0
224.0
267.0
229.0
138.0
165.0
189.0
157.0
197.0
145.0
188.0
167.0
209.0
38.8
177.0
150.0
118.0
161.0
143.0
193.0
60.7
72.3
30.0
70.0
28.8
109.0
201.0
323.0
157.0
170.0
68.4
221.0
66.1
84.0
48.4
205.0
199.0
168.0
167.0
54.5
165.0
172.0
67.5
199.0
12.6
136.0
129.0
51.3
183.0
216.0
182.0
286.0
74.7
54.0
306.0
58.9
117.0
65.5
87.1
208.0
33.4
224.0
135.0
33.0
66.3
72.0
54.1
23.4
171.0
232.0
221.0
104.0
348.0
196.0
195.0
193.0
193.0
187.0
190.0
70.0
228.0
210.0
240.0
48.3
232.0
78.6
33.7
84.6
211.0
198.0
74.3
254.0
197.0
35.3
224.0
180.0
188.0
98.0
39.1
160.0
117.0
129.0
38.2
202.0
178.0
27.6
19.7
143.0
97.6
41.0
75.6
44.5
118.0
77.5
192.0
192.0
158.0
92.1
156.0
20.5
123.0
200.0
193.0
196.0
77.1
154.0
285.0
61.5
216.0
118.0
333.0
161.0
71.6
134.0
138.0
194.0
81.1
184.0
168.0
49.9
230.0
78.2
63.3
48.6
170.0
159.0
125.0
160.0
327.0
43.8
216.0
132.0
208.0
60.7
188.0
41.9
72.0
295.0
131.0
32.3
137.0
12.9
90.8
169.0
217.0
178.0
201.0
13.7
211.0
62.0
0.0
64.8
191.0
88.8
187.0
34.8
190.0
186.0
119.0
21.6
170.0
283.0
