296.0
181.0
314.0
17.4
144.0
66.8
240.0
86.2
211.0
399.0
207.0
142.0
154.0
55.0
236.0
111.0
274.0
199.0
287.0
168.0
365.0
129.0
54.5
195.0
98.1
246.0
207.0
299.0
178.0
79.4
244.0
200.0
237.0
77.8
169.0
270.0
334.0
180.0
224.0
173.0
284.0
388.0
294.0
167.0
292.0
177.0
265.0
47.9
209.0
212.0
278.0
190.0
313.0
39.1
191.0
392.0
190.0
276.0
25.8
68.0
61.7
136.0
392.0
12.4
170.0
308.0
58.9
189.0
65.8
47.7
37.1
240.0
311.0
269.0
73.8
377.0
290.0
223.0
255.0
200.0
204.0
186.0
320.0
302.0
196.0
148.0
400.0
80.9
279.0
383.0
75.6
92.0
259.0
217.0
311.0
288.0
356.0
149.0
22.9
269.0
238.0
249.0
309.0
130.0
225.0
80.5
264.0
55.1
213.0
93.2
91.8
72.8
68.3
175.0
228.0
79.5
304.0
251.0
157.0
23.9
304.0
306.0
132.0
168.0
386.0
81.1
224.0
40.0
51.9
298.0
42.6
286.0
153.0
176.0
247.0
94.8
230.0
232.0
134.0
176.0
306.0
74.5
239.0
322.0
299.0
164.0
25.4
214.0
51.2
208.0
44.7
152.0
91.7
199.0
70.7
195.0
174.0
143.0
196.0
143.0
159.0
238.0
226.0
230.0
254.0
268.0
246.0
328.0
235.0
313.0
356.0
318.0
184.0
254.0
211.0
246.0
226.0
234.0
234.0
213.0
298.0
57.4
223.0
238.0
207.0
250.0
232.0
282.0
24.3
161.0
80.1
67.8
80.0
90.1
244.0
412.0
246.0
259.0
15.0
310.0
142.0
80.1
110.0
251.0
245.0
257.0
256.0
9.1
211.0
261.0
179.0
222.0
76.0
225.0
218.0
87.1
272.0
305.0
271.0
375.0
140.0
100.0
395.0
71.1
206.0
154.0
152.0
237.0
106.0
313.0
181.0
49.2
118.0
118.0
34.2
40.2
260.0
321.0
310.0
150.0
437.0
285.0
284.0
282.0
223.0
276.0
279.0
50.0
317.0
299.0
269.0
37.0
236.0
122.0
80.5
148.0
240.0
244.0
78.2
343.0
235.0
28.2
313.0
269.0
277.0
85.2
57.8
249.0
163.0
218.0
101.0
291.0
211.0
91.0
86.9
231.0
187.0
101.0
198.0
138.0
164.0
63.1
222.0
281.0
184.0
181.0
191.0
83.4
212.0
240.0
282.0
285.0
123.0
200.0
374.0
86.5
229.0
164.0
422.0
208.0
59.3
223.0
227.0
223.0
170.0
273.0
204.0
113.0
319.0
167.0
99.1
50.5
208.0
199.0
214.0
249.0
416.0
94.0
246.0
161.0
297.0
172.0
235.0
132.0
56.3
384.0
220.0
120.0
183.0
77.0
137.0
206.0
306.0
267.0
290.0
83.2
299.0
151.0
63.5
0.0
218.0
135.0
212.0
35.4
279.0
216.0
208.0
52.7
259.0
372.0
