59.8
36.1
114.0
216.0
162.0
236.0
51.0
149.0
15.6
185.0
22.3
90.3
76.7
182.0
55.1
111.0
84.4
86.2
56.1
53.5
138.0
113.0
207.0
14.5
145.0
80.8
30.1
90.5
66.4
147.0
35.1
10.9
89.2
183.0
60.4
27.1
119.0
54.6
39.9
71.5
45.8
161.0
76.9
115.0
71.2
119.0
31.9
174.0
7.4
24.6
57.4
20.1
103.0
179.0
96.0
166.0
32.9
28.1
218.0
196.0
200.0
153.0
178.0
212.0
67.6
69.1
166.0
25.9
172.0
209.0
239.0
31.1
128.0
48.6
150.0
150.0
97.9
100.0
44.1
29.8
104.0
46.3
81.0
77.6
109.0
153.0
173.0
169.0
71.2
169.0
239.0
127.0
49.5
23.5
129.0
109.0
141.0
74.7
195.0
68.8
45.3
84.1
108.0
90.8
29.9
144.0
54.4
198.0
79.2
153.0
190.0
230.0
149.0
54.0
39.1
180.0
81.5
41.6
144.0
255.0
64.9
67.1
128.0
55.9
159.0
185.0
34.4
185.0
181.0
58.8
215.0
54.1
91.2
114.0
57.2
155.0
74.7
66.7
96.0
65.1
67.3
185.0
46.9
83.6
98.8
67.4
239.0
25.3
212.0
94.9
219.0
68.2
143.0
17.6
159.0
24.9
46.2
161.0
17.0
142.0
72.0
28.5
17.1
19.9
44.9
74.7
36.6
121.0
60.4
74.3
130.0
133.0
36.8
54.4
18.1
64.8
16.5
78.2
44.6
23.3
91.4
200.0
17.2
73.5
79.1
59.1
88.6
40.6
205.0
126.0
143.0
227.0
174.0
251.0
34.4
185.0
47.5
38.0
249.0
126.0
117.0
219.0
124.0
58.1
55.7
36.1
72.0
209.0
22.1
88.9
110.0
9.6
177.0
74.4
76.9
140.0
83.5
66.2
50.4
160.0
107.0
120.0
168.0
199.0
92.9
130.0
102.0
28.0
138.0
74.6
55.8
216.0
111.0
104.0
230.0
194.0
82.7
89.5
92.7
89.8
210.0
40.9
52.5
87.4
7.4
102.0
27.2
229.0
110.0
60.4
60.1
192.0
52.3
116.0
179.0
97.8
30.9
55.2
209.0
118.0
25.2
204.0
74.3
112.0
61.7
240.0
161.0
50.4
61.8
82.2
134.0
110.0
22.9
155.0
173.0
55.2
111.0
174.0
99.9
156.0
76.8
220.0
12.1
60.8
43.5
106.0
39.3
152.0
87.4
30.6
110.0
92.7
96.6
9.4
159.0
195.0
36.6
66.8
195.0
43.6
218.0
70.2
83.5
13.9
121.0
64.3
27.0
142.0
119.0
120.0
127.0
212.0
31.3
34.1
101.0
36.0
189.0
132.0
36.2
86.7
79.4
124.0
45.5
157.0
224.0
169.0
63.9
166.0
38.9
184.0
82.8
28.9
124.0
46.6
51.2
159.0
63.2
140.0
190.0
218.0
0.0
104.0
14.3
224.0
33.7
8.7
90.2
201.0
72.9
145.0
