47.8
32.4
102.0
209.0
158.0
232.0
63.6
142.0
28.1
173.0
5.9
83.6
80.0
176.0
51.7
104.0
76.2
82.7
47.4
51.2
126.0
106.0
204.0
16.1
141.0
77.4
8.7
86.3
60.1
140.0
34.3
21.9
85.8
180.0
54.1
15.1
107.0
38.2
39.1
65.1
33.8
149.0
72.7
112.0
60.2
116.0
19.9
167.0
9.3
12.7
45.9
23.9
91.0
172.0
92.5
154.0
32.1
16.2
211.0
192.0
196.0
150.0
166.0
205.0
61.3
57.2
160.0
25.0
166.0
205.0
235.0
30.3
109.0
46.9
144.0
139.0
93.7
96.7
40.6
42.3
100.0
45.8
69.1
65.6
105.0
149.0
161.0
166.0
59.2
157.0
236.0
120.0
48.8
11.6
118.0
97.0
129.0
67.9
189.0
60.6
41.9
80.2
89.3
84.0
47.5
137.0
53.6
194.0
75.7
149.0
187.0
227.0
142.0
51.1
53.0
176.0
74.6
40.8
140.0
252.0
52.9
55.1
121.0
49.1
147.0
181.0
47.0
178.0
174.0
46.9
212.0
42.1
84.4
111.0
53.7
151.0
71.3
63.2
89.3
58.7
55.3
181.0
46.1
71.7
80.1
61.0
235.0
37.8
209.0
91.4
216.0
61.5
136.0
8.7
152.0
20.9
42.1
158.0
31.5
138.0
65.3
27.8
16.3
7.9
44.1
66.5
35.8
110.0
56.9
62.4
118.0
122.0
33.1
51.0
5.3
61.3
8.9
74.8
57.1
35.8
79.4
197.0
23.6
70.1
75.6
55.6
85.2
28.6
198.0
123.0
136.0
223.0
171.0
248.0
33.6
173.0
44.1
34.5
245.0
115.0
110.0
216.0
117.0
57.3
58.6
30.0
63.8
202.0
34.6
80.7
106.0
18.7
173.0
64.4
73.5
133.0
75.3
54.3
48.8
148.0
101.0
113.0
156.0
195.0
89.5
126.0
92.0
27.2
132.0
62.6
55.3
212.0
105.0
97.6
227.0
188.0
74.5
77.5
80.8
83.1
198.0
29.0
40.6
76.4
12.6
88.4
15.2
226.0
106.0
48.5
59.3
186.0
51.5
109.0
175.0
91.0
30.1
63.8
205.0
106.0
13.0
197.0
62.4
103.0
53.5
237.0
154.0
47.0
55.0
69.0
127.0
98.8
10.9
152.0
170.0
51.8
108.0
171.0
96.5
153.0
70.0
216.0
5.0
46.6
39.8
102.0
35.0
145.0
84.0
29.8
97.9
74.0
89.9
28.2
147.0
191.0
35.8
63.9
183.0
43.1
215.0
66.8
80.0
13.1
118.0
56.1
14.2
138.0
108.0
117.0
120.0
209.0
11.9
30.6
97.5
32.6
177.0
126.0
35.4
79.5
68.4
120.0
58.0
153.0
220.0
157.0
60.5
162.0
38.8
181.0
76.0
25.4
120.0
43.2
39.2
152.0
51.2
137.0
186.0
211.0
16.5
97.2
0.0
221.0
21.0
3.7
81.6
198.0
64.7
134.0
