139.0
67.1
168.0
132.0
102.0
181.0
126.0
65.1
96.9
253.0
92.8
13.9
24.1
98.3
85.9
23.8
127.0
82.3
130.0
54.3
219.0
32.7
128.0
81.7
67.6
99.1
92.8
152.0
63.8
58.2
131.0
86.5
114.0
128.0
55.2
114.0
187.0
66.2
110.0
59.6
127.0
243.0
147.0
72.1
135.0
58.6
107.0
89.5
95.4
98.0
121.0
76.7
166.0
95.0
70.3
247.0
76.6
120.0
134.0
114.0
98.3
92.2
246.0
127.0
56.1
151.0
82.1
75.1
88.3
112.0
138.0
127.0
183.0
112.0
66.3
232.0
143.0
102.0
107.0
85.9
102.0
54.4
162.0
148.0
58.5
97.4
255.0
86.7
132.0
237.0
184.0
42.4
145.0
104.0
188.0
164.0
209.0
25.6
111.0
123.0
88.7
102.0
163.0
16.4
111.0
59.5
150.0
107.0
89.9
76.2
135.0
175.0
64.9
46.8
114.0
71.7
157.0
137.0
96.3
157.0
146.0
149.0
46.2
54.6
241.0
79.7
110.0
101.0
96.4
140.0
136.0
129.0
46.6
77.6
99.9
87.7
93.0
85.0
27.5
62.2
149.0
103.0
125.0
165.0
152.0
50.1
142.0
101.0
157.0
56.3
164.0
37.9
58.5
85.3
74.4
80.9
60.0
102.0
82.3
86.4
34.1
124.0
113.0
116.0
140.0
122.0
132.0
181.0
70.9
156.0
211.0
186.0
70.6
107.0
97.1
99.0
113.0
96.5
120.0
99.3
151.0
119.0
110.0
91.8
83.5
103.0
109.0
125.0
121.0
78.6
59.0
172.0
109.0
197.0
130.0
267.0
100.0
101.0
148.0
187.0
46.0
164.0
39.4
137.0
131.0
99.5
109.0
125.0
97.4
118.0
51.9
108.0
77.6
85.0
94.6
49.4
126.0
148.0
114.0
228.0
43.0
35.7
249.0
144.0
91.7
72.9
47.9
124.0
54.3
156.0
45.1
130.0
29.6
19.8
146.0
110.0
113.0
171.0
163.0
35.9
292.0
128.0
127.0
135.0
109.0
142.0
122.0
175.0
170.0
142.0
156.0
108.0
122.0
13.8
124.0
41.5
126.0
131.0
154.0
196.0
121.0
120.0
156.0
146.0
125.0
185.0
76.8
103.0
49.3
77.4
50.1
168.0
97.7
81.4
90.6
79.7
78.6
120.0
57.4
97.3
50.7
165.0
108.0
124.0
70.0
74.8
77.2
67.7
88.8
126.0
159.0
138.0
16.8
86.6
227.0
140.0
115.0
34.0
276.0
59.9
163.0
88.5
103.0
109.0
79.1
128.0
90.3
57.5
172.0
61.0
30.9
144.0
94.0
85.7
99.7
99.4
271.0
48.3
132.0
47.4
143.0
55.6
121.0
97.6
169.0
237.0
79.0
111.0
69.7
91.2
22.4
92.3
182.0
110.0
133.0
74.5
142.0
90.3
88.2
133.0
104.0
0.0
98.2
126.0
122.0
102.0
73.7
110.0
112.0
227.0
