242.0
173.0
260.0
19.7
85.2
50.5
232.0
57.4
203.0
345.0
216.0
134.0
146.0
31.2
182.0
103.0
219.0
145.0
233.0
160.0
310.0
122.0
29.4
188.0
69.3
192.0
216.0
244.0
178.0
71.7
249.0
193.0
183.0
51.9
161.0
216.0
280.0
172.0
216.0
174.0
230.0
334.0
240.0
113.0
238.0
100.0
210.0
37.2
219.0
211.0
224.0
183.0
259.0
33.6
137.0
338.0
183.0
222.0
14.6
38.9
26.4
77.3
338.0
29.8
162.0
254.0
52.5
181.0
41.9
15.9
11.8
246.0
257.0
215.0
54.9
323.0
236.0
169.0
200.0
192.0
149.0
178.0
266.0
248.0
105.0
89.3
346.0
53.0
225.0
329.0
62.2
84.3
264.0
222.0
257.0
234.0
301.0
141.0
28.4
215.0
184.0
195.0
255.0
122.0
217.0
72.8
269.0
26.4
159.0
64.5
65.6
53.1
60.6
167.0
220.0
50.7
250.0
256.0
98.2
37.7
249.0
252.0
94.9
161.0
332.0
52.4
216.0
27.8
46.4
243.0
14.9
232.0
127.0
121.0
192.0
66.0
176.0
177.0
126.0
181.0
252.0
39.1
261.0
268.0
244.0
156.0
21.4
207.0
37.9
154.0
31.5
144.0
63.6
211.0
64.3
187.0
166.0
84.8
188.0
88.6
151.0
232.0
232.0
225.0
259.0
214.0
241.0
274.0
181.0
259.0
302.0
264.0
177.0
200.0
224.0
191.0
231.0
180.0
226.0
205.0
244.0
29.7
216.0
184.0
153.0
195.0
178.0
228.0
32.0
107.0
64.7
54.6
44.6
74.5
236.0
358.0
192.0
204.0
33.7
256.0
101.0
66.9
83.2
243.0
237.0
203.0
202.0
26.4
203.0
206.0
102.0
234.0
47.3
171.0
164.0
79.4
218.0
251.0
217.0
320.0
109.0
92.4
340.0
48.3
152.0
100.0
122.0
242.0
68.2
259.0
174.0
15.5
110.0
110.0
19.3
16.4
205.0
267.0
256.0
142.0
383.0
231.0
230.0
228.0
228.0
222.0
224.0
35.3
262.0
245.0
275.0
40.5
228.0
114.0
45.1
119.0
245.0
237.0
63.7
289.0
232.0
9.0
259.0
215.0
222.0
63.3
50.1
195.0
155.0
163.0
72.9
237.0
212.0
62.3
51.5
177.0
132.0
65.2
110.0
79.3
157.0
42.7
227.0
227.0
193.0
127.0
191.0
55.2
158.0
235.0
228.0
231.0
116.0
193.0
320.0
63.2
251.0
157.0
367.0
200.0
46.1
169.0
172.0
228.0
116.0
219.0
203.0
84.6
265.0
113.0
91.3
25.0
205.0
194.0
160.0
195.0
362.0
78.5
251.0
166.0
243.0
95.4
227.0
76.7
37.3
329.0
166.0
56.1
176.0
41.6
129.0
203.0
252.0
213.0
236.0
48.5
245.0
96.7
34.8
36.7
210.0
127.0
221.0
0.0
224.0
221.0
153.0
17.4
205.0
318.0
