43.8
48.1
97.6
237.0
161.0
235.0
61.6
160.0
45.9
169.0
20.9
99.3
98.7
214.0
54.6
120.0
72.2
85.6
43.4
78.3
122.0
119.0
207.0
41.0
144.0
80.3
23.4
82.4
76.5
156.0
35.1
46.8
88.7
183.0
79.3
9.7
103.0
53.9
37.3
81.5
29.8
146.0
68.8
115.0
56.3
119.0
16.6
183.0
34.2
14.2
41.9
48.7
87.0
188.0
95.5
150.0
57.0
6.1
245.0
195.0
199.0
153.0
162.0
221.0
84.2
53.2
175.0
40.7
203.0
208.0
238.0
30.9
113.0
42.9
201.0
135.0
82.0
99.6
44.8
60.1
103.0
70.7
65.1
51.8
108.0
152.0
157.0
169.0
63.0
153.0
239.0
135.0
49.6
10.2
106.0
93.1
125.0
83.6
204.0
56.6
44.8
76.2
85.4
99.7
45.7
153.0
54.5
197.0
78.6
152.0
189.0
229.0
158.0
76.0
51.2
179.0
70.6
41.6
143.0
255.0
48.9
51.2
125.0
64.8
143.0
184.0
64.7
194.0
189.0
42.9
215.0
38.2
100.0
114.0
56.7
154.0
74.2
66.2
105.0
73.6
51.4
184.0
44.3
67.7
76.1
86.3
238.0
55.6
212.0
94.3
219.0
77.2
152.0
41.2
167.0
43.9
70.9
161.0
56.4
141.0
80.9
13.6
23.7
12.9
45.0
62.5
22.2
113.0
59.9
58.4
114.0
110.0
48.8
55.1
17.1
80.2
16.3
77.7
74.8
53.6
75.4
200.0
29.9
73.0
78.5
59.8
99.1
24.6
214.0
126.0
152.0
226.0
174.0
251.0
17.3
169.0
47.0
38.7
248.0
103.0
119.0
218.0
132.0
55.5
56.8
25.8
59.9
218.0
52.3
76.8
109.0
36.5
176.0
67.3
76.4
149.0
71.3
50.3
44.8
144.0
112.0
129.0
152.0
198.0
92.4
129.0
97.1
28.1
157.0
58.6
80.1
215.0
120.0
113.0
230.0
212.0
70.5
73.6
76.8
105.0
194.0
25.0
36.6
64.7
30.3
89.7
6.3
229.0
102.0
44.5
60.2
201.0
49.7
125.0
178.0
109.0
22.5
62.0
208.0
102.0
14.1
224.0
58.4
99.4
49.5
240.0
170.0
49.9
70.7
71.9
143.0
94.9
13.8
155.0
173.0
54.7
110.0
174.0
99.4
156.0
93.5
219.0
24.4
42.7
55.5
105.0
48.1
195.0
86.9
15.8
93.9
77.7
106.0
45.9
143.0
194.0
34.0
88.8
179.0
67.9
218.0
69.7
83.0
30.9
121.0
52.1
27.4
141.0
104.0
120.0
136.0
212.0
23.7
42.9
100.0
35.7
173.0
141.0
36.3
90.0
56.7
123.0
57.1
156.0
223.0
153.0
63.4
165.0
63.6
184.0
91.7
37.7
108.0
47.4
35.3
190.0
47.2
140.0
189.0
278.0
34.2
113.0
21.8
224.0
0.0
26.7
84.5
201.0
60.7
130.0
