52.5
31.6
106.0
213.0
157.0
231.0
61.1
146.0
26.2
177.0
8.7
87.1
70.7
179.0
50.6
108.0
79.9
81.7
52.1
50.3
131.0
109.0
203.0
13.0
140.0
76.4
11.5
83.3
63.2
144.0
32.0
18.8
84.7
179.0
57.2
19.8
112.0
37.4
36.8
68.2
38.5
154.0
69.7
111.0
66.8
115.0
24.6
170.0
5.0
17.4
52.9
20.7
95.7
176.0
91.5
158.0
29.0
20.9
215.0
191.0
195.0
149.0
171.0
208.0
64.4
61.9
163.0
21.4
169.0
204.0
234.0
28.0
114.0
44.1
147.0
143.0
100.0
95.7
39.6
32.0
99.2
42.7
73.8
70.3
104.0
148.0
166.0
165.0
73.5
162.0
235.0
123.0
46.5
16.3
124.0
102.0
134.0
71.5
192.0
64.3
40.9
79.6
94.0
87.5
45.2
140.0
51.3
193.0
74.7
148.0
185.0
226.0
146.0
48.0
50.7
175.0
79.3
38.5
139.0
251.0
57.6
59.8
125.0
52.6
152.0
180.0
45.0
182.0
177.0
51.6
211.0
46.9
87.9
110.0
52.7
150.0
70.3
62.2
92.8
61.8
60.0
180.0
43.8
76.4
94.3
64.2
234.0
35.9
208.0
90.4
215.0
65.0
139.0
8.1
155.0
20.4
43.0
157.0
28.4
137.0
68.8
25.5
14.1
12.7
41.9
70.2
33.5
114.0
55.9
67.1
122.0
119.0
32.3
49.9
10.8
60.3
9.3
73.8
55.2
33.9
93.7
196.0
21.3
69.1
74.6
54.6
84.1
33.3
202.0
122.0
140.0
222.0
170.0
247.0
31.3
178.0
43.0
33.5
244.0
122.0
114.0
214.0
120.0
55.1
56.3
31.6
67.6
206.0
32.6
84.5
105.0
16.4
172.0
63.4
72.5
137.0
79.0
59.0
46.0
153.0
104.0
117.0
161.0
194.0
88.4
125.0
98.5
24.9
135.0
67.3
52.1
211.0
108.0
101.0
226.0
191.0
78.2
82.3
85.5
86.6
203.0
33.7
45.3
73.4
10.3
97.4
19.9
225.0
103.0
53.2
57.0
189.0
49.2
113.0
174.0
94.6
27.8
61.6
204.0
111.0
22.2
200.0
67.1
107.0
57.2
236.0
158.0
46.0
58.5
68.0
131.0
95.8
15.6
151.0
169.0
50.7
107.0
170.0
95.5
152.0
73.5
215.0
4.7
56.3
39.0
101.0
34.8
149.0
82.9
27.5
112.0
78.7
93.4
26.2
152.0
190.0
33.6
60.8
188.0
39.9
214.0
65.8
79.0
10.8
117.0
59.8
22.5
137.0
105.0
116.0
124.0
208.0
14.7
29.6
96.5
31.6
182.0
129.0
33.2
83.5
65.3
119.0
56.7
152.0
219.0
162.0
59.5
161.0
35.6
180.0
79.5
24.4
117.0
42.2
44.0
155.0
55.9
136.0
185.0
214.0
8.6
101.0
3.4
220.0
26.5
0.0
80.6
197.0
68.4
138.0
