102.0
53.2
119.0
168.0
92.1
166.0
112.0
91.0
82.6
205.0
75.4
59.5
55.9
145.0
41.6
80.1
69.6
10.7
92.0
48.2
170.0
35.1
138.0
67.8
75.1
51.1
75.4
104.0
25.3
116.0
109.0
72.1
40.9
114.0
34.2
75.7
139.0
42.7
95.5
22.2
89.7
194.0
99.2
45.7
97.2
28.6
69.9
158.0
78.6
70.8
83.3
62.4
118.0
164.0
24.4
198.0
62.3
81.3
176.0
126.0
130.0
83.8
198.0
196.0
25.8
113.0
151.0
61.2
134.0
139.0
169.0
105.0
114.0
74.6
132.0
183.0
89.9
28.5
59.9
71.6
30.8
68.3
125.0
107.0
22.9
83.2
205.0
99.6
84.1
189.0
170.0
95.7
123.0
81.5
115.0
91.4
161.0
43.8
180.0
74.5
43.4
54.4
115.0
59.9
96.7
113.0
128.0
128.0
13.0
82.9
120.0
160.0
118.0
54.6
100.0
110.0
109.0
116.0
74.1
186.0
109.0
111.0
40.5
44.7
191.0
115.0
95.5
170.0
165.0
103.0
146.0
91.4
12.7
44.7
51.9
85.2
40.8
37.0
31.7
28.3
111.0
115.0
121.0
128.0
104.0
36.9
169.0
86.3
143.0
10.0
150.0
37.4
83.7
70.7
128.0
67.1
47.7
91.7
68.0
72.3
43.4
91.9
91.1
84.4
119.0
73.6
101.0
133.0
29.8
118.0
162.0
122.0
45.5
59.3
83.7
51.0
91.0
37.7
106.0
85.0
103.0
131.0
95.3
43.8
10.5
54.9
35.8
87.6
190.0
56.7
112.0
157.0
104.0
182.0
95.6
217.0
51.4
63.9
179.0
114.0
30.8
149.0
64.5
123.0
117.0
62.0
61.4
174.0
83.1
64.1
30.6
93.4
107.0
18.8
21.7
109.0
77.5
110.0
76.4
180.0
27.2
89.0
200.0
129.0
20.1
60.0
12.8
102.0
88.4
119.0
61.6
146.0
46.9
73.5
161.0
143.0
65.0
126.0
115.0
28.4
242.0
90.3
89.3
87.1
87.3
79.4
83.9
160.0
122.0
104.0
134.0
177.0
108.0
85.0
109.0
20.0
105.0
116.0
139.0
148.0
91.7
155.0
118.0
72.7
82.0
171.0
146.0
54.3
43.2
11.2
75.2
94.7
71.9
85.6
104.0
25.8
33.9
105.0
17.8
86.9
23.6
150.0
86.5
86.7
40.6
36.0
41.1
126.0
15.8
94.1
85.9
90.0
42.4
72.3
179.0
125.0
101.0
52.6
227.0
79.5
148.0
26.8
30.0
87.8
51.6
78.7
62.3
49.4
124.0
50.8
96.3
143.0
64.2
53.2
28.1
54.6
221.0
72.5
110.0
14.2
102.0
32.7
107.0
87.2
154.0
189.0
17.1
96.1
55.4
115.0
38.0
62.9
109.0
72.6
95.2
121.0
105.0
70.7
120.0
209.0
89.9
73.1
80.8
155.0
84.0
80.4
0.0
132.0
64.3
178.0
