219.0
182.0
237.0
37.1
53.6
67.9
241.0
44.2
211.0
322.0
193.0
117.0
129.0
29.2
159.0
86.5
196.0
122.0
209.0
144.0
287.0
99.5
34.5
192.0
56.2
168.0
193.0
221.0
154.0
65.2
226.0
202.0
160.0
34.6
163.0
193.0
256.0
172.0
231.0
151.0
207.0
311.0
216.0
89.3
214.0
99.4
187.0
35.2
196.0
188.0
200.0
191.0
235.0
35.3
113.0
315.0
191.0
198.0
31.9
33.0
11.5
53.5
315.0
47.1
155.0
230.0
50.5
194.0
40.0
10.3
29.1
222.0
233.0
192.0
47.9
300.0
212.0
146.0
177.0
200.0
126.0
197.0
242.0
224.0
118.0
65.5
323.0
35.7
201.0
306.0
75.2
67.4
241.0
199.0
234.0
210.0
278.0
125.0
39.9
192.0
161.0
171.0
232.0
105.0
226.0
66.3
245.0
17.5
136.0
51.3
48.2
66.2
54.2
150.0
229.0
37.6
227.0
233.0
74.4
55.1
226.0
228.0
81.8
144.0
309.0
39.2
224.0
31.9
53.2
220.0
21.6
209.0
143.0
98.0
169.0
46.1
153.0
154.0
109.0
157.0
228.0
21.7
238.0
245.0
221.0
166.0
38.8
215.0
51.0
131.0
44.5
127.0
50.4
188.0
62.4
186.0
149.0
61.0
197.0
65.2
135.0
209.0
208.0
202.0
236.0
191.0
218.0
251.0
157.0
235.0
279.0
241.0
174.0
176.0
201.0
168.0
208.0
157.0
234.0
214.0
220.0
20.3
215.0
161.0
129.0
172.0
155.0
205.0
49.3
83.6
51.5
64.0
27.2
87.6
213.0
335.0
168.0
181.0
51.0
233.0
87.6
78.0
70.0
249.0
246.0
179.0
178.0
43.7
212.0
183.0
102.0
211.0
34.1
148.0
141.0
72.9
195.0
227.0
193.0
297.0
96.2
75.6
317.0
53.0
129.0
76.9
133.0
219.0
55.0
236.0
157.0
14.4
87.8
93.5
36.7
18.9
182.0
243.0
232.0
125.0
359.0
207.0
206.0
204.0
204.0
198.0
201.0
52.6
239.0
222.0
251.0
46.6
243.0
100.0
27.7
106.0
222.0
245.0
68.4
265.0
209.0
26.4
235.0
192.0
199.0
76.4
48.2
171.0
138.0
140.0
59.7
214.0
189.0
49.1
34.1
154.0
109.0
47.9
120.0
55.5
152.0
55.8
204.0
204.0
169.0
103.0
168.0
42.1
135.0
211.0
205.0
207.0
98.7
201.0
296.0
55.2
228.0
140.0
344.0
208.0
57.2
145.0
149.0
205.0
92.4
196.0
179.0
71.4
241.0
89.6
84.9
30.0
181.0
170.0
137.0
172.0
338.0
65.4
227.0
143.0
219.0
94.8
235.0
50.2
54.6
306.0
143.0
38.7
184.0
27.1
112.0
180.0
228.0
190.0
212.0
35.3
222.0
73.3
21.6
54.1
203.0
110.0
198.0
17.4
201.0
198.0
130.0
0.0
181.0
295.0
