49.8
76.7
60.8
218.0
142.0
216.0
136.0
141.0
89.0
146.0
63.8
98.3
94.8
195.0
38.0
119.0
15.1
66.8
40.0
80.3
111.0
105.0
188.0
63.6
125.0
17.5
63.8
45.1
54.8
155.0
97.4
73.6
21.7
164.0
57.7
52.1
80.4
66.2
102.0
59.9
37.7
135.0
40.5
95.9
50.6
100.0
50.5
209.0
67.0
58.8
22.3
85.9
59.4
214.0
76.6
139.0
85.8
57.8
227.0
176.0
180.0
134.0
139.0
246.0
62.6
61.1
201.0
64.8
185.0
189.0
219.0
93.4
75.9
30.5
182.0
124.0
36.4
42.7
24.1
95.1
84.3
91.8
73.0
48.5
89.2
133.0
147.0
150.0
25.4
130.0
220.0
135.0
112.0
58.0
76.6
63.6
102.0
82.7
230.0
8.2
28.8
6.9
55.9
98.8
111.0
152.0
117.0
179.0
46.6
133.0
171.0
211.0
157.0
84.2
124.0
160.0
50.7
104.0
124.0
236.0
56.8
54.5
110.0
68.2
133.0
165.0
119.0
220.0
215.0
50.8
196.0
39.4
78.4
94.9
21.5
135.0
26.1
31.5
97.4
52.0
59.2
165.0
109.0
69.0
45.3
64.7
219.0
110.0
193.0
75.5
200.0
74.7
151.0
59.1
167.0
57.5
71.2
142.0
91.5
123.0
80.6
68.3
79.5
60.9
107.0
12.8
77.0
74.7
47.8
66.3
103.0
79.1
69.0
15.9
60.2
13.0
66.6
25.2
129.0
108.0
44.6
181.0
86.7
24.9
59.7
14.5
25.3
35.6
240.0
107.0
151.0
207.0
155.0
232.0
72.0
159.0
27.7
37.4
229.0
74.0
102.0
200.0
131.0
120.0
122.0
44.4
7.6
225.0
107.0
14.0
90.2
81.9
157.0
49.5
44.6
148.0
18.8
58.2
18.2
121.0
96.8
128.0
141.0
179.0
73.6
110.0
83.4
90.3
139.0
66.5
91.7
196.0
119.0
112.0
211.0
194.0
8.3
67.5
56.6
83.1
183.0
38.3
37.2
28.4
75.7
35.0
60.3
210.0
63.2
52.4
122.0
227.0
115.0
124.0
159.0
87.1
93.2
127.0
189.0
89.4
68.2
205.0
66.3
47.4
16.3
221.0
196.0
22.8
84.2
54.1
142.0
57.6
56.9
136.0
154.0
44.4
91.7
155.0
80.6
137.0
71.9
200.0
67.6
22.7
64.1
86.2
60.0
176.0
68.1
70.5
60.5
31.3
105.0
95.8
120.0
175.0
99.0
97.0
168.0
103.0
199.0
37.9
32.9
76.3
102.0
11.1
50.7
122.0
65.5
101.0
135.0
193.0
54.5
62.5
81.6
29.6
162.0
140.0
98.6
68.4
43.5
104.0
130.0
137.0
204.0
130.0
45.6
146.0
78.8
165.0
90.8
51.3
78.8
19.9
43.2
171.0
51.6
121.0
170.0
259.0
74.1
112.0
65.0
205.0
60.4
68.8
65.7
182.0
0.0
119.0
