94.6
162.0
79.5
332.0
256.0
330.0
193.0
255.0
157.0
107.0
133.0
213.0
209.0
309.0
152.0
234.0
113.0
181.0
110.0
180.0
6.3
218.0
302.0
153.0
239.0
131.0
134.0
103.0
169.0
269.0
164.0
163.0
138.0
278.0
171.0
121.0
41.6
168.0
160.0
174.0
101.0
14.5
90.7
210.0
106.0
214.0
122.0
296.0
146.0
127.0
119.0
161.0
69.1
302.0
190.0
25.2
173.0
126.0
340.0
290.0
294.0
248.0
100.0
334.0
176.0
96.2
289.0
154.0
298.0
303.0
333.0
160.0
90.2
120.0
296.0
5.1
110.0
166.0
130.0
172.0
198.0
187.0
72.0
86.6
203.0
247.0
33.0
264.0
104.0
91.3
333.0
249.0
178.0
127.0
82.8
102.0
44.8
197.0
318.0
116.0
150.0
125.0
87.1
213.0
168.0
266.0
183.0
292.0
160.0
247.0
284.0
324.0
272.0
185.0
174.0
274.0
76.5
170.0
238.0
350.0
85.3
81.9
224.0
182.0
19.0
279.0
176.0
308.0
303.0
98.4
310.0
106.0
192.0
209.0
144.0
249.0
140.0
145.0
211.0
166.0
110.0
279.0
167.0
64.3
81.7
178.0
333.0
167.0
307.0
189.0
314.0
191.0
265.0
149.0
281.0
147.0
171.0
256.0
173.0
236.0
195.0
137.0
146.0
129.0
174.0
111.0
145.0
70.4
162.0
75.3
30.0
74.8
162.0
133.0
129.0
132.0
135.0
139.0
186.0
165.0
80.9
295.0
153.0
139.0
173.0
132.0
141.0
113.0
327.0
221.0
266.0
321.0
268.0
346.0
141.0
54.5
137.0
127.0
343.0
85.0
215.0
313.0
246.0
178.0
179.0
134.0
125.0
338.0
164.0
127.0
204.0
148.0
271.0
163.0
158.0
263.0
104.0
85.6
122.0
82.6
211.0
242.0
27.4
293.0
187.0
224.0
197.0
157.0
252.0
77.1
196.0
310.0
234.0
227.0
325.0
307.0
120.0
59.4
74.1
197.0
69.6
105.0
108.0
93.4
142.0
107.0
129.0
324.0
73.6
92.7
189.0
315.0
172.0
238.0
273.0
201.0
159.0
185.0
303.0
29.5
137.0
319.0
91.0
122.0
123.0
335.0
284.0
139.0
184.0
168.0
257.0
112.0
125.0
250.0
268.0
158.0
205.0
269.0
194.0
251.0
186.0
314.0
136.0
112.0
178.0
200.0
151.0
290.0
172.0
139.0
110.0
92.1
219.0
158.0
81.7
289.0
157.0
198.0
54.4
184.0
312.0
152.0
147.0
142.0
216.0
129.0
140.0
236.0
52.3
215.0
250.0
307.0
131.0
146.0
195.0
136.0
48.7
255.0
165.0
182.0
98.7
218.0
187.0
251.0
318.0
91.5
159.0
260.0
180.0
279.0
205.0
141.0
109.0
125.0
99.7
285.0
87.0
235.0
284.0
373.0
146.0
227.0
133.0
319.0
129.0
138.0
179.0
296.0
118.0
0.0
